# [Fe/H]	[Fe/H]_err	[O/Fe]	[O/Fe]_err	Age [Gyr]	Age_err
-1.21163e+00	1.00000e-01	2.73936e-02	1.00000e-01	9.65813e+00	1.00000e+00
-9.95290e-01	1.00000e-01	1.53659e-01	1.00000e-01	6.87732e+00	1.00000e+00
-1.11374e+00	1.00000e-01	-1.12893e-02	1.00000e-01	7.45816e+00	1.00000e+00
-1.19217e+00	1.00000e-01	2.62322e-01	1.00000e-01	9.17110e+00	1.00000e+00
-1.05534e+00	1.00000e-01	3.12427e-01	1.00000e-01	7.90135e+00	1.00000e+00
-1.16489e+00	1.00000e-01	2.07978e-01	1.00000e-01	7.88629e+00	1.00000e+00
-1.36784e+00	1.00000e-01	2.56830e-01	1.00000e-01	9.26452e+00	1.00000e+00
-8.66618e-01	1.00000e-01	-5.25284e-02	1.00000e-01	4.43235e+00	1.00000e+00
-8.70197e-01	1.00000e-01	-9.77416e-02	1.00000e-01	3.00089e+00	1.00000e+00
-1.25936e+00	1.00000e-01	4.17717e-01	1.00000e-01	9.32450e+00	1.00000e+00
-9.25251e-01	1.00000e-01	6.65192e-02	1.00000e-01	8.00999e+00	1.00000e+00
-9.53197e-01	1.00000e-01	2.75425e-01	1.00000e-01	8.67222e+00	1.00000e+00
-1.30980e+00	1.00000e-01	1.78329e-01	1.00000e-01	7.78989e+00	1.00000e+00
-8.13196e-01	1.00000e-01	1.14941e-02	1.00000e-01	1.81032e+00	1.00000e+00
-1.81505e+00	1.00000e-01	4.40782e-01	1.00000e-01	9.14315e+00	1.00000e+00
-1.83742e+00	1.00000e-01	4.87321e-01	1.00000e-01	9.82687e+00	1.00000e+00
-2.16758e+00	1.00000e-01	4.80797e-01	1.00000e-01	1.06416e+01	1.00000e+00
-9.30930e-01	1.00000e-01	1.03127e-01	1.00000e-01	6.14826e+00	1.00000e+00
-1.01102e+00	1.00000e-01	-5.51104e-02	1.00000e-01	6.52407e+00	1.00000e+00
-8.77881e-01	1.00000e-01	7.76971e-02	1.00000e-01	5.47489e+00	1.00000e+00
-6.08363e-01	1.00000e-01	-3.44017e-01	1.00000e-01	1.70737e+00	1.00000e+00
-9.68112e-01	1.00000e-01	-5.80779e-02	1.00000e-01	7.24025e+00	1.00000e+00
-1.12614e+00	1.00000e-01	2.38927e-01	1.00000e-01	8.69890e+00	1.00000e+00
-7.67850e-01	1.00000e-01	1.25185e-02	1.00000e-01	4.38856e+00	1.00000e+00
-1.59559e+00	1.00000e-01	3.75598e-01	1.00000e-01	8.94248e+00	1.00000e+00
-1.15442e+00	1.00000e-01	8.99226e-02	1.00000e-01	7.74134e+00	1.00000e+00
-1.60509e+00	1.00000e-01	6.05084e-01	1.00000e-01	8.41950e+00	1.00000e+00
-8.61830e-01	1.00000e-01	-3.50893e-01	1.00000e-01	4.27148e+00	1.00000e+00
-1.33153e+00	1.00000e-01	1.31551e-01	1.00000e-01	7.84433e+00	1.00000e+00
-1.27985e+00	1.00000e-01	4.04660e-01	1.00000e-01	9.52439e+00	1.00000e+00
-1.22883e+00	1.00000e-01	2.10367e-01	1.00000e-01	1.01486e+01	1.00000e+00
-9.24997e-01	1.00000e-01	1.40834e-01	1.00000e-01	7.67944e+00	1.00000e+00
-1.26731e+00	1.00000e-01	1.70831e-01	1.00000e-01	9.24260e+00	1.00000e+00
-1.36590e+00	1.00000e-01	3.17290e-01	1.00000e-01	8.47313e+00	1.00000e+00
-2.07504e+00	1.00000e-01	4.71366e-01	1.00000e-01	8.79006e+00	1.00000e+00
-1.10504e+00	1.00000e-01	2.54197e-01	1.00000e-01	8.97802e+00	1.00000e+00
-8.03959e-01	1.00000e-01	1.39413e-01	1.00000e-01	7.05145e+00	1.00000e+00
-1.12147e+00	1.00000e-01	4.23648e-02	1.00000e-01	7.60215e+00	1.00000e+00
-7.46564e-01	1.00000e-01	-1.23186e-01	1.00000e-01	5.14635e+00	1.00000e+00
-1.05541e+00	1.00000e-01	7.93711e-02	1.00000e-01	6.73873e+00	1.00000e+00
-1.42113e+00	1.00000e-01	9.81119e-02	1.00000e-01	7.54084e+00	1.00000e+00
-1.06084e+00	1.00000e-01	3.10808e-01	1.00000e-01	9.82496e+00	1.00000e+00
-1.15577e+00	1.00000e-01	-9.06521e-02	1.00000e-01	6.55994e+00	1.00000e+00
-1.78708e+00	1.00000e-01	4.72407e-01	1.00000e-01	1.06980e+01	1.00000e+00
-1.01243e+00	1.00000e-01	2.95648e-01	1.00000e-01	7.18739e+00	1.00000e+00
-1.12917e+00	1.00000e-01	-4.91792e-02	1.00000e-01	6.49103e+00	1.00000e+00
-1.41011e+00	1.00000e-01	2.36709e-01	1.00000e-01	1.01167e+01	1.00000e+00
-1.44284e+00	1.00000e-01	1.35186e-01	1.00000e-01	1.02841e+01	1.00000e+00
-1.52520e+00	1.00000e-01	3.14467e-01	1.00000e-01	1.00849e+01	1.00000e+00
-1.24855e+00	1.00000e-01	1.25590e-01	1.00000e-01	8.12457e+00	1.00000e+00
-1.12514e+00	1.00000e-01	1.46791e-01	1.00000e-01	7.70710e+00	1.00000e+00
-1.20197e+00	1.00000e-01	2.42630e-01	1.00000e-01	7.24143e+00	1.00000e+00
-6.03095e-01	1.00000e-01	-1.69016e-01	1.00000e-01	1.31535e+00	1.00000e+00
-1.70269e+00	1.00000e-01	4.99376e-01	1.00000e-01	6.95082e+00	1.00000e+00
-1.32136e+00	1.00000e-01	2.64177e-01	1.00000e-01	9.35393e+00	1.00000e+00
-1.51133e+00	1.00000e-01	4.48010e-01	1.00000e-01	9.06241e+00	1.00000e+00
-1.11687e+00	1.00000e-01	2.57753e-01	1.00000e-01	5.12583e+00	1.00000e+00
-1.37130e+00	1.00000e-01	1.68654e-01	1.00000e-01	8.28843e+00	1.00000e+00
-9.69367e-01	1.00000e-01	2.05442e-01	1.00000e-01	8.54507e+00	1.00000e+00
-1.56460e+00	1.00000e-01	2.35477e-01	1.00000e-01	9.27656e+00	1.00000e+00
-1.48548e+00	1.00000e-01	4.15452e-01	1.00000e-01	9.33863e+00	1.00000e+00
-1.57944e+00	1.00000e-01	4.30365e-01	1.00000e-01	7.65026e+00	1.00000e+00
-1.04328e+00	1.00000e-01	2.03099e-01	1.00000e-01	8.05988e+00	1.00000e+00
-1.60557e+00	1.00000e-01	2.87403e-01	1.00000e-01	8.28169e+00	1.00000e+00
-1.46861e+00	1.00000e-01	4.46112e-01	1.00000e-01	7.26820e+00	1.00000e+00
-1.31544e+00	1.00000e-01	1.36940e-01	1.00000e-01	9.47496e+00	1.00000e+00
-9.96295e-01	1.00000e-01	-1.50129e-02	1.00000e-01	5.98305e+00	1.00000e+00
-1.62284e+00	1.00000e-01	3.54524e-01	1.00000e-01	6.47386e+00	1.00000e+00
-8.72820e-01	1.00000e-01	6.28435e-02	1.00000e-01	5.79046e+00	1.00000e+00
-1.78504e+00	1.00000e-01	4.31156e-01	1.00000e-01	9.90924e+00	1.00000e+00
-7.13768e-01	1.00000e-01	-2.56873e-01	1.00000e-01	1.69984e+00	1.00000e+00
-1.18641e+00	1.00000e-01	5.37482e-02	1.00000e-01	8.75732e+00	1.00000e+00
-7.60304e-01	1.00000e-01	-2.12266e-01	1.00000e-01	1.21404e+00	1.00000e+00
-1.13619e+00	1.00000e-01	1.38417e-01	1.00000e-01	6.07930e+00	1.00000e+00
-9.85613e-01	1.00000e-01	4.62020e-02	1.00000e-01	5.18764e+00	1.00000e+00
-2.04329e+00	1.00000e-01	4.98946e-01	1.00000e-01	1.06256e+01	1.00000e+00
-1.35019e+00	1.00000e-01	3.29689e-01	1.00000e-01	9.18384e+00	1.00000e+00
-1.57448e+00	1.00000e-01	5.07110e-01	1.00000e-01	7.94300e+00	1.00000e+00
-1.25451e+00	1.00000e-01	2.44943e-01	1.00000e-01	8.69574e+00	1.00000e+00
-1.63766e+00	1.00000e-01	3.40997e-01	1.00000e-01	8.22380e+00	1.00000e+00
-1.28291e+00	1.00000e-01	4.41411e-01	1.00000e-01	8.80387e+00	1.00000e+00
-1.21136e+00	1.00000e-01	1.63255e-01	1.00000e-01	8.42253e+00	1.00000e+00
-1.73423e+00	1.00000e-01	3.81173e-01	1.00000e-01	9.17620e+00	1.00000e+00
-9.85012e-01	1.00000e-01	1.67644e-02	1.00000e-01	7.50250e+00	1.00000e+00
-1.01968e+00	1.00000e-01	3.02896e-01	1.00000e-01	7.83962e+00	1.00000e+00
-1.22398e+00	1.00000e-01	4.02050e-01	1.00000e-01	8.02379e+00	1.00000e+00
-1.25168e+00	1.00000e-01	1.55000e-01	1.00000e-01	9.14894e+00	1.00000e+00
-1.68387e+00	1.00000e-01	3.35912e-01	1.00000e-01	1.10822e+01	1.00000e+00
-1.06625e+00	1.00000e-01	-6.98500e-02	1.00000e-01	8.19716e+00	1.00000e+00
-7.63908e-01	1.00000e-01	-6.67856e-02	1.00000e-01	4.90971e+00	1.00000e+00
-1.30463e+00	1.00000e-01	1.41037e-01	1.00000e-01	8.47930e+00	1.00000e+00
-1.13441e+00	1.00000e-01	2.72919e-02	1.00000e-01	6.13693e+00	1.00000e+00
-1.53131e+00	1.00000e-01	3.79838e-01	1.00000e-01	8.96183e+00	1.00000e+00
-1.07577e+00	1.00000e-01	9.38236e-02	1.00000e-01	8.16919e+00	1.00000e+00
-1.52991e+00	1.00000e-01	3.23847e-01	1.00000e-01	8.39429e+00	1.00000e+00
-1.66647e+00	1.00000e-01	1.45666e-01	1.00000e-01	8.34722e+00	1.00000e+00
-1.06645e+00	1.00000e-01	1.96900e-01	1.00000e-01	6.89102e+00	1.00000e+00
-1.96877e+00	1.00000e-01	5.91614e-01	1.00000e-01	1.02161e+01	1.00000e+00
-9.93482e-01	1.00000e-01	1.38271e-01	1.00000e-01	6.86540e+00	1.00000e+00
-2.26956e+00	1.00000e-01	3.84449e-01	1.00000e-01	7.08545e+00	1.00000e+00
-8.22248e-01	1.00000e-01	-4.53700e-02	1.00000e-01	7.30423e+00	1.00000e+00
-1.11455e+00	1.00000e-01	3.28494e-01	1.00000e-01	9.94925e+00	1.00000e+00
-1.14988e+00	1.00000e-01	-9.14147e-02	1.00000e-01	6.42730e+00	1.00000e+00
-6.22275e-01	1.00000e-01	-2.06718e-01	1.00000e-01	2.58536e+00	1.00000e+00
-1.36222e+00	1.00000e-01	4.14919e-01	1.00000e-01	7.62506e+00	1.00000e+00
-1.21600e+00	1.00000e-01	8.33425e-02	1.00000e-01	8.97464e+00	1.00000e+00
-1.06237e+00	1.00000e-01	3.68983e-01	1.00000e-01	8.74645e+00	1.00000e+00
-1.10113e+00	1.00000e-01	2.90584e-01	1.00000e-01	8.11150e+00	1.00000e+00
-1.48484e+00	1.00000e-01	3.86555e-01	1.00000e-01	8.44367e+00	1.00000e+00
-7.90377e-01	1.00000e-01	-9.98098e-03	1.00000e-01	3.64872e+00	1.00000e+00
-1.26494e+00	1.00000e-01	1.71380e-01	1.00000e-01	9.44179e+00	1.00000e+00
-9.74546e-01	1.00000e-01	-2.73059e-02	1.00000e-01	5.38971e+00	1.00000e+00
-1.00232e+00	1.00000e-01	6.60999e-02	1.00000e-01	5.59816e+00	1.00000e+00
-1.41088e+00	1.00000e-01	1.89865e-01	1.00000e-01	1.01633e+01	1.00000e+00
-8.64708e-01	1.00000e-01	9.56340e-02	1.00000e-01	5.76464e+00	1.00000e+00
-1.30736e+00	1.00000e-01	1.88634e-01	1.00000e-01	7.54812e+00	1.00000e+00
-6.35561e-01	1.00000e-01	-2.46112e-01	1.00000e-01	5.98401e+00	1.00000e+00
-1.22075e+00	1.00000e-01	1.49920e-01	1.00000e-01	6.87200e+00	1.00000e+00
-1.00234e+00	1.00000e-01	-1.36288e-01	1.00000e-01	7.16499e+00	1.00000e+00
-1.03864e+00	1.00000e-01	3.19946e-02	1.00000e-01	7.80579e+00	1.00000e+00
-1.00457e+00	1.00000e-01	1.63613e-01	1.00000e-01	5.20574e+00	1.00000e+00
-1.11446e+00	1.00000e-01	2.72045e-01	1.00000e-01	6.54840e+00	1.00000e+00
-7.06919e-01	1.00000e-01	1.74671e-02	1.00000e-01	3.61514e+00	1.00000e+00
-9.72233e-01	1.00000e-01	1.99210e-01	1.00000e-01	6.83249e+00	1.00000e+00
-1.19802e+00	1.00000e-01	7.04720e-02	1.00000e-01	8.04870e+00	1.00000e+00
-1.05061e+00	1.00000e-01	2.21776e-01	1.00000e-01	7.76461e+00	1.00000e+00
-1.99847e+00	1.00000e-01	3.39025e-01	1.00000e-01	9.71830e+00	1.00000e+00
-1.31664e+00	1.00000e-01	4.66610e-01	1.00000e-01	8.69583e+00	1.00000e+00
-1.09482e+00	1.00000e-01	1.26793e-01	1.00000e-01	6.53089e+00	1.00000e+00
-1.31021e+00	1.00000e-01	2.49654e-01	1.00000e-01	7.14867e+00	1.00000e+00
-1.07591e+00	1.00000e-01	1.12415e-01	1.00000e-01	6.04758e+00	1.00000e+00
-1.20424e+00	1.00000e-01	3.73734e-01	1.00000e-01	9.00130e+00	1.00000e+00
-1.50799e+00	1.00000e-01	2.33816e-01	1.00000e-01	9.87690e+00	1.00000e+00
-1.30732e+00	1.00000e-01	3.36049e-01	1.00000e-01	9.34263e+00	1.00000e+00
-1.23495e+00	1.00000e-01	1.60875e-01	1.00000e-01	7.15213e+00	1.00000e+00
-1.09086e+00	1.00000e-01	6.60278e-02	1.00000e-01	9.12247e+00	1.00000e+00
-1.18217e+00	1.00000e-01	7.32472e-02	1.00000e-01	7.96459e+00	1.00000e+00
-1.15678e+00	1.00000e-01	8.55019e-02	1.00000e-01	6.66004e+00	1.00000e+00
-9.07948e-01	1.00000e-01	2.06549e-01	1.00000e-01	7.43253e+00	1.00000e+00
-1.23665e+00	1.00000e-01	3.18891e-01	1.00000e-01	8.88520e+00	1.00000e+00
-8.17008e-01	1.00000e-01	-4.22010e-02	1.00000e-01	3.47177e+00	1.00000e+00
-1.26347e+00	1.00000e-01	1.98987e-01	1.00000e-01	9.34506e+00	1.00000e+00
-1.09196e+00	1.00000e-01	1.56654e-01	1.00000e-01	8.92839e+00	1.00000e+00
-6.98923e-01	1.00000e-01	-1.00794e-01	1.00000e-01	6.92192e+00	1.00000e+00
-1.03713e+00	1.00000e-01	4.47788e-02	1.00000e-01	6.33885e+00	1.00000e+00
-1.01682e+00	1.00000e-01	1.85498e-02	1.00000e-01	6.57882e+00	1.00000e+00
-1.72508e+00	1.00000e-01	4.24252e-01	1.00000e-01	9.84004e+00	1.00000e+00
-6.10297e-01	1.00000e-01	6.43656e-02	1.00000e-01	4.18016e+00	1.00000e+00
-9.79226e-01	1.00000e-01	1.96642e-01	1.00000e-01	7.13060e+00	1.00000e+00
-4.29748e-01	1.00000e-01	-4.66988e-01	1.00000e-01	1.10728e+00	1.00000e+00
-1.62576e+00	1.00000e-01	3.27200e-01	1.00000e-01	9.83043e+00	1.00000e+00
-8.67580e-01	1.00000e-01	1.54452e-02	1.00000e-01	5.24020e+00	1.00000e+00
-1.41727e+00	1.00000e-01	5.65177e-01	1.00000e-01	9.72642e+00	1.00000e+00
-1.09054e+00	1.00000e-01	2.20620e-01	1.00000e-01	7.15087e+00	1.00000e+00
-1.67448e+00	1.00000e-01	3.79658e-01	1.00000e-01	6.85720e+00	1.00000e+00
-1.03326e+00	1.00000e-01	-2.47878e-02	1.00000e-01	4.52661e+00	1.00000e+00
-1.05439e+00	1.00000e-01	-1.89022e-03	1.00000e-01	4.69703e+00	1.00000e+00
-1.14095e+00	1.00000e-01	1.12430e-01	1.00000e-01	7.94541e+00	1.00000e+00
-1.10056e+00	1.00000e-01	2.51678e-01	1.00000e-01	8.58106e+00	1.00000e+00
-1.75940e+00	1.00000e-01	4.38740e-01	1.00000e-01	8.60326e+00	1.00000e+00
-1.03403e+00	1.00000e-01	1.37085e-01	1.00000e-01	5.84924e+00	1.00000e+00
-1.09189e+00	1.00000e-01	3.22530e-01	1.00000e-01	7.75862e+00	1.00000e+00
-1.03147e+00	1.00000e-01	5.30442e-03	1.00000e-01	7.74938e+00	1.00000e+00
-1.00697e+00	1.00000e-01	-2.87018e-02	1.00000e-01	4.78108e+00	1.00000e+00
-6.67035e-01	1.00000e-01	-4.09384e-01	1.00000e-01	4.01646e+00	1.00000e+00
-1.00722e+00	1.00000e-01	9.13813e-03	1.00000e-01	5.56748e+00	1.00000e+00
-2.26435e+00	1.00000e-01	3.61304e-01	1.00000e-01	1.08064e+01	1.00000e+00
-1.31044e+00	1.00000e-01	2.82006e-01	1.00000e-01	7.91850e+00	1.00000e+00
-1.06690e+00	1.00000e-01	1.35823e-01	1.00000e-01	7.92041e+00	1.00000e+00
-1.51949e+00	1.00000e-01	2.05692e-01	1.00000e-01	1.12980e+01	1.00000e+00
-1.21715e+00	1.00000e-01	3.23528e-02	1.00000e-01	1.07244e+01	1.00000e+00
-1.87007e+00	1.00000e-01	2.80606e-01	1.00000e-01	8.98656e+00	1.00000e+00
-1.41334e+00	1.00000e-01	3.50010e-01	1.00000e-01	8.35827e+00	1.00000e+00
-1.90928e+00	1.00000e-01	3.97577e-01	1.00000e-01	8.64531e+00	1.00000e+00
-8.64755e-01	1.00000e-01	1.83809e-01	1.00000e-01	5.65251e+00	1.00000e+00
-1.55448e+00	1.00000e-01	4.21602e-01	1.00000e-01	7.09268e+00	1.00000e+00
-1.39522e+00	1.00000e-01	3.58395e-01	1.00000e-01	8.71465e+00	1.00000e+00
-8.44538e-01	1.00000e-01	-5.18809e-02	1.00000e-01	4.33723e+00	1.00000e+00
-1.14784e+00	1.00000e-01	2.29925e-01	1.00000e-01	8.49501e+00	1.00000e+00
-1.93972e+00	1.00000e-01	4.47763e-01	1.00000e-01	1.20996e+01	1.00000e+00
-1.54216e+00	1.00000e-01	3.25832e-01	1.00000e-01	9.68448e+00	1.00000e+00
-9.20599e-01	1.00000e-01	3.01701e-01	1.00000e-01	7.40143e+00	1.00000e+00
-1.06411e+00	1.00000e-01	2.44010e-02	1.00000e-01	7.56802e+00	1.00000e+00
-1.47951e+00	1.00000e-01	2.11044e-01	1.00000e-01	1.07816e+01	1.00000e+00
-8.85408e-01	1.00000e-01	-1.52033e-01	1.00000e-01	4.69585e+00	1.00000e+00
-9.42615e-01	1.00000e-01	1.94036e-01	1.00000e-01	1.04594e+01	1.00000e+00
-1.12953e+00	1.00000e-01	2.06350e-01	1.00000e-01	8.34560e+00	1.00000e+00
-9.43619e-01	1.00000e-01	2.07403e-01	1.00000e-01	7.70377e+00	1.00000e+00
-1.09693e+00	1.00000e-01	1.13042e-01	1.00000e-01	8.39134e+00	1.00000e+00
-1.34566e+00	1.00000e-01	3.28661e-01	1.00000e-01	9.11615e+00	1.00000e+00
-1.13694e+00	1.00000e-01	1.57661e-01	1.00000e-01	1.09366e+01	1.00000e+00
-1.56224e+00	1.00000e-01	2.89026e-01	1.00000e-01	1.01181e+01	1.00000e+00
-1.44258e+00	1.00000e-01	4.21357e-01	1.00000e-01	8.75390e+00	1.00000e+00
-7.90772e-01	1.00000e-01	-1.20051e-01	1.00000e-01	5.59926e+00	1.00000e+00
-9.27251e-01	1.00000e-01	1.63041e-01	1.00000e-01	6.26207e+00	1.00000e+00
-1.05494e+00	1.00000e-01	2.21566e-01	1.00000e-01	9.63915e+00	1.00000e+00
-1.20813e+00	1.00000e-01	2.86156e-01	1.00000e-01	8.72370e+00	1.00000e+00
-1.45974e+00	1.00000e-01	2.89089e-01	1.00000e-01	8.66797e+00	1.00000e+00
-1.78106e+00	1.00000e-01	4.10217e-01	1.00000e-01	9.29840e+00	1.00000e+00
-1.08668e+00	1.00000e-01	1.28661e-01	1.00000e-01	8.89311e+00	1.00000e+00
-1.34521e+00	1.00000e-01	3.48203e-01	1.00000e-01	1.02553e+01	1.00000e+00
-1.05286e+00	1.00000e-01	1.50314e-01	1.00000e-01	7.39879e+00	1.00000e+00
-1.32125e+00	1.00000e-01	2.71093e-01	1.00000e-01	8.94912e+00	1.00000e+00
-1.44257e+00	1.00000e-01	3.22288e-01	1.00000e-01	9.36419e+00	1.00000e+00
-2.12709e+00	1.00000e-01	4.11179e-01	1.00000e-01	1.03460e+01	1.00000e+00
-1.68010e+00	1.00000e-01	3.73769e-01	1.00000e-01	9.72471e+00	1.00000e+00
-1.01015e+00	1.00000e-01	1.35064e-01	1.00000e-01	7.87077e+00	1.00000e+00
-1.36026e+00	1.00000e-01	2.09460e-01	1.00000e-01	8.62903e+00	1.00000e+00
-1.22057e+00	1.00000e-01	3.46884e-01	1.00000e-01	8.22156e+00	1.00000e+00
-7.09759e-01	1.00000e-01	-1.19330e-01	1.00000e-01	4.24270e+00	1.00000e+00
-5.35377e-01	1.00000e-01	-5.09222e-01	1.00000e-01	1.70497e+00	1.00000e+00
-1.41447e+00	1.00000e-01	4.23611e-01	1.00000e-01	9.86104e+00	1.00000e+00
-1.08462e+00	1.00000e-01	1.32659e-02	1.00000e-01	9.14231e+00	1.00000e+00
-1.43995e+00	1.00000e-01	1.94057e-01	1.00000e-01	7.93514e+00	1.00000e+00
-1.93857e+00	1.00000e-01	3.96825e-01	1.00000e-01	9.05630e+00	1.00000e+00
-9.71093e-01	1.00000e-01	5.23894e-02	1.00000e-01	6.10190e+00	1.00000e+00
-1.22250e+00	1.00000e-01	3.79408e-01	1.00000e-01	9.83532e+00	1.00000e+00
-1.15933e+00	1.00000e-01	2.84708e-01	1.00000e-01	6.86411e+00	1.00000e+00
-9.21479e-01	1.00000e-01	1.87792e-01	1.00000e-01	8.43816e+00	1.00000e+00
-8.21403e-01	1.00000e-01	1.67784e-01	1.00000e-01	6.50840e+00	1.00000e+00
-1.01962e+00	1.00000e-01	7.90402e-02	1.00000e-01	7.65309e+00	1.00000e+00
-9.79897e-01	1.00000e-01	-8.46278e-02	1.00000e-01	4.65643e+00	1.00000e+00
-1.36424e+00	1.00000e-01	3.98775e-01	1.00000e-01	1.21610e+01	1.00000e+00
-9.38872e-01	1.00000e-01	-8.67539e-02	1.00000e-01	7.69498e+00	1.00000e+00
-1.50233e+00	1.00000e-01	2.72298e-01	1.00000e-01	9.45985e+00	1.00000e+00
-8.85400e-01	1.00000e-01	-1.20513e-01	1.00000e-01	3.66162e+00	1.00000e+00
-1.01833e+00	1.00000e-01	1.49075e-01	1.00000e-01	7.34749e+00	1.00000e+00
-1.42759e+00	1.00000e-01	3.52238e-01	1.00000e-01	9.58540e+00	1.00000e+00
-8.79449e-01	1.00000e-01	-2.71115e-01	1.00000e-01	3.87836e+00	1.00000e+00
-1.14546e+00	1.00000e-01	9.73512e-02	1.00000e-01	7.92875e+00	1.00000e+00
-1.31262e+00	1.00000e-01	1.98629e-01	1.00000e-01	8.18974e+00	1.00000e+00
-1.39639e+00	1.00000e-01	2.83677e-01	1.00000e-01	8.85334e+00	1.00000e+00
-1.07342e+00	1.00000e-01	8.88022e-02	1.00000e-01	7.73877e+00	1.00000e+00
-2.09233e+00	1.00000e-01	3.42677e-01	1.00000e-01	8.93292e+00	1.00000e+00
-1.37176e+00	1.00000e-01	3.32550e-01	1.00000e-01	8.31084e+00	1.00000e+00
-1.22511e+00	1.00000e-01	6.32908e-02	1.00000e-01	7.76669e+00	1.00000e+00
-1.02903e+00	1.00000e-01	2.39285e-01	1.00000e-01	9.40166e+00	1.00000e+00
-1.17900e+00	1.00000e-01	2.45834e-01	1.00000e-01	9.02326e+00	1.00000e+00
-1.45517e+00	1.00000e-01	2.89211e-01	1.00000e-01	1.05589e+01	1.00000e+00
-1.16795e+00	1.00000e-01	1.00949e-01	1.00000e-01	7.52231e+00	1.00000e+00
-8.76068e-01	1.00000e-01	4.80961e-02	1.00000e-01	6.93741e+00	1.00000e+00
-1.56557e+00	1.00000e-01	3.74453e-01	1.00000e-01	1.07192e+01	1.00000e+00
-1.06270e+00	1.00000e-01	3.79629e-02	1.00000e-01	1.06664e+01	1.00000e+00
-1.39957e+00	1.00000e-01	3.53227e-01	1.00000e-01	9.78791e+00	1.00000e+00
-8.78395e-01	1.00000e-01	7.89458e-02	1.00000e-01	7.82035e+00	1.00000e+00
-1.11533e+00	1.00000e-01	1.37903e-01	1.00000e-01	7.99767e+00	1.00000e+00
-1.00957e+00	1.00000e-01	2.12983e-01	1.00000e-01	8.85380e+00	1.00000e+00
-1.49126e+00	1.00000e-01	3.11336e-01	1.00000e-01	7.26136e+00	1.00000e+00
-1.66941e+00	1.00000e-01	3.68545e-01	1.00000e-01	1.02046e+01	1.00000e+00
-1.10050e+00	1.00000e-01	1.87252e-01	1.00000e-01	7.98823e+00	1.00000e+00
-1.23902e+00	1.00000e-01	2.64047e-01	1.00000e-01	1.01345e+01	1.00000e+00
-7.77877e-01	1.00000e-01	-2.60365e-01	1.00000e-01	2.87744e+00	1.00000e+00
-8.28210e-01	1.00000e-01	-4.83840e-02	1.00000e-01	7.48450e+00	1.00000e+00
-1.01736e+00	1.00000e-01	6.12281e-02	1.00000e-01	6.71587e+00	1.00000e+00
-7.34659e-01	1.00000e-01	-6.86456e-02	1.00000e-01	4.98668e+00	1.00000e+00
-1.86871e+00	1.00000e-01	4.25555e-01	1.00000e-01	1.01010e+01	1.00000e+00
-1.08625e+00	1.00000e-01	3.12428e-01	1.00000e-01	8.04517e+00	1.00000e+00
-1.05980e+00	1.00000e-01	3.23361e-01	1.00000e-01	6.28999e+00	1.00000e+00
-7.77759e-01	1.00000e-01	-2.86700e-02	1.00000e-01	4.32613e+00	1.00000e+00
-1.26165e+00	1.00000e-01	3.69425e-01	1.00000e-01	9.26707e+00	1.00000e+00
-1.22777e+00	1.00000e-01	3.47824e-01	1.00000e-01	9.32987e+00	1.00000e+00
-1.64241e+00	1.00000e-01	4.10842e-01	1.00000e-01	8.35298e+00	1.00000e+00
-2.03660e+00	1.00000e-01	4.36938e-01	1.00000e-01	1.16619e+01	1.00000e+00
-8.22733e-01	1.00000e-01	-4.79839e-02	1.00000e-01	4.69660e+00	1.00000e+00
-1.10141e+00	1.00000e-01	2.18967e-01	1.00000e-01	9.29506e+00	1.00000e+00
-9.68368e-01	1.00000e-01	2.65124e-02	1.00000e-01	6.19497e+00	1.00000e+00
-1.53007e+00	1.00000e-01	2.72972e-01	1.00000e-01	9.22100e+00	1.00000e+00
-9.82929e-01	1.00000e-01	2.53598e-01	1.00000e-01	7.41350e+00	1.00000e+00
-1.80853e+00	1.00000e-01	5.30588e-01	1.00000e-01	9.45654e+00	1.00000e+00
-1.20643e+00	1.00000e-01	3.40402e-01	1.00000e-01	9.30759e+00	1.00000e+00
-6.59484e-01	1.00000e-01	-2.99850e-01	1.00000e-01	5.58120e-01	1.00000e+00
-8.31266e-01	1.00000e-01	-1.06396e-01	1.00000e-01	3.52727e+00	1.00000e+00
-1.12019e+00	1.00000e-01	3.29206e-01	1.00000e-01	7.65099e+00	1.00000e+00
-8.54442e-01	1.00000e-01	-8.33826e-02	1.00000e-01	2.52203e+00	1.00000e+00
-1.27517e+00	1.00000e-01	3.76765e-01	1.00000e-01	9.65660e+00	1.00000e+00
-7.30351e-01	1.00000e-01	-1.14334e-01	1.00000e-01	4.75051e+00	1.00000e+00
-8.36398e-01	1.00000e-01	-1.05144e-01	1.00000e-01	4.88195e+00	1.00000e+00
-9.00775e-01	1.00000e-01	-7.21137e-02	1.00000e-01	5.91959e+00	1.00000e+00
-1.03677e+00	1.00000e-01	9.73017e-02	1.00000e-01	9.38466e+00	1.00000e+00
-9.31674e-01	1.00000e-01	-3.09177e-02	1.00000e-01	6.28943e+00	1.00000e+00
-1.29275e+00	1.00000e-01	2.70120e-01	1.00000e-01	8.17351e+00	1.00000e+00
-8.87005e-01	1.00000e-01	1.13232e-01	1.00000e-01	6.34910e+00	1.00000e+00
-1.14787e+00	1.00000e-01	3.17847e-01	1.00000e-01	6.23342e+00	1.00000e+00
-2.31997e+00	1.00000e-01	5.46136e-01	1.00000e-01	1.00858e+01	1.00000e+00
-1.32450e+00	1.00000e-01	1.50426e-01	1.00000e-01	1.10808e+01	1.00000e+00
-1.53610e+00	1.00000e-01	4.15216e-01	1.00000e-01	9.68789e+00	1.00000e+00
-5.90327e-01	1.00000e-01	-2.13343e-01	1.00000e-01	3.00242e+00	1.00000e+00
-1.19847e+00	1.00000e-01	1.75233e-01	1.00000e-01	6.55898e+00	1.00000e+00
-1.22458e+00	1.00000e-01	2.22939e-01	1.00000e-01	9.26502e+00	1.00000e+00
-9.96633e-01	1.00000e-01	9.97723e-02	1.00000e-01	6.29683e+00	1.00000e+00
-1.52719e+00	1.00000e-01	3.66094e-01	1.00000e-01	8.10077e+00	1.00000e+00
-1.61403e+00	1.00000e-01	3.81123e-01	1.00000e-01	7.99444e+00	1.00000e+00
-9.74388e-01	1.00000e-01	2.33013e-01	1.00000e-01	6.68539e+00	1.00000e+00
-1.43066e+00	1.00000e-01	1.78245e-01	1.00000e-01	1.14836e+01	1.00000e+00
-1.28032e+00	1.00000e-01	3.82844e-01	1.00000e-01	6.05494e+00	1.00000e+00
-1.27381e+00	1.00000e-01	4.80363e-01	1.00000e-01	8.31559e+00	1.00000e+00
-1.62512e+00	1.00000e-01	4.48511e-01	1.00000e-01	8.70621e+00	1.00000e+00
-1.05001e+00	1.00000e-01	-1.34110e-01	1.00000e-01	6.24101e+00	1.00000e+00
-6.94778e-01	1.00000e-01	-2.72587e-01	1.00000e-01	3.81677e+00	1.00000e+00
-6.84664e-01	1.00000e-01	-2.43610e-01	1.00000e-01	2.22880e+00	1.00000e+00
-8.00878e-01	1.00000e-01	-1.06630e-01	1.00000e-01	5.06920e+00	1.00000e+00
-8.16967e-01	1.00000e-01	1.13926e-01	1.00000e-01	5.78773e+00	1.00000e+00
-1.26886e+00	1.00000e-01	1.71934e-01	1.00000e-01	1.04185e+01	1.00000e+00
-1.77179e+00	1.00000e-01	4.25613e-01	1.00000e-01	9.87773e+00	1.00000e+00
-1.20005e+00	1.00000e-01	3.85723e-02	1.00000e-01	7.11358e+00	1.00000e+00
-1.45002e+00	1.00000e-01	3.47062e-01	1.00000e-01	8.98222e+00	1.00000e+00
-1.67228e+00	1.00000e-01	2.35206e-01	1.00000e-01	9.00844e+00	1.00000e+00
-1.87651e+00	1.00000e-01	4.78063e-01	1.00000e-01	9.34368e+00	1.00000e+00
-9.45338e-01	1.00000e-01	3.21451e-02	1.00000e-01	6.77404e+00	1.00000e+00
-2.22294e+00	1.00000e-01	3.71845e-01	1.00000e-01	1.04951e+01	1.00000e+00
-1.05830e+00	1.00000e-01	1.36837e-02	1.00000e-01	6.60688e+00	1.00000e+00
-1.67754e+00	1.00000e-01	3.29303e-01	1.00000e-01	8.65869e+00	1.00000e+00
-1.76472e+00	1.00000e-01	4.01124e-01	1.00000e-01	8.78009e+00	1.00000e+00
-1.71773e+00	1.00000e-01	5.31292e-01	1.00000e-01	9.52420e+00	1.00000e+00
-9.23331e-01	1.00000e-01	1.53592e-01	1.00000e-01	8.15416e+00	1.00000e+00
-1.46389e+00	1.00000e-01	3.18872e-01	1.00000e-01	9.21391e+00	1.00000e+00
-1.26553e+00	1.00000e-01	1.46083e-01	1.00000e-01	7.01973e+00	1.00000e+00
-9.57694e-01	1.00000e-01	7.34720e-02	1.00000e-01	9.31622e+00	1.00000e+00
-9.53260e-01	1.00000e-01	-8.72155e-02	1.00000e-01	6.34252e+00	1.00000e+00
-1.06787e+00	1.00000e-01	1.47701e-01	1.00000e-01	6.68719e+00	1.00000e+00
-1.30458e+00	1.00000e-01	1.98618e-01	1.00000e-01	9.83135e+00	1.00000e+00
-1.53527e+00	1.00000e-01	2.80180e-01	1.00000e-01	1.20629e+01	1.00000e+00
-1.76300e+00	1.00000e-01	6.53720e-01	1.00000e-01	1.12603e+01	1.00000e+00
-1.33745e+00	1.00000e-01	2.40423e-01	1.00000e-01	8.50654e+00	1.00000e+00
-1.54788e+00	1.00000e-01	2.30627e-01	1.00000e-01	9.27677e+00	1.00000e+00
-1.02384e+00	1.00000e-01	1.35985e-01	1.00000e-01	9.26206e+00	1.00000e+00
-1.15629e+00	1.00000e-01	5.46860e-02	1.00000e-01	6.85236e+00	1.00000e+00
-9.86294e-01	1.00000e-01	1.52725e-01	1.00000e-01	8.19234e+00	1.00000e+00
-1.25992e+00	1.00000e-01	3.13529e-01	1.00000e-01	9.35036e+00	1.00000e+00
-1.07979e+00	1.00000e-01	1.94634e-01	1.00000e-01	9.42473e+00	1.00000e+00
-1.66467e+00	1.00000e-01	3.83261e-01	1.00000e-01	8.78675e+00	1.00000e+00
-9.64349e-01	1.00000e-01	1.58442e-01	1.00000e-01	6.68464e+00	1.00000e+00
-1.72849e+00	1.00000e-01	5.72050e-01	1.00000e-01	1.00491e+01	1.00000e+00
-9.05445e-01	1.00000e-01	7.35543e-02	1.00000e-01	7.21179e+00	1.00000e+00
-1.02376e+00	1.00000e-01	1.65129e-01	1.00000e-01	7.02409e+00	1.00000e+00
-1.02299e+00	1.00000e-01	7.70129e-02	1.00000e-01	7.66157e+00	1.00000e+00
-1.36881e+00	1.00000e-01	2.05318e-01	1.00000e-01	9.16191e+00	1.00000e+00
-1.44205e+00	1.00000e-01	3.25186e-01	1.00000e-01	8.24867e+00	1.00000e+00
-1.13534e+00	1.00000e-01	2.45163e-01	1.00000e-01	6.46484e+00	1.00000e+00
-1.15393e+00	1.00000e-01	2.45841e-01	1.00000e-01	8.46675e+00	1.00000e+00
-1.14458e+00	1.00000e-01	3.20481e-01	1.00000e-01	1.11312e+01	1.00000e+00
-1.47663e+00	1.00000e-01	3.20764e-01	1.00000e-01	7.74068e+00	1.00000e+00
-1.20765e+00	1.00000e-01	1.39994e-01	1.00000e-01	7.92123e+00	1.00000e+00
-2.05810e+00	1.00000e-01	6.00846e-01	1.00000e-01	8.29340e+00	1.00000e+00
-1.23655e+00	1.00000e-01	-7.21594e-02	1.00000e-01	5.80616e+00	1.00000e+00
-1.85136e+00	1.00000e-01	5.19177e-01	1.00000e-01	9.45216e+00	1.00000e+00
-1.13057e+00	1.00000e-01	2.48570e-01	1.00000e-01	8.42601e+00	1.00000e+00
-1.21365e+00	1.00000e-01	1.67743e-01	1.00000e-01	8.34248e+00	1.00000e+00
-1.02834e+00	1.00000e-01	-9.12461e-02	1.00000e-01	6.50482e+00	1.00000e+00
-6.90288e-01	1.00000e-01	-2.11280e-01	1.00000e-01	4.42611e+00	1.00000e+00
-9.72383e-01	1.00000e-01	1.15020e-02	1.00000e-01	7.93666e+00	1.00000e+00
-1.80809e+00	1.00000e-01	4.54881e-01	1.00000e-01	8.76254e+00	1.00000e+00
-1.10959e+00	1.00000e-01	2.88341e-01	1.00000e-01	9.02261e+00	1.00000e+00
-1.06645e+00	1.00000e-01	-1.08850e-01	1.00000e-01	9.05094e+00	1.00000e+00
-9.39723e-01	1.00000e-01	2.23149e-01	1.00000e-01	8.25273e+00	1.00000e+00
-9.62345e-01	1.00000e-01	1.47939e-01	1.00000e-01	7.97178e+00	1.00000e+00
-1.34456e+00	1.00000e-01	2.15634e-01	1.00000e-01	7.97568e+00	1.00000e+00
-1.68389e+00	1.00000e-01	2.34841e-01	1.00000e-01	8.35226e+00	1.00000e+00
-1.05217e+00	1.00000e-01	3.16050e-01	1.00000e-01	7.98497e+00	1.00000e+00
-7.89166e-01	1.00000e-01	-1.42472e-01	1.00000e-01	2.95445e+00	1.00000e+00
-1.46550e+00	1.00000e-01	4.16119e-01	1.00000e-01	9.21426e+00	1.00000e+00
-8.23196e-01	1.00000e-01	3.92877e-02	1.00000e-01	4.74787e+00	1.00000e+00
-1.08755e+00	1.00000e-01	1.45592e-01	1.00000e-01	8.00147e+00	1.00000e+00
-1.20891e+00	1.00000e-01	1.60376e-01	1.00000e-01	8.55371e+00	1.00000e+00
-8.27210e-01	1.00000e-01	-8.32779e-03	1.00000e-01	5.89873e+00	1.00000e+00
-1.25023e+00	1.00000e-01	9.28890e-02	1.00000e-01	8.79704e+00	1.00000e+00
-9.37683e-01	1.00000e-01	9.73516e-02	1.00000e-01	8.38804e+00	1.00000e+00
-1.13252e+00	1.00000e-01	5.06193e-01	1.00000e-01	8.38919e+00	1.00000e+00
-9.56682e-01	1.00000e-01	-1.23375e-01	1.00000e-01	4.45450e+00	1.00000e+00
-9.78673e-01	1.00000e-01	-1.06454e-01	1.00000e-01	8.57855e+00	1.00000e+00
-1.04464e+00	1.00000e-01	7.99696e-02	1.00000e-01	6.12066e+00	1.00000e+00
-1.29954e+00	1.00000e-01	2.69930e-01	1.00000e-01	8.69806e+00	1.00000e+00
-9.51759e-01	1.00000e-01	1.48494e-02	1.00000e-01	5.89418e+00	1.00000e+00
-1.00389e+00	1.00000e-01	1.45406e-01	1.00000e-01	7.77718e+00	1.00000e+00
-1.28503e+00	1.00000e-01	2.07792e-01	1.00000e-01	8.23476e+00	1.00000e+00
-1.39524e+00	1.00000e-01	2.05475e-01	1.00000e-01	8.02059e+00	1.00000e+00
-8.76785e-01	1.00000e-01	7.26103e-02	1.00000e-01	6.54523e+00	1.00000e+00
-7.50370e-01	1.00000e-01	-1.59330e-01	1.00000e-01	3.40789e+00	1.00000e+00
-1.04089e+00	1.00000e-01	1.73448e-01	1.00000e-01	8.21863e+00	1.00000e+00
-9.06407e-01	1.00000e-01	1.58519e-01	1.00000e-01	1.00420e+01	1.00000e+00
-9.19843e-01	1.00000e-01	1.38519e-01	1.00000e-01	4.10466e+00	1.00000e+00
-1.16107e+00	1.00000e-01	5.48151e-02	1.00000e-01	9.22445e+00	1.00000e+00
-8.85006e-01	1.00000e-01	-1.12052e-01	1.00000e-01	3.49780e+00	1.00000e+00
-1.21076e+00	1.00000e-01	2.73385e-04	1.00000e-01	7.36896e+00	1.00000e+00
-7.66801e-01	1.00000e-01	2.70235e-03	1.00000e-01	7.11722e+00	1.00000e+00
-8.55306e-01	1.00000e-01	3.12802e-02	1.00000e-01	3.09309e+00	1.00000e+00
-9.84830e-01	1.00000e-01	1.30459e-01	1.00000e-01	6.08675e+00	1.00000e+00
-1.52960e+00	1.00000e-01	3.10717e-01	1.00000e-01	1.04794e+01	1.00000e+00
-1.03342e+00	1.00000e-01	1.43365e-01	1.00000e-01	8.26305e+00	1.00000e+00
-1.16447e+00	1.00000e-01	2.59395e-01	1.00000e-01	1.01370e+01	1.00000e+00
-1.79864e+00	1.00000e-01	4.48186e-01	1.00000e-01	8.99705e+00	1.00000e+00
-1.18699e+00	1.00000e-01	3.85948e-01	1.00000e-01	7.85674e+00	1.00000e+00
-1.48244e+00	1.00000e-01	4.01499e-01	1.00000e-01	8.89123e+00	1.00000e+00
-9.07556e-01	1.00000e-01	4.81090e-03	1.00000e-01	5.94912e+00	1.00000e+00
-1.85896e+00	1.00000e-01	3.57834e-01	1.00000e-01	8.73823e+00	1.00000e+00
-7.33522e-01	1.00000e-01	-3.22303e-01	1.00000e-01	2.13695e+00	1.00000e+00
-1.07698e+00	1.00000e-01	3.33318e-01	1.00000e-01	8.72994e+00	1.00000e+00
-1.13694e+00	1.00000e-01	1.52166e-01	1.00000e-01	8.41440e+00	1.00000e+00
-2.05132e+00	1.00000e-01	5.39049e-01	1.00000e-01	1.03529e+01	1.00000e+00
-1.73213e+00	1.00000e-01	2.43428e-01	1.00000e-01	9.73707e+00	1.00000e+00
-1.25642e+00	1.00000e-01	4.90917e-01	1.00000e-01	9.50656e+00	1.00000e+00
-7.60104e-01	1.00000e-01	-2.01041e-01	1.00000e-01	4.42470e+00	1.00000e+00
-1.63419e+00	1.00000e-01	5.04334e-01	1.00000e-01	1.03911e+01	1.00000e+00
-6.77669e-01	1.00000e-01	-2.15939e-01	1.00000e-01	5.41215e+00	1.00000e+00
-1.03535e+00	1.00000e-01	-6.34777e-02	1.00000e-01	6.02077e+00	1.00000e+00
-1.19344e+00	1.00000e-01	1.13789e-01	1.00000e-01	7.56845e+00	1.00000e+00
-1.44616e+00	1.00000e-01	3.23218e-01	1.00000e-01	1.00906e+01	1.00000e+00
-1.41014e+00	1.00000e-01	2.73382e-01	1.00000e-01	7.63768e+00	1.00000e+00
-9.79900e-01	1.00000e-01	3.66176e-01	1.00000e-01	5.89254e+00	1.00000e+00
-2.05035e+00	1.00000e-01	3.73787e-01	1.00000e-01	9.18568e+00	1.00000e+00
-2.09093e+00	1.00000e-01	6.11406e-01	1.00000e-01	1.08486e+01	1.00000e+00
-1.14477e+00	1.00000e-01	1.52406e-01	1.00000e-01	7.36037e+00	1.00000e+00
-1.84903e+00	1.00000e-01	5.70807e-01	1.00000e-01	9.55826e+00	1.00000e+00
-1.42233e+00	1.00000e-01	2.86705e-01	1.00000e-01	9.88462e+00	1.00000e+00
-1.55052e+00	1.00000e-01	4.61782e-01	1.00000e-01	9.30648e+00	1.00000e+00
-1.39497e+00	1.00000e-01	3.47731e-01	1.00000e-01	9.26840e+00	1.00000e+00
-1.61849e+00	1.00000e-01	3.46874e-01	1.00000e-01	8.55114e+00	1.00000e+00
-2.09607e+00	1.00000e-01	3.96881e-01	1.00000e-01	8.90374e+00	1.00000e+00
-1.59893e+00	1.00000e-01	5.13573e-01	1.00000e-01	9.41166e+00	1.00000e+00
-1.12970e+00	1.00000e-01	1.83685e-01	1.00000e-01	9.60671e+00	1.00000e+00
-8.24420e-01	1.00000e-01	-1.84809e-01	1.00000e-01	2.97509e+00	1.00000e+00
-4.41649e-01	1.00000e-01	-2.42263e-01	1.00000e-01	1.30329e+00	1.00000e+00
-1.38204e+00	1.00000e-01	3.13859e-01	1.00000e-01	7.71481e+00	1.00000e+00
-1.60919e+00	1.00000e-01	4.66625e-01	1.00000e-01	8.40915e+00	1.00000e+00
-9.17344e-01	1.00000e-01	1.68274e-01	1.00000e-01	7.88912e+00	1.00000e+00
-1.12110e+00	1.00000e-01	3.51657e-02	1.00000e-01	6.47361e+00	1.00000e+00
-5.46348e-01	1.00000e-01	-2.74732e-01	1.00000e-01	1.67261e+00	1.00000e+00
-1.86300e+00	1.00000e-01	4.20090e-01	1.00000e-01	9.54797e+00	1.00000e+00
-1.06414e+00	1.00000e-01	1.59378e-01	1.00000e-01	4.83972e+00	1.00000e+00
-1.27435e+00	1.00000e-01	3.26114e-01	1.00000e-01	9.95971e+00	1.00000e+00
-1.49146e+00	1.00000e-01	3.20189e-01	1.00000e-01	1.12612e+01	1.00000e+00
-9.76669e-01	1.00000e-01	1.33074e-01	1.00000e-01	7.96916e+00	1.00000e+00
-1.37782e+00	1.00000e-01	5.27471e-01	1.00000e-01	1.00636e+01	1.00000e+00
-1.04942e+00	1.00000e-01	1.46614e-01	1.00000e-01	7.01920e+00	1.00000e+00
-1.01212e+00	1.00000e-01	4.69203e-02	1.00000e-01	6.53526e+00	1.00000e+00
-1.05613e+00	1.00000e-01	4.42483e-01	1.00000e-01	8.96830e+00	1.00000e+00
-1.09746e+00	1.00000e-01	2.37400e-01	1.00000e-01	7.33295e+00	1.00000e+00
-1.31610e+00	1.00000e-01	2.91572e-01	1.00000e-01	9.57656e+00	1.00000e+00
-1.17287e+00	1.00000e-01	5.08404e-02	1.00000e-01	8.00500e+00	1.00000e+00
-1.27644e+00	1.00000e-01	1.31437e-01	1.00000e-01	1.05721e+01	1.00000e+00
-1.25406e+00	1.00000e-01	1.96997e-01	1.00000e-01	7.02763e+00	1.00000e+00
-8.61408e-01	1.00000e-01	9.57425e-02	1.00000e-01	5.81124e+00	1.00000e+00
-9.34292e-01	1.00000e-01	-8.38193e-02	1.00000e-01	3.73414e+00	1.00000e+00
-1.96384e+00	1.00000e-01	4.22539e-01	1.00000e-01	8.64861e+00	1.00000e+00
-1.38012e+00	1.00000e-01	3.75918e-01	1.00000e-01	8.28037e+00	1.00000e+00
-1.40638e+00	1.00000e-01	4.16411e-01	1.00000e-01	7.81973e+00	1.00000e+00
-1.01124e+00	1.00000e-01	5.75150e-02	1.00000e-01	6.85937e+00	1.00000e+00
-6.30960e-01	1.00000e-01	-2.49028e-01	1.00000e-01	1.56901e+00	1.00000e+00
-8.01561e-01	1.00000e-01	-5.57663e-02	1.00000e-01	5.54844e+00	1.00000e+00
-6.85764e-01	1.00000e-01	-3.65837e-02	1.00000e-01	6.83344e+00	1.00000e+00
-1.28659e+00	1.00000e-01	2.35416e-01	1.00000e-01	9.38638e+00	1.00000e+00
-5.47759e-01	1.00000e-01	-4.58595e-01	1.00000e-01	4.01678e-01	1.00000e+00
-1.30181e+00	1.00000e-01	1.22072e-01	1.00000e-01	9.67414e+00	1.00000e+00
-1.80365e+00	1.00000e-01	1.75049e-01	1.00000e-01	7.65115e+00	1.00000e+00
-5.69417e-01	1.00000e-01	-1.57729e-01	1.00000e-01	3.89658e+00	1.00000e+00
-1.25818e+00	1.00000e-01	4.06835e-01	1.00000e-01	7.71849e+00	1.00000e+00
-9.40318e-01	1.00000e-01	1.28561e-01	1.00000e-01	6.92832e+00	1.00000e+00
-1.80223e+00	1.00000e-01	5.50519e-01	1.00000e-01	8.76403e+00	1.00000e+00
-9.62095e-01	1.00000e-01	8.76323e-02	1.00000e-01	5.19284e+00	1.00000e+00
-9.64799e-01	1.00000e-01	-2.94732e-03	1.00000e-01	6.70734e+00	1.00000e+00
-1.25249e+00	1.00000e-01	3.55158e-01	1.00000e-01	8.18472e+00	1.00000e+00
-1.06118e+00	1.00000e-01	2.68538e-01	1.00000e-01	7.65363e+00	1.00000e+00
-1.26228e+00	1.00000e-01	3.37934e-01	1.00000e-01	8.67762e+00	1.00000e+00
-9.01837e-01	1.00000e-01	1.88573e-01	1.00000e-01	7.25053e+00	1.00000e+00
-1.48126e+00	1.00000e-01	3.25273e-01	1.00000e-01	9.14517e+00	1.00000e+00
-1.30989e+00	1.00000e-01	1.83319e-01	1.00000e-01	9.15518e+00	1.00000e+00
-1.24096e+00	1.00000e-01	2.50179e-01	1.00000e-01	5.97244e+00	1.00000e+00
-1.20352e+00	1.00000e-01	2.81541e-01	1.00000e-01	7.05530e+00	1.00000e+00
-9.61830e-01	1.00000e-01	7.84602e-02	1.00000e-01	4.39855e+00	1.00000e+00
-1.39516e+00	1.00000e-01	2.05980e-01	1.00000e-01	8.54401e+00	1.00000e+00
-1.14043e+00	1.00000e-01	2.12073e-01	1.00000e-01	7.72926e+00	1.00000e+00
-7.60640e-01	1.00000e-01	-3.49466e-02	1.00000e-01	3.81109e+00	1.00000e+00
-9.16672e-01	1.00000e-01	2.82613e-01	1.00000e-01	7.16130e+00	1.00000e+00
-9.63216e-01	1.00000e-01	-1.74244e-01	1.00000e-01	5.49343e+00	1.00000e+00
-8.29630e-01	1.00000e-01	-3.35868e-02	1.00000e-01	2.65034e+00	1.00000e+00
-1.01745e+00	1.00000e-01	1.74344e-01	1.00000e-01	6.10964e+00	1.00000e+00
-1.09694e+00	1.00000e-01	-4.00451e-02	1.00000e-01	9.82057e+00	1.00000e+00
-7.83457e-01	1.00000e-01	-3.24263e-01	1.00000e-01	2.30615e+00	1.00000e+00
-5.83151e-01	1.00000e-01	-4.18858e-01	1.00000e-01	1.81537e+00	1.00000e+00
-1.21033e+00	1.00000e-01	1.23246e-01	1.00000e-01	6.94866e+00	1.00000e+00
-1.75593e+00	1.00000e-01	4.18045e-01	1.00000e-01	1.11409e+01	1.00000e+00
-1.31656e+00	1.00000e-01	2.74746e-01	1.00000e-01	7.87935e+00	1.00000e+00
-1.56475e+00	1.00000e-01	3.13905e-01	1.00000e-01	8.97984e+00	1.00000e+00
-1.30249e+00	1.00000e-01	2.83399e-01	1.00000e-01	8.37755e+00	1.00000e+00
-1.60411e+00	1.00000e-01	2.00741e-01	1.00000e-01	9.91364e+00	1.00000e+00
-1.02969e+00	1.00000e-01	6.64452e-02	1.00000e-01	8.74012e+00	1.00000e+00
-1.37249e+00	1.00000e-01	2.42258e-01	1.00000e-01	8.36879e+00	1.00000e+00
-9.99956e-01	1.00000e-01	-1.92201e-02	1.00000e-01	6.88257e+00	1.00000e+00
-7.02797e-01	1.00000e-01	-2.39699e-01	1.00000e-01	3.56702e+00	1.00000e+00
-1.10397e+00	1.00000e-01	1.78328e-01	1.00000e-01	7.59446e+00	1.00000e+00
-1.20644e+00	1.00000e-01	3.39502e-01	1.00000e-01	8.46133e+00	1.00000e+00
-1.09665e+00	1.00000e-01	8.16812e-02	1.00000e-01	7.20171e+00	1.00000e+00
-9.30172e-01	1.00000e-01	-1.53709e-01	1.00000e-01	5.92728e+00	1.00000e+00
-1.24508e+00	1.00000e-01	2.89840e-01	1.00000e-01	7.88987e+00	1.00000e+00
-1.11621e+00	1.00000e-01	1.01534e-01	1.00000e-01	8.70967e+00	1.00000e+00
-1.37746e+00	1.00000e-01	2.22349e-01	1.00000e-01	7.35830e+00	1.00000e+00
-1.15089e+00	1.00000e-01	1.43554e-01	1.00000e-01	8.37422e+00	1.00000e+00
-1.27000e+00	1.00000e-01	3.32313e-01	1.00000e-01	9.12414e+00	1.00000e+00
-1.33729e+00	1.00000e-01	2.45113e-01	1.00000e-01	9.53629e+00	1.00000e+00
-9.69917e-01	1.00000e-01	1.09467e-01	1.00000e-01	8.36234e+00	1.00000e+00
