# [Fe/H]	[Fe/H]_err	[O/Fe]	[O/Fe]_err	Log(age/Gyr)	Log(age/Gyr)_err
-1.31193e+00	2.00000e-01	1.21894e-01	2.00000e-01	9.22583e-01	1.00000e-01
-9.71991e-01	2.00000e-01	1.59119e-01	2.00000e-01	1.08730e+00	1.00000e-01
-1.16830e+00	2.00000e-01	5.80467e-02	2.00000e-01	1.02544e+00	1.00000e-01
-8.33481e-01	2.00000e-01	-2.23723e-02	2.00000e-01	6.91250e-01	1.00000e-01
-5.53268e-01	2.00000e-01	-2.44013e-01	2.00000e-01	7.70941e-01	1.00000e-01
-7.65963e-01	2.00000e-01	2.16649e-01	2.00000e-01	8.01725e-01	1.00000e-01
-2.57568e-01	2.00000e-01	3.10624e-01	2.00000e-01	5.37386e-01	1.00000e-01
-4.91970e-01	2.00000e-01	3.54587e-02	2.00000e-01	5.82937e-01	1.00000e-01
-7.80351e-01	2.00000e-01	-1.43031e-01	2.00000e-01	9.15853e-01	1.00000e-01
-1.07437e+00	2.00000e-01	3.51127e-02	2.00000e-01	8.34748e-01	1.00000e-01
-3.46436e-01	2.00000e-01	9.83521e-02	2.00000e-01	8.18953e-01	1.00000e-01
-1.64631e+00	2.00000e-01	-1.50420e-02	2.00000e-01	1.16324e+00	1.00000e-01
-1.79616e+00	2.00000e-01	1.01153e-01	2.00000e-01	1.09716e+00	1.00000e-01
-5.97822e-01	2.00000e-01	1.93920e-01	2.00000e-01	7.87505e-01	1.00000e-01
-9.64538e-01	2.00000e-01	3.52844e-01	2.00000e-01	1.14465e+00	1.00000e-01
-1.00477e+00	2.00000e-01	3.88214e-01	2.00000e-01	1.03670e+00	1.00000e-01
-5.69670e-01	2.00000e-01	1.94304e-01	2.00000e-01	6.02550e-01	1.00000e-01
-8.42408e-01	2.00000e-01	1.37137e-01	2.00000e-01	1.13195e+00	1.00000e-01
-6.15936e-01	2.00000e-01	3.31533e-01	2.00000e-01	7.86269e-01	1.00000e-01
-7.24453e-01	2.00000e-01	1.30396e-01	2.00000e-01	7.82888e-01	1.00000e-01
-6.25999e-01	2.00000e-01	-6.88485e-02	2.00000e-01	9.87433e-01	1.00000e-01
-1.34406e+00	2.00000e-01	2.55350e-01	2.00000e-01	1.30902e+00	1.00000e-01
-7.93497e-01	2.00000e-01	1.31654e-01	2.00000e-01	1.01049e+00	1.00000e-01
-1.23562e+00	2.00000e-01	2.35509e-01	2.00000e-01	1.17204e+00	1.00000e-01
-1.70871e+00	2.00000e-01	4.08802e-02	2.00000e-01	1.03022e+00	1.00000e-01
-1.06911e+00	2.00000e-01	1.56081e-01	2.00000e-01	8.07667e-01	1.00000e-01
-8.75765e-01	2.00000e-01	3.77134e-02	2.00000e-01	9.13143e-01	1.00000e-01
-1.70775e+00	2.00000e-01	9.24287e-02	2.00000e-01	1.10233e+00	1.00000e-01
-3.37109e-01	2.00000e-01	6.51267e-02	2.00000e-01	4.91419e-01	1.00000e-01
-1.60471e+00	2.00000e-01	6.18021e-01	2.00000e-01	1.00297e+00	1.00000e-01
-8.49944e-01	2.00000e-01	3.06847e-02	2.00000e-01	1.07551e+00	1.00000e-01
-1.75464e+00	2.00000e-01	1.40367e-01	2.00000e-01	1.15232e+00	1.00000e-01
-9.02369e-01	2.00000e-01	7.66776e-02	2.00000e-01	8.88028e-01	1.00000e-01
-6.18288e-01	2.00000e-01	2.44041e-01	2.00000e-01	1.05132e+00	1.00000e-01
-1.13096e+00	2.00000e-01	1.53407e-01	2.00000e-01	9.52409e-01	1.00000e-01
-9.15707e-01	2.00000e-01	8.25663e-02	2.00000e-01	1.07343e+00	1.00000e-01
-8.00100e-01	2.00000e-01	1.88398e-01	2.00000e-01	8.52017e-01	1.00000e-01
-1.82792e-01	2.00000e-01	3.54405e-01	2.00000e-01	7.65688e-01	1.00000e-01
-5.40997e-01	2.00000e-01	1.16458e-01	2.00000e-01	6.69663e-01	1.00000e-01
-1.56689e+00	2.00000e-01	1.56177e-01	2.00000e-01	1.04027e+00	1.00000e-01
-5.60117e-01	2.00000e-01	-3.76567e-01	2.00000e-01	1.06763e+00	1.00000e-01
-2.20352e+00	2.00000e-01	8.47615e-02	2.00000e-01	9.74979e-01	1.00000e-01
-1.40286e+00	2.00000e-01	3.06496e-01	2.00000e-01	1.31505e+00	1.00000e-01
-1.10231e+00	2.00000e-01	1.27923e-01	2.00000e-01	7.24694e-01	1.00000e-01
-1.72176e+00	2.00000e-01	1.12650e-01	2.00000e-01	1.01130e+00	1.00000e-01
-8.37871e-01	2.00000e-01	-1.20074e-02	2.00000e-01	8.56214e-01	1.00000e-01
-1.80440e+00	2.00000e-01	6.46997e-01	2.00000e-01	1.20884e+00	1.00000e-01
-9.10445e-01	2.00000e-01	3.66082e-01	2.00000e-01	8.60960e-01	1.00000e-01
-5.92716e-01	2.00000e-01	4.35313e-02	2.00000e-01	7.36003e-01	1.00000e-01
-6.74813e-01	2.00000e-01	1.58858e-01	2.00000e-01	9.77822e-01	1.00000e-01
-9.53069e-01	2.00000e-01	4.15521e-01	2.00000e-01	1.15158e+00	1.00000e-01
-6.72960e-01	2.00000e-01	-1.72476e-01	2.00000e-01	6.92384e-01	1.00000e-01
-6.74468e-01	2.00000e-01	2.49990e-01	2.00000e-01	1.01986e+00	1.00000e-01
-8.06700e-01	2.00000e-01	3.58539e-01	2.00000e-01	9.31646e-01	1.00000e-01
-3.26092e-01	2.00000e-01	-2.76560e-01	2.00000e-01	6.68253e-01	1.00000e-01
-8.92506e-01	2.00000e-01	-2.27636e-03	2.00000e-01	9.59483e-01	1.00000e-01
-1.03482e+00	2.00000e-01	1.10854e-01	2.00000e-01	8.70784e-01	1.00000e-01
-5.48528e-01	2.00000e-01	2.04869e-01	2.00000e-01	9.49453e-01	1.00000e-01
-5.15928e-01	2.00000e-01	6.89179e-02	2.00000e-01	7.27953e-01	1.00000e-01
-3.55195e-01	2.00000e-01	1.97992e-01	2.00000e-01	9.66619e-01	1.00000e-01
-4.15916e-01	2.00000e-01	3.18408e-01	2.00000e-01	8.02932e-01	1.00000e-01
-1.71482e+00	2.00000e-01	3.74049e-01	2.00000e-01	1.14784e+00	1.00000e-01
-1.30250e+00	2.00000e-01	5.77090e-01	2.00000e-01	1.04692e+00	1.00000e-01
-8.11635e-01	2.00000e-01	2.40135e-01	2.00000e-01	7.62604e-01	1.00000e-01
-1.22875e+00	2.00000e-01	-4.50701e-02	2.00000e-01	1.07442e+00	1.00000e-01
-9.00061e-01	2.00000e-01	-1.20273e-01	2.00000e-01	1.02733e+00	1.00000e-01
-6.90738e-01	2.00000e-01	1.60642e-01	2.00000e-01	9.90991e-01	1.00000e-01
-1.14110e+00	2.00000e-01	7.10246e-01	2.00000e-01	8.59108e-01	1.00000e-01
-5.81804e-01	2.00000e-01	3.20956e-02	2.00000e-01	8.06285e-01	1.00000e-01
-1.01442e+00	2.00000e-01	5.87139e-01	2.00000e-01	9.28304e-01	1.00000e-01
-1.74770e+00	2.00000e-01	4.60196e-01	2.00000e-01	1.11197e+00	1.00000e-01
-4.00220e-01	2.00000e-01	-1.08823e-01	2.00000e-01	6.70695e-01	1.00000e-01
-1.13280e+00	2.00000e-01	3.06118e-01	2.00000e-01	8.58938e-01	1.00000e-01
-8.28765e-01	2.00000e-01	-2.07383e-02	2.00000e-01	9.76352e-01	1.00000e-01
-7.42355e-01	2.00000e-01	5.03297e-01	2.00000e-01	8.44366e-01	1.00000e-01
-1.19295e-01	2.00000e-01	4.10698e-01	2.00000e-01	5.98275e-01	1.00000e-01
-7.04138e-01	2.00000e-01	3.27474e-02	2.00000e-01	9.25325e-01	1.00000e-01
-2.49520e+00	2.00000e-01	5.15376e-01	2.00000e-01	9.72305e-01	1.00000e-01
-1.67222e+00	2.00000e-01	1.90942e-01	2.00000e-01	1.11454e+00	1.00000e-01
-1.17730e+00	2.00000e-01	4.68857e-02	2.00000e-01	1.14535e+00	1.00000e-01
-6.77476e-01	2.00000e-01	5.85807e-03	2.00000e-01	9.10647e-01	1.00000e-01
-1.66229e+00	2.00000e-01	7.82441e-02	2.00000e-01	1.29342e+00	1.00000e-01
-1.32253e+00	2.00000e-01	7.07971e-02	2.00000e-01	9.76389e-01	1.00000e-01
-1.69286e+00	2.00000e-01	3.48964e-01	2.00000e-01	1.16803e+00	1.00000e-01
-1.05629e+00	2.00000e-01	2.08553e-01	2.00000e-01	1.01972e+00	1.00000e-01
-7.11963e-01	2.00000e-01	5.40746e-02	2.00000e-01	7.66786e-01	1.00000e-01
-9.11480e-01	2.00000e-01	1.36947e-01	2.00000e-01	8.61552e-01	1.00000e-01
-1.22604e+00	2.00000e-01	2.77331e-01	2.00000e-01	1.01945e+00	1.00000e-01
-9.69902e-01	2.00000e-01	2.65282e-01	2.00000e-01	1.16219e+00	1.00000e-01
-1.13524e+00	2.00000e-01	6.47258e-01	2.00000e-01	9.85738e-01	1.00000e-01
-8.76813e-01	2.00000e-01	3.70492e-01	2.00000e-01	1.05346e+00	1.00000e-01
-8.16931e-01	2.00000e-01	-7.89862e-02	2.00000e-01	1.02791e+00	1.00000e-01
-6.02444e-01	2.00000e-01	3.20304e-01	2.00000e-01	1.03886e+00	1.00000e-01
-9.81099e-01	2.00000e-01	8.78133e-02	2.00000e-01	1.01547e+00	1.00000e-01
-2.46557e+00	2.00000e-01	6.12360e-01	2.00000e-01	1.12701e+00	1.00000e-01
-5.03181e-01	2.00000e-01	2.03434e-01	2.00000e-01	6.49272e-01	1.00000e-01
-6.24301e-01	2.00000e-01	2.61605e-01	2.00000e-01	9.35534e-01	1.00000e-01
-1.26461e+00	2.00000e-01	2.61763e-01	2.00000e-01	9.62644e-01	1.00000e-01
-1.18450e+00	2.00000e-01	4.72310e-01	2.00000e-01	1.10664e+00	1.00000e-01
-2.73891e-01	2.00000e-01	-1.48470e-01	2.00000e-01	6.61706e-01	1.00000e-01
-1.12374e+00	2.00000e-01	2.22558e-01	2.00000e-01	nan	nan
-8.49731e-01	2.00000e-01	4.90095e-01	2.00000e-01	nan	nan
-1.57068e+00	2.00000e-01	6.34741e-01	2.00000e-01	nan	nan
-8.31908e-01	2.00000e-01	1.64016e-01	2.00000e-01	nan	nan
-9.34090e-01	2.00000e-01	4.53994e-01	2.00000e-01	nan	nan
-1.01489e+00	2.00000e-01	3.88038e-02	2.00000e-01	nan	nan
-1.08951e+00	2.00000e-01	1.36382e-01	2.00000e-01	nan	nan
-1.17842e+00	2.00000e-01	6.13173e-01	2.00000e-01	nan	nan
-1.81987e+00	2.00000e-01	2.35053e-01	2.00000e-01	nan	nan
-1.38194e+00	2.00000e-01	4.54889e-01	2.00000e-01	nan	nan
-8.13838e-01	2.00000e-01	1.96208e-01	2.00000e-01	nan	nan
-1.35274e+00	2.00000e-01	7.72623e-02	2.00000e-01	nan	nan
-1.17373e+00	2.00000e-01	4.89928e-01	2.00000e-01	nan	nan
-9.14268e-01	2.00000e-01	4.76258e-02	2.00000e-01	nan	nan
-6.85154e-01	2.00000e-01	2.78379e-01	2.00000e-01	nan	nan
-2.97270e+00	2.00000e-01	3.41922e-01	2.00000e-01	nan	nan
-1.11463e+00	2.00000e-01	3.28437e-01	2.00000e-01	nan	nan
-1.03006e+00	2.00000e-01	1.15504e-01	2.00000e-01	nan	nan
-1.08617e+00	2.00000e-01	6.23849e-01	2.00000e-01	nan	nan
-8.52292e-01	2.00000e-01	-2.37573e-01	2.00000e-01	nan	nan
-7.30250e-01	2.00000e-01	1.20811e-02	2.00000e-01	nan	nan
-9.19748e-01	2.00000e-01	3.65060e-01	2.00000e-01	nan	nan
-6.60208e-01	2.00000e-01	2.80255e-01	2.00000e-01	nan	nan
-8.67656e-01	2.00000e-01	1.07191e-02	2.00000e-01	nan	nan
-7.60521e-01	2.00000e-01	-2.75350e-02	2.00000e-01	nan	nan
-1.02774e+00	2.00000e-01	2.99188e-01	2.00000e-01	nan	nan
-1.38864e+00	2.00000e-01	3.99548e-01	2.00000e-01	nan	nan
-1.05191e+00	2.00000e-01	6.68978e-02	2.00000e-01	nan	nan
-1.70289e+00	2.00000e-01	3.06843e-01	2.00000e-01	nan	nan
-8.48044e-01	2.00000e-01	4.12552e-01	2.00000e-01	nan	nan
-7.55693e-01	2.00000e-01	1.11778e-01	2.00000e-01	nan	nan
-1.35951e+00	2.00000e-01	2.80152e-01	2.00000e-01	nan	nan
-6.03912e-01	2.00000e-01	1.19230e-01	2.00000e-01	nan	nan
-1.31583e+00	2.00000e-01	4.68053e-01	2.00000e-01	nan	nan
-1.01659e+00	2.00000e-01	-8.67361e-04	2.00000e-01	nan	nan
-6.87241e-01	2.00000e-01	7.53169e-02	2.00000e-01	nan	nan
-1.21793e+00	2.00000e-01	4.29205e-01	2.00000e-01	nan	nan
-1.30456e+00	2.00000e-01	2.50527e-01	2.00000e-01	nan	nan
-9.64165e-01	2.00000e-01	3.97226e-01	2.00000e-01	nan	nan
-1.09937e+00	2.00000e-01	5.87076e-02	2.00000e-01	nan	nan
-1.65156e+00	2.00000e-01	3.81405e-01	2.00000e-01	nan	nan
-1.26128e+00	2.00000e-01	1.23279e-01	2.00000e-01	nan	nan
-8.84079e-01	2.00000e-01	9.03152e-02	2.00000e-01	nan	nan
-1.13640e+00	2.00000e-01	3.82508e-01	2.00000e-01	nan	nan
-1.89544e+00	2.00000e-01	3.50534e-02	2.00000e-01	nan	nan
-9.07090e-01	2.00000e-01	1.41181e-01	2.00000e-01	nan	nan
-1.11559e+00	2.00000e-01	1.92750e-01	2.00000e-01	nan	nan
-4.09422e-01	2.00000e-01	-1.21351e-02	2.00000e-01	nan	nan
-1.06495e+00	2.00000e-01	3.28091e-01	2.00000e-01	nan	nan
-1.32154e+00	2.00000e-01	-1.40432e-01	2.00000e-01	nan	nan
-9.55313e-01	2.00000e-01	-1.55392e-01	2.00000e-01	nan	nan
-4.57827e-01	2.00000e-01	-1.86565e-02	2.00000e-01	nan	nan
-1.22177e+00	2.00000e-01	2.33271e-01	2.00000e-01	nan	nan
-9.53739e-01	2.00000e-01	2.41282e-01	2.00000e-01	nan	nan
-1.21909e+00	2.00000e-01	2.14636e-01	2.00000e-01	nan	nan
-2.97013e+00	2.00000e-01	4.66313e-01	2.00000e-01	nan	nan
-1.05465e+00	2.00000e-01	-3.47035e-02	2.00000e-01	nan	nan
-1.91754e+00	2.00000e-01	4.79956e-01	2.00000e-01	nan	nan
-1.47178e+00	2.00000e-01	5.02012e-01	2.00000e-01	nan	nan
-1.12151e+00	2.00000e-01	2.45511e-01	2.00000e-01	nan	nan
-1.01335e+00	2.00000e-01	2.16799e-01	2.00000e-01	nan	nan
-9.21325e-01	2.00000e-01	4.05301e-01	2.00000e-01	nan	nan
-5.12513e-01	2.00000e-01	-3.63519e-02	2.00000e-01	nan	nan
-4.64281e-01	2.00000e-01	1.70602e-02	2.00000e-01	nan	nan
-6.71752e-01	2.00000e-01	-2.38710e-01	2.00000e-01	nan	nan
-1.30690e+00	2.00000e-01	4.71259e-01	2.00000e-01	nan	nan
-8.97816e-01	2.00000e-01	-1.59834e-01	2.00000e-01	nan	nan
-8.18688e-01	2.00000e-01	1.15619e-01	2.00000e-01	nan	nan
-8.34952e-01	2.00000e-01	-4.15163e-02	2.00000e-01	nan	nan
-1.73251e+00	2.00000e-01	5.66114e-01	2.00000e-01	nan	nan
-1.51031e+00	2.00000e-01	1.94349e-01	2.00000e-01	nan	nan
-7.39103e-01	2.00000e-01	1.66335e-01	2.00000e-01	nan	nan
-1.93730e+00	2.00000e-01	5.89154e-01	2.00000e-01	nan	nan
-1.55242e+00	2.00000e-01	-6.99813e-02	2.00000e-01	nan	nan
-1.20094e+00	2.00000e-01	9.16012e-02	2.00000e-01	nan	nan
-1.02237e+00	2.00000e-01	5.21827e-01	2.00000e-01	nan	nan
-1.36498e+00	2.00000e-01	4.40249e-01	2.00000e-01	nan	nan
-1.31717e+00	2.00000e-01	2.48364e-01	2.00000e-01	nan	nan
-5.26712e-01	2.00000e-01	-1.68690e-01	2.00000e-01	nan	nan
-1.70154e+00	2.00000e-01	8.57702e-02	2.00000e-01	nan	nan
-8.34758e-01	2.00000e-01	-1.45181e-02	2.00000e-01	nan	nan
-8.21373e-01	2.00000e-01	1.52099e-01	2.00000e-01	nan	nan
-7.31189e-01	2.00000e-01	1.63535e-02	2.00000e-01	nan	nan
-1.45438e+00	2.00000e-01	4.30414e-03	2.00000e-01	nan	nan
-5.24766e-01	2.00000e-01	1.50634e-01	2.00000e-01	nan	nan
-1.09535e+00	2.00000e-01	-2.05735e-01	2.00000e-01	nan	nan
-7.47005e-01	2.00000e-01	8.41432e-02	2.00000e-01	nan	nan
-1.23868e+00	2.00000e-01	5.53580e-01	2.00000e-01	nan	nan
-2.23999e+00	2.00000e-01	4.06341e-01	2.00000e-01	nan	nan
-1.91314e+00	2.00000e-01	2.45321e-01	2.00000e-01	nan	nan
-1.57987e+00	2.00000e-01	2.37742e-01	2.00000e-01	nan	nan
-1.63995e+00	2.00000e-01	2.56537e-01	2.00000e-01	nan	nan
-1.03747e+00	2.00000e-01	-1.63160e-01	2.00000e-01	nan	nan
-8.00778e-01	2.00000e-01	3.11968e-01	2.00000e-01	nan	nan
-7.57594e-01	2.00000e-01	3.07670e-01	2.00000e-01	nan	nan
-1.28737e+00	2.00000e-01	1.79820e-01	2.00000e-01	nan	nan
-1.64934e+00	2.00000e-01	-4.11489e-02	2.00000e-01	nan	nan
-3.15036e-01	2.00000e-01	-3.46989e-01	2.00000e-01	nan	nan
-3.31392e-01	2.00000e-01	-1.63894e-01	2.00000e-01	nan	nan
-1.00977e+00	2.00000e-01	-8.58974e-03	2.00000e-01	nan	nan
-1.34075e+00	2.00000e-01	2.82260e-01	2.00000e-01	nan	nan
-9.01688e-01	2.00000e-01	-1.73201e-01	2.00000e-01	nan	nan
-1.00077e+00	2.00000e-01	3.17313e-01	2.00000e-01	nan	nan
-1.77176e+00	2.00000e-01	1.79228e-01	2.00000e-01	nan	nan
-9.99106e-01	2.00000e-01	1.65755e-01	2.00000e-01	nan	nan
-1.00149e+00	2.00000e-01	1.10761e-01	2.00000e-01	nan	nan
-1.34564e+00	2.00000e-01	1.35132e-01	2.00000e-01	nan	nan
-8.26602e-01	2.00000e-01	3.56701e-01	2.00000e-01	nan	nan
-6.34480e-01	2.00000e-01	2.95551e-01	2.00000e-01	nan	nan
-1.59890e+00	2.00000e-01	2.32930e-01	2.00000e-01	nan	nan
-1.11038e+00	2.00000e-01	2.48726e-01	2.00000e-01	nan	nan
-9.33464e-01	2.00000e-01	6.11904e-01	2.00000e-01	nan	nan
-7.15970e-01	2.00000e-01	-1.66358e-01	2.00000e-01	nan	nan
-9.68382e-01	2.00000e-01	2.07543e-01	2.00000e-01	nan	nan
-1.03681e+00	2.00000e-01	3.92039e-01	2.00000e-01	nan	nan
-9.11000e-01	2.00000e-01	2.80191e-01	2.00000e-01	nan	nan
-1.14411e+00	2.00000e-01	3.70995e-01	2.00000e-01	nan	nan
-9.53380e-01	2.00000e-01	4.47715e-01	2.00000e-01	nan	nan
-1.85614e+00	2.00000e-01	3.85326e-01	2.00000e-01	nan	nan
-6.47471e-01	2.00000e-01	-4.83135e-02	2.00000e-01	nan	nan
-6.44653e-01	2.00000e-01	2.34766e-01	2.00000e-01	nan	nan
-1.14066e+00	2.00000e-01	6.58222e-01	2.00000e-01	nan	nan
-9.64217e-01	2.00000e-01	8.66174e-02	2.00000e-01	nan	nan
-1.34296e+00	2.00000e-01	2.09789e-01	2.00000e-01	nan	nan
-2.10013e+00	2.00000e-01	2.35620e-01	2.00000e-01	nan	nan
-1.26832e+00	2.00000e-01	4.24677e-01	2.00000e-01	nan	nan
-9.51261e-01	2.00000e-01	1.11461e-01	2.00000e-01	nan	nan
-1.31003e-01	2.00000e-01	1.54710e-01	2.00000e-01	nan	nan
-4.76775e-01	2.00000e-01	-1.70725e-01	2.00000e-01	nan	nan
-8.82767e-01	2.00000e-01	1.88153e-01	2.00000e-01	nan	nan
-1.37018e+00	2.00000e-01	4.07544e-01	2.00000e-01	nan	nan
-8.05224e-01	2.00000e-01	1.72618e-01	2.00000e-01	nan	nan
-1.40881e+00	2.00000e-01	1.65419e-01	2.00000e-01	nan	nan
-1.57004e+00	2.00000e-01	-1.14331e-01	2.00000e-01	nan	nan
-8.59599e-01	2.00000e-01	-2.85781e-02	2.00000e-01	nan	nan
-9.25871e-01	2.00000e-01	1.25067e-01	2.00000e-01	nan	nan
-1.26695e+00	2.00000e-01	1.56832e-01	2.00000e-01	nan	nan
-8.06636e-01	2.00000e-01	2.59197e-01	2.00000e-01	nan	nan
-1.24617e+00	2.00000e-01	8.11774e-01	2.00000e-01	nan	nan
-6.42205e-01	2.00000e-01	-4.70550e-02	2.00000e-01	nan	nan
-1.62556e+00	2.00000e-01	3.03358e-01	2.00000e-01	nan	nan
-2.05928e+00	2.00000e-01	1.22188e-01	2.00000e-01	nan	nan
-3.81359e-01	2.00000e-01	4.06844e-01	2.00000e-01	nan	nan
-2.27182e+00	2.00000e-01	1.78928e-01	2.00000e-01	nan	nan
-6.30070e-01	2.00000e-01	6.61989e-02	2.00000e-01	nan	nan
-1.09953e+00	2.00000e-01	-1.99183e-02	2.00000e-01	nan	nan
-9.13460e-01	2.00000e-01	3.48506e-01	2.00000e-01	nan	nan
-1.97989e-01	2.00000e-01	-1.15644e-01	2.00000e-01	nan	nan
-3.69760e-01	2.00000e-01	1.13105e-01	2.00000e-01	nan	nan
-2.24153e-01	2.00000e-01	4.14319e-01	2.00000e-01	nan	nan
-1.06783e+00	2.00000e-01	-2.63388e-01	2.00000e-01	nan	nan
-9.08934e-01	2.00000e-01	-3.33119e-02	2.00000e-01	nan	nan
-1.24523e+00	2.00000e-01	-4.52836e-02	2.00000e-01	nan	nan
-9.89559e-01	2.00000e-01	2.34008e-01	2.00000e-01	nan	nan
-1.62988e+00	2.00000e-01	3.73311e-01	2.00000e-01	nan	nan
-1.13064e+00	2.00000e-01	6.54637e-01	2.00000e-01	nan	nan
-1.68447e+00	2.00000e-01	4.29750e-01	2.00000e-01	nan	nan
-1.84854e+00	2.00000e-01	2.51294e-01	2.00000e-01	nan	nan
-6.99390e-01	2.00000e-01	-2.45325e-01	2.00000e-01	nan	nan
-1.21791e+00	2.00000e-01	3.98095e-01	2.00000e-01	nan	nan
-1.33980e+00	2.00000e-01	2.31227e-01	2.00000e-01	nan	nan
-6.12740e-01	2.00000e-01	2.00719e-01	2.00000e-01	nan	nan
-1.06964e+00	2.00000e-01	4.87097e-01	2.00000e-01	nan	nan
-1.72339e+00	2.00000e-01	5.56256e-01	2.00000e-01	nan	nan
-9.08938e-01	2.00000e-01	1.25305e-01	2.00000e-01	nan	nan
-4.03574e-01	2.00000e-01	1.08085e-01	2.00000e-01	nan	nan
-5.27086e-01	2.00000e-01	3.98033e-01	2.00000e-01	nan	nan
-1.21294e+00	2.00000e-01	6.27573e-01	2.00000e-01	nan	nan
-1.32428e+00	2.00000e-01	1.55013e-01	2.00000e-01	nan	nan
-8.17770e-01	2.00000e-01	1.69398e-01	2.00000e-01	nan	nan
-1.43408e+00	2.00000e-01	9.08246e-02	2.00000e-01	nan	nan
-1.25952e+00	2.00000e-01	4.69631e-01	2.00000e-01	nan	nan
-1.31952e+00	2.00000e-01	-9.92356e-02	2.00000e-01	nan	nan
-1.79474e+00	2.00000e-01	3.34320e-01	2.00000e-01	nan	nan
-1.35660e+00	2.00000e-01	3.75262e-01	2.00000e-01	nan	nan
-1.53659e+00	2.00000e-01	3.50375e-01	2.00000e-01	nan	nan
-1.28662e+00	2.00000e-01	1.70767e-01	2.00000e-01	nan	nan
-5.93869e-01	2.00000e-01	9.74479e-03	2.00000e-01	nan	nan
-7.53977e-01	2.00000e-01	4.32581e-01	2.00000e-01	nan	nan
-1.21338e+00	2.00000e-01	1.75040e-01	2.00000e-01	nan	nan
-9.23167e-01	2.00000e-01	4.22698e-01	2.00000e-01	nan	nan
-5.61413e-01	2.00000e-01	5.28353e-01	2.00000e-01	nan	nan
-1.18618e+00	2.00000e-01	1.56178e-01	2.00000e-01	nan	nan
-1.15396e+00	2.00000e-01	3.38045e-01	2.00000e-01	nan	nan
-1.32352e+00	2.00000e-01	-2.06382e-01	2.00000e-01	nan	nan
-1.37286e+00	2.00000e-01	1.13585e-01	2.00000e-01	nan	nan
-1.07536e+00	2.00000e-01	1.61476e-01	2.00000e-01	nan	nan
-1.41226e+00	2.00000e-01	6.37997e-02	2.00000e-01	nan	nan
-8.09580e-01	2.00000e-01	-2.81900e-01	2.00000e-01	nan	nan
-1.24615e+00	2.00000e-01	5.49080e-01	2.00000e-01	nan	nan
-7.79845e-01	2.00000e-01	3.82771e-01	2.00000e-01	nan	nan
-8.56620e-01	2.00000e-01	-1.70827e-01	2.00000e-01	nan	nan
-1.47368e+00	2.00000e-01	6.58830e-01	2.00000e-01	nan	nan
-1.16624e+00	2.00000e-01	7.85703e-02	2.00000e-01	nan	nan
-8.91553e-01	2.00000e-01	4.99758e-01	2.00000e-01	nan	nan
-9.33648e-01	2.00000e-01	3.63541e-01	2.00000e-01	nan	nan
-1.01665e+00	2.00000e-01	3.14318e-01	2.00000e-01	nan	nan
-1.15349e+00	2.00000e-01	2.09914e-01	2.00000e-01	nan	nan
-7.05201e-01	2.00000e-01	2.85556e-01	2.00000e-01	nan	nan
-1.63813e+00	2.00000e-01	6.29679e-01	2.00000e-01	nan	nan
-1.07332e+00	2.00000e-01	2.86119e-01	2.00000e-01	nan	nan
-6.43994e-01	2.00000e-01	4.71617e-01	2.00000e-01	nan	nan
-1.36486e+00	2.00000e-01	2.56260e-01	2.00000e-01	nan	nan
-1.37057e+00	2.00000e-01	3.54125e-01	2.00000e-01	nan	nan
-2.14199e+00	2.00000e-01	4.91951e-01	2.00000e-01	nan	nan
-7.91165e-01	2.00000e-01	3.91573e-01	2.00000e-01	nan	nan
-1.26911e+00	2.00000e-01	4.02474e-01	2.00000e-01	nan	nan
-9.99367e-01	2.00000e-01	1.26954e-01	2.00000e-01	nan	nan
-1.73543e+00	2.00000e-01	2.69120e-01	2.00000e-01	nan	nan
-7.64274e-01	2.00000e-01	-9.37527e-02	2.00000e-01	nan	nan
-1.43874e+00	2.00000e-01	2.93278e-01	2.00000e-01	nan	nan
-1.25297e+00	2.00000e-01	-1.12291e-02	2.00000e-01	nan	nan
-4.21014e-01	2.00000e-01	3.09420e-01	2.00000e-01	nan	nan
-1.19265e+00	2.00000e-01	5.01004e-01	2.00000e-01	nan	nan
-1.74907e+00	2.00000e-01	3.78573e-01	2.00000e-01	nan	nan
-1.36733e+00	2.00000e-01	4.92881e-02	2.00000e-01	nan	nan
-1.33190e+00	2.00000e-01	3.28609e-01	2.00000e-01	nan	nan
-1.30569e+00	2.00000e-01	6.45315e-02	2.00000e-01	nan	nan
-1.66928e+00	2.00000e-01	2.69112e-01	2.00000e-01	nan	nan
-1.46729e+00	2.00000e-01	-2.97912e-01	2.00000e-01	nan	nan
-4.53423e-01	2.00000e-01	2.81037e-01	2.00000e-01	nan	nan
-1.14450e+00	2.00000e-01	6.12053e-01	2.00000e-01	nan	nan
-1.79366e+00	2.00000e-01	3.12915e-01	2.00000e-01	nan	nan
-1.12972e+00	2.00000e-01	8.60909e-02	2.00000e-01	nan	nan
-1.32240e+00	2.00000e-01	5.22200e-01	2.00000e-01	nan	nan
-6.08046e-01	2.00000e-01	-4.69303e-02	2.00000e-01	nan	nan
-1.88999e+00	2.00000e-01	1.88169e-01	2.00000e-01	nan	nan
-8.03225e-01	2.00000e-01	3.26679e-01	2.00000e-01	nan	nan
-1.37128e+00	2.00000e-01	3.44247e-01	2.00000e-01	nan	nan
-2.32134e+00	2.00000e-01	4.46893e-01	2.00000e-01	nan	nan
-9.11407e-01	2.00000e-01	-2.90954e-01	2.00000e-01	nan	nan
-1.17511e+00	2.00000e-01	2.00409e-01	2.00000e-01	nan	nan
-1.45281e+00	2.00000e-01	4.92036e-01	2.00000e-01	nan	nan
-4.47710e-01	2.00000e-01	-1.85696e-01	2.00000e-01	nan	nan
-5.54829e-01	2.00000e-01	1.59543e-01	2.00000e-01	nan	nan
-1.30683e+00	2.00000e-01	1.53680e-01	2.00000e-01	nan	nan
-2.88908e-01	2.00000e-01	1.35882e-02	2.00000e-01	nan	nan
-1.00508e+00	2.00000e-01	3.11973e-01	2.00000e-01	nan	nan
-1.12128e+00	2.00000e-01	8.55052e-02	2.00000e-01	nan	nan
-2.40721e+00	2.00000e-01	6.03040e-01	2.00000e-01	nan	nan
-1.57135e+00	2.00000e-01	7.50660e-01	2.00000e-01	nan	nan
-7.75477e-01	2.00000e-01	2.45383e-02	2.00000e-01	nan	nan
-9.47143e-01	2.00000e-01	2.53568e-01	2.00000e-01	nan	nan
-8.71288e-01	2.00000e-01	-3.91047e-03	2.00000e-01	nan	nan
-1.04330e+00	2.00000e-01	2.09581e-01	2.00000e-01	nan	nan
-1.47660e+00	2.00000e-01	4.61787e-01	2.00000e-01	nan	nan
-2.81489e+00	2.00000e-01	9.15871e-01	2.00000e-01	nan	nan
-1.34049e+00	2.00000e-01	4.88007e-01	2.00000e-01	nan	nan
-8.85695e-01	2.00000e-01	2.98370e-01	2.00000e-01	nan	nan
-1.32886e+00	2.00000e-01	2.21617e-01	2.00000e-01	nan	nan
-1.36543e+00	2.00000e-01	-1.52182e-01	2.00000e-01	nan	nan
-7.53070e-01	2.00000e-01	-1.57224e-02	2.00000e-01	nan	nan
-1.31151e+00	2.00000e-01	2.29222e-01	2.00000e-01	nan	nan
-8.45011e-01	2.00000e-01	-1.59373e-02	2.00000e-01	nan	nan
-1.31160e+00	2.00000e-01	3.72183e-01	2.00000e-01	nan	nan
-1.34466e+00	2.00000e-01	4.15149e-01	2.00000e-01	nan	nan
-1.01712e+00	2.00000e-01	2.19892e-01	2.00000e-01	nan	nan
-1.27746e+00	2.00000e-01	3.47193e-02	2.00000e-01	nan	nan
-1.26132e+00	2.00000e-01	1.42623e-01	2.00000e-01	nan	nan
-1.02736e+00	2.00000e-01	9.02616e-02	2.00000e-01	nan	nan
-4.71916e-01	2.00000e-01	9.58765e-02	2.00000e-01	nan	nan
-1.44509e+00	2.00000e-01	-4.10798e-02	2.00000e-01	nan	nan
-1.56669e+00	2.00000e-01	2.87487e-01	2.00000e-01	nan	nan
-9.96958e-01	2.00000e-01	-6.61389e-03	2.00000e-01	nan	nan
-6.34910e-01	2.00000e-01	4.43666e-01	2.00000e-01	nan	nan
-1.12117e+00	2.00000e-01	-6.59799e-02	2.00000e-01	nan	nan
-6.84327e-01	2.00000e-01	1.41013e-01	2.00000e-01	nan	nan
-1.79623e+00	2.00000e-01	3.70545e-01	2.00000e-01	nan	nan
-1.13721e+00	2.00000e-01	2.96402e-01	2.00000e-01	nan	nan
-1.31750e+00	2.00000e-01	3.55696e-01	2.00000e-01	nan	nan
-9.60150e-01	2.00000e-01	-1.88046e-01	2.00000e-01	nan	nan
-1.09523e+00	2.00000e-01	-6.87586e-02	2.00000e-01	nan	nan
-9.32453e-01	2.00000e-01	1.09600e-01	2.00000e-01	nan	nan
-1.18356e+00	2.00000e-01	2.46651e-02	2.00000e-01	nan	nan
-2.07932e+00	2.00000e-01	1.92474e-01	2.00000e-01	nan	nan
-1.19127e-01	2.00000e-01	-4.04778e-01	2.00000e-01	nan	nan
-5.66521e-01	2.00000e-01	2.57360e-01	2.00000e-01	nan	nan
-1.16187e+00	2.00000e-01	1.36075e-01	2.00000e-01	nan	nan
-3.28445e-01	2.00000e-01	-2.07171e-02	2.00000e-01	nan	nan
-1.10989e+00	2.00000e-01	1.78054e-03	2.00000e-01	nan	nan
-1.26112e+00	2.00000e-01	5.34726e-01	2.00000e-01	nan	nan
-7.97307e-01	2.00000e-01	1.87677e-01	2.00000e-01	nan	nan
-1.11384e+00	2.00000e-01	3.85567e-01	2.00000e-01	nan	nan
-8.01244e-01	2.00000e-01	-2.54819e-01	2.00000e-01	nan	nan
-2.16571e-01	2.00000e-01	-1.48280e-01	2.00000e-01	nan	nan
-4.09398e-01	2.00000e-01	-2.80210e-02	2.00000e-01	nan	nan
-2.83130e+00	2.00000e-01	3.60599e-01	2.00000e-01	nan	nan
-3.92610e-01	2.00000e-01	4.52739e-01	2.00000e-01	nan	nan
-1.37448e+00	2.00000e-01	2.69858e-01	2.00000e-01	nan	nan
-7.70626e-01	2.00000e-01	2.99702e-01	2.00000e-01	nan	nan
-6.92083e-01	2.00000e-01	1.80357e-01	2.00000e-01	nan	nan
-6.94564e-01	2.00000e-01	2.52987e-02	2.00000e-01	nan	nan
-1.39489e+00	2.00000e-01	2.80778e-01	2.00000e-01	nan	nan
-9.94992e-01	2.00000e-01	2.01693e-01	2.00000e-01	nan	nan
-1.39707e+00	2.00000e-01	2.51976e-01	2.00000e-01	nan	nan
-2.08029e+00	2.00000e-01	4.13006e-01	2.00000e-01	nan	nan
-3.26188e-01	2.00000e-01	-3.11558e-01	2.00000e-01	nan	nan
-7.51072e-01	2.00000e-01	-2.02938e-01	2.00000e-01	nan	nan
-7.10882e-01	2.00000e-01	2.39043e-02	2.00000e-01	nan	nan
-1.31694e+00	2.00000e-01	2.78302e-01	2.00000e-01	nan	nan
-1.37993e+00	2.00000e-01	-6.43329e-02	2.00000e-01	nan	nan
-2.48581e-01	2.00000e-01	-4.20327e-01	2.00000e-01	nan	nan
-7.95107e-01	2.00000e-01	-4.94951e-01	2.00000e-01	nan	nan
-1.39062e+00	2.00000e-01	3.61522e-01	2.00000e-01	nan	nan
-1.49031e+00	2.00000e-01	4.96218e-01	2.00000e-01	nan	nan
-1.05167e+00	2.00000e-01	1.13638e-01	2.00000e-01	nan	nan
-1.22675e+00	2.00000e-01	4.42191e-01	2.00000e-01	nan	nan
-5.22571e-01	2.00000e-01	-2.84644e-01	2.00000e-01	nan	nan
-1.23732e+00	2.00000e-01	3.41710e-02	2.00000e-01	nan	nan
-1.59382e+00	2.00000e-01	2.01506e-01	2.00000e-01	nan	nan
-1.10379e+00	2.00000e-01	2.64181e-01	2.00000e-01	nan	nan
-1.45854e+00	2.00000e-01	1.69945e-01	2.00000e-01	nan	nan
-1.47857e+00	2.00000e-01	2.28043e-01	2.00000e-01	nan	nan
-1.14149e+00	2.00000e-01	3.37447e-01	2.00000e-01	nan	nan
-1.30407e+00	2.00000e-01	4.26346e-01	2.00000e-01	nan	nan
-9.75279e-01	2.00000e-01	5.75976e-01	2.00000e-01	nan	nan
-1.13422e+00	2.00000e-01	4.04852e-01	2.00000e-01	nan	nan
-1.38894e+00	2.00000e-01	4.46916e-02	2.00000e-01	nan	nan
-9.70793e-01	2.00000e-01	4.53634e-01	2.00000e-01	nan	nan
-1.10765e+00	2.00000e-01	5.20388e-01	2.00000e-01	nan	nan
-4.54403e-01	2.00000e-01	6.86207e-02	2.00000e-01	nan	nan
-1.30715e+00	2.00000e-01	2.46233e-01	2.00000e-01	nan	nan
-1.64774e+00	2.00000e-01	9.04796e-02	2.00000e-01	nan	nan
-7.95010e-01	2.00000e-01	2.54114e-01	2.00000e-01	nan	nan
-9.22632e-01	2.00000e-01	1.97740e-01	2.00000e-01	nan	nan
-7.92236e-01	2.00000e-01	1.58017e-01	2.00000e-01	nan	nan
-1.60652e+00	2.00000e-01	2.66398e-01	2.00000e-01	nan	nan
-8.90206e-01	2.00000e-01	4.41353e-02	2.00000e-01	nan	nan
-1.19260e+00	2.00000e-01	2.52385e-01	2.00000e-01	nan	nan
-1.20932e+00	2.00000e-01	4.12976e-01	2.00000e-01	nan	nan
-1.03054e+00	2.00000e-01	8.02286e-02	2.00000e-01	nan	nan
-1.64807e+00	2.00000e-01	2.97432e-01	2.00000e-01	nan	nan
-1.23870e+00	2.00000e-01	2.08780e-01	2.00000e-01	nan	nan
-2.21120e+00	2.00000e-01	5.11839e-01	2.00000e-01	nan	nan
-1.33090e+00	2.00000e-01	3.52500e-01	2.00000e-01	nan	nan
-3.48558e-01	2.00000e-01	6.83230e-02	2.00000e-01	nan	nan
-7.04191e-01	2.00000e-01	4.03408e-01	2.00000e-01	nan	nan
-1.05911e+00	2.00000e-01	5.98216e-01	2.00000e-01	nan	nan
-1.56380e+00	2.00000e-01	1.80976e-01	2.00000e-01	nan	nan
-1.37848e+00	2.00000e-01	3.71151e-01	2.00000e-01	nan	nan
-7.67944e-01	2.00000e-01	-1.06806e-03	2.00000e-01	nan	nan
-5.47364e-01	2.00000e-01	1.94453e-01	2.00000e-01	nan	nan
-9.41855e-01	2.00000e-01	2.55254e-01	2.00000e-01	nan	nan
-7.43843e-01	2.00000e-01	-2.30974e-01	2.00000e-01	nan	nan
-1.39044e+00	2.00000e-01	4.53009e-02	2.00000e-01	nan	nan
-1.16882e+00	2.00000e-01	1.43584e-01	2.00000e-01	nan	nan
-7.54230e-01	2.00000e-01	-6.10792e-02	2.00000e-01	nan	nan
-1.15845e+00	2.00000e-01	2.78881e-01	2.00000e-01	nan	nan
-1.27965e+00	2.00000e-01	1.14491e-01	2.00000e-01	nan	nan
-9.56953e-01	2.00000e-01	-3.30698e-02	2.00000e-01	nan	nan
-1.95535e+00	2.00000e-01	-3.40565e-02	2.00000e-01	nan	nan
-6.28300e-01	2.00000e-01	6.07690e-01	2.00000e-01	nan	nan
-9.23449e-01	2.00000e-01	2.21129e-01	2.00000e-01	nan	nan
-6.70201e-01	2.00000e-01	1.43827e-01	2.00000e-01	nan	nan
-6.49664e-01	2.00000e-01	2.00497e-01	2.00000e-01	nan	nan
-1.18609e+00	2.00000e-01	1.94836e-01	2.00000e-01	nan	nan
-6.07379e-01	2.00000e-01	5.22750e-02	2.00000e-01	nan	nan
-9.75515e-01	2.00000e-01	-6.04975e-02	2.00000e-01	nan	nan
-1.28918e+00	2.00000e-01	1.07391e-01	2.00000e-01	nan	nan
-6.34713e-01	2.00000e-01	-3.30507e-01	2.00000e-01	nan	nan
-7.19902e-01	2.00000e-01	2.65971e-01	2.00000e-01	nan	nan
-1.03882e+00	2.00000e-01	2.04490e-01	2.00000e-01	nan	nan
-1.00984e+00	2.00000e-01	2.28868e-02	2.00000e-01	nan	nan
-6.58294e-01	2.00000e-01	-3.17476e-02	2.00000e-01	nan	nan
-1.46848e+00	2.00000e-01	-5.47109e-02	2.00000e-01	nan	nan
-6.75667e-01	2.00000e-01	-2.61196e-01	2.00000e-01	nan	nan
-5.89293e-01	2.00000e-01	-1.29387e-01	2.00000e-01	nan	nan
-5.35268e-01	2.00000e-01	2.22288e-01	2.00000e-01	nan	nan
-1.13593e+00	2.00000e-01	2.64111e-01	2.00000e-01	nan	nan
-1.12777e+00	2.00000e-01	-5.15076e-01	2.00000e-01	nan	nan
-1.52935e+00	2.00000e-01	1.45107e-01	2.00000e-01	nan	nan
-1.06666e+00	2.00000e-01	3.68032e-01	2.00000e-01	nan	nan
-1.16042e+00	2.00000e-01	1.62634e-01	2.00000e-01	nan	nan
-5.59020e-01	2.00000e-01	1.28577e-01	2.00000e-01	nan	nan
-1.72999e+00	2.00000e-01	1.98692e-01	2.00000e-01	nan	nan
-1.15415e+00	2.00000e-01	2.36690e-01	2.00000e-01	nan	nan
-1.04261e+00	2.00000e-01	-6.73638e-02	2.00000e-01	nan	nan
-5.16324e-01	2.00000e-01	1.01537e-01	2.00000e-01	nan	nan
-8.21429e-01	2.00000e-01	1.42805e-01	2.00000e-01	nan	nan
-1.05942e-01	2.00000e-01	-3.11310e-01	2.00000e-01	nan	nan
-1.08086e+00	2.00000e-01	1.27655e-01	2.00000e-01	nan	nan
-1.02766e+00	2.00000e-01	1.00099e-01	2.00000e-01	nan	nan
-1.02607e+00	2.00000e-01	2.00214e-01	2.00000e-01	nan	nan
-1.17034e+00	2.00000e-01	1.19042e-01	2.00000e-01	nan	nan
-1.58733e+00	2.00000e-01	3.09920e-01	2.00000e-01	nan	nan
-1.61661e+00	2.00000e-01	6.43418e-01	2.00000e-01	nan	nan
-1.22144e+00	2.00000e-01	2.18525e-01	2.00000e-01	nan	nan
-1.58156e+00	2.00000e-01	4.21499e-01	2.00000e-01	nan	nan
-1.09423e+00	2.00000e-01	4.11450e-01	2.00000e-01	nan	nan
-1.07791e+00	2.00000e-01	2.02865e-01	2.00000e-01	nan	nan
-1.86442e+00	2.00000e-01	1.19910e-01	2.00000e-01	nan	nan
-9.86532e-01	2.00000e-01	5.25242e-02	2.00000e-01	nan	nan
-1.15103e+00	2.00000e-01	1.43712e-02	2.00000e-01	nan	nan
-6.84187e-01	2.00000e-01	-1.07110e-01	2.00000e-01	nan	nan
-1.70067e+00	2.00000e-01	4.00025e-01	2.00000e-01	nan	nan
-9.43828e-01	2.00000e-01	3.47646e-01	2.00000e-01	nan	nan
-7.76821e-01	2.00000e-01	-1.33490e-01	2.00000e-01	nan	nan
-1.19394e+00	2.00000e-01	1.59913e-01	2.00000e-01	nan	nan
-1.24793e+00	2.00000e-01	1.93507e-01	2.00000e-01	nan	nan
-8.16552e-01	2.00000e-01	1.37639e-01	2.00000e-01	nan	nan
