# [Fe/H]	[Fe/H]_err	[O/Fe]	[O/Fe]_err	Log(age/Gyr)	Log(age/Gyr)_err
-3.93748e-01	5.00000e-02	-1.35844e-01	5.00000e-02	1.14927e+00	1.00000e+00
-6.09492e-01	5.00000e-02	9.57035e-02	5.00000e-02	-2.74770e-01	1.00000e+00
-1.44997e+00	5.00000e-02	3.08783e-01	5.00000e-02	1.93839e+00	1.00000e+00
-1.38965e+00	5.00000e-02	2.01584e-01	5.00000e-02	2.17199e+00	1.00000e+00
-5.52489e-01	5.00000e-02	7.36980e-02	5.00000e-02	4.03781e-01	1.00000e+00
-6.27017e-01	5.00000e-02	4.62450e-02	5.00000e-02	1.63372e+00	1.00000e+00
-1.42724e+00	5.00000e-02	3.52282e-01	5.00000e-02	2.66066e+00	1.00000e+00
-8.50120e-01	5.00000e-02	1.37787e-01	5.00000e-02	1.03833e+00	1.00000e+00
-1.13378e+00	5.00000e-02	2.78264e-01	5.00000e-02	-6.26603e-01	1.00000e+00
-1.41121e+00	5.00000e-02	3.15239e-01	5.00000e-02	1.50882e+00	1.00000e+00
-2.07663e+00	5.00000e-02	3.58523e-01	5.00000e-02	1.62773e+00	1.00000e+00
-1.00712e+00	5.00000e-02	1.72990e-01	5.00000e-02	8.70890e-01	1.00000e+00
-9.48784e-01	5.00000e-02	2.23633e-01	5.00000e-02	2.69461e+00	1.00000e+00
-6.90406e-01	5.00000e-02	4.18736e-02	5.00000e-02	1.68787e+00	1.00000e+00
-6.64303e-01	5.00000e-02	1.59865e-01	5.00000e-02	1.55904e+00	1.00000e+00
-8.73739e-01	5.00000e-02	1.93789e-01	5.00000e-02	2.01481e+00	1.00000e+00
-8.12659e-01	5.00000e-02	1.73642e-01	5.00000e-02	7.58391e-01	1.00000e+00
-1.08023e+00	5.00000e-02	1.87217e-01	5.00000e-02	-2.98304e-01	1.00000e+00
-7.69124e-01	5.00000e-02	2.94041e-01	5.00000e-02	1.58352e+00	1.00000e+00
-1.13467e+00	5.00000e-02	2.55221e-01	5.00000e-02	-3.94335e-01	1.00000e+00
-1.26432e+00	5.00000e-02	3.45575e-01	5.00000e-02	9.21440e-01	1.00000e+00
-4.59465e-01	5.00000e-02	-8.44990e-03	5.00000e-02	1.32885e+00	1.00000e+00
-6.21970e-01	5.00000e-02	5.11180e-02	5.00000e-02	1.45947e+00	1.00000e+00
-4.93602e-01	5.00000e-02	-4.26088e-02	5.00000e-02	8.59875e-01	1.00000e+00
-6.17329e-01	5.00000e-02	1.05145e-01	5.00000e-02	6.03636e-01	1.00000e+00
-9.09058e-01	5.00000e-02	2.61049e-01	5.00000e-02	3.30315e+00	1.00000e+00
-6.82216e-01	5.00000e-02	1.15158e-01	5.00000e-02	-1.70326e-01	1.00000e+00
-8.50951e-01	5.00000e-02	2.40110e-01	5.00000e-02	2.02772e+00	1.00000e+00
-1.44531e+00	5.00000e-02	2.76399e-01	5.00000e-02	2.80940e-01	1.00000e+00
-1.09964e+00	5.00000e-02	3.22394e-01	5.00000e-02	2.31660e-01	1.00000e+00
-6.52353e-01	5.00000e-02	1.18394e-01	5.00000e-02	-4.84637e-01	1.00000e+00
-1.21245e+00	5.00000e-02	2.18062e-01	5.00000e-02	8.49970e-01	1.00000e+00
-1.47776e+00	5.00000e-02	3.77337e-01	5.00000e-02	2.92324e+00	1.00000e+00
-3.70869e-01	5.00000e-02	-4.13381e-02	5.00000e-02	1.15284e+00	1.00000e+00
-1.35729e+00	5.00000e-02	2.15324e-01	5.00000e-02	2.52099e+00	1.00000e+00
-6.30132e-01	5.00000e-02	6.14589e-02	5.00000e-02	1.02603e+00	1.00000e+00
-1.77365e+00	5.00000e-02	3.43490e-01	5.00000e-02	2.00069e-01	1.00000e+00
-1.48359e+00	5.00000e-02	4.33612e-01	5.00000e-02	1.69340e+00	1.00000e+00
-1.94569e+00	5.00000e-02	5.14289e-01	5.00000e-02	2.46969e+00	1.00000e+00
-9.93418e-01	5.00000e-02	2.71125e-01	5.00000e-02	2.84041e+00	1.00000e+00
-8.65877e-01	5.00000e-02	1.95266e-01	5.00000e-02	1.76110e+00	1.00000e+00
-2.03055e+00	5.00000e-02	4.56609e-01	5.00000e-02	1.79965e+00	1.00000e+00
-1.04891e+00	5.00000e-02	1.88451e-01	5.00000e-02	1.28238e-01	1.00000e+00
-7.23792e-01	5.00000e-02	1.02541e-01	5.00000e-02	1.88313e+00	1.00000e+00
-1.63329e+00	5.00000e-02	3.48557e-01	5.00000e-02	1.07627e+00	1.00000e+00
-1.02460e+00	5.00000e-02	1.73479e-01	5.00000e-02	1.44312e+00	1.00000e+00
-1.39433e+00	5.00000e-02	2.94061e-01	5.00000e-02	1.35306e+00	1.00000e+00
-1.07646e+00	5.00000e-02	2.88495e-01	5.00000e-02	1.05132e+00	1.00000e+00
-1.86542e+00	5.00000e-02	4.13053e-01	5.00000e-02	3.12622e+00	1.00000e+00
-1.43111e+00	5.00000e-02	2.34554e-01	5.00000e-02	4.89890e-01	1.00000e+00
-9.38499e-01	5.00000e-02	2.62317e-01	5.00000e-02	1.48948e+00	1.00000e+00
-4.77900e-01	5.00000e-02	2.64547e-02	5.00000e-02	2.30494e+00	1.00000e+00
-1.36573e+00	5.00000e-02	2.11298e-01	5.00000e-02	5.09077e-01	1.00000e+00
-9.05918e-01	5.00000e-02	9.30878e-02	5.00000e-02	-1.03653e-01	1.00000e+00
-3.69112e-01	5.00000e-02	2.79196e-02	5.00000e-02	-4.78068e-01	1.00000e+00
-8.52919e-01	5.00000e-02	1.78130e-01	5.00000e-02	2.08270e+00	1.00000e+00
-8.86326e-01	5.00000e-02	7.97479e-02	5.00000e-02	-4.44247e-01	1.00000e+00
-6.08016e-01	5.00000e-02	1.75404e-01	5.00000e-02	2.18572e+00	1.00000e+00
-9.27023e-01	5.00000e-02	1.79161e-01	5.00000e-02	-1.03395e-01	1.00000e+00
-1.00390e+00	5.00000e-02	1.50095e-01	5.00000e-02	1.48799e+00	1.00000e+00
-1.06675e+00	5.00000e-02	2.23704e-01	5.00000e-02	1.14555e+00	1.00000e+00
-7.14851e-01	5.00000e-02	2.33338e-01	5.00000e-02	-1.10524e+00	1.00000e+00
-6.44893e-01	5.00000e-02	2.54897e-02	5.00000e-02	1.04930e+00	1.00000e+00
-1.07159e+00	5.00000e-02	1.44577e-01	5.00000e-02	1.64508e+00	1.00000e+00
-1.05707e+00	5.00000e-02	2.35753e-01	5.00000e-02	9.49995e-01	1.00000e+00
-4.21683e-01	5.00000e-02	5.66557e-02	5.00000e-02	1.13746e+00	1.00000e+00
-1.23903e+00	5.00000e-02	2.47800e-01	5.00000e-02	9.46791e-01	1.00000e+00
-1.17470e+00	5.00000e-02	2.04722e-01	5.00000e-02	1.55547e+00	1.00000e+00
-1.62202e+00	5.00000e-02	2.72488e-01	5.00000e-02	1.43435e+00	1.00000e+00
-1.06231e+00	5.00000e-02	1.90233e-01	5.00000e-02	-9.80526e-02	1.00000e+00
-2.33062e+00	5.00000e-02	4.41643e-01	5.00000e-02	1.42442e+00	1.00000e+00
-8.42345e-01	5.00000e-02	1.11669e-01	5.00000e-02	1.58775e+00	1.00000e+00
-1.32095e+00	5.00000e-02	1.92513e-01	5.00000e-02	7.32218e-01	1.00000e+00
-2.35591e+00	5.00000e-02	3.93017e-01	5.00000e-02	7.36060e-01	1.00000e+00
-1.24566e+00	5.00000e-02	2.22305e-01	5.00000e-02	1.61892e+00	1.00000e+00
-1.11521e+00	5.00000e-02	2.24954e-01	5.00000e-02	5.94657e-01	1.00000e+00
-6.95352e-01	5.00000e-02	1.22987e-01	5.00000e-02	2.92652e+00	1.00000e+00
-7.70126e-01	5.00000e-02	2.27085e-01	5.00000e-02	2.37680e+00	1.00000e+00
-9.88368e-01	5.00000e-02	1.95950e-01	5.00000e-02	1.69143e+00	1.00000e+00
-1.01640e+00	5.00000e-02	1.78973e-01	5.00000e-02	5.26233e-01	1.00000e+00
-2.02496e+00	5.00000e-02	3.59913e-01	5.00000e-02	1.36064e+00	1.00000e+00
-1.05926e+00	5.00000e-02	1.48916e-01	5.00000e-02	-7.86613e-01	1.00000e+00
-1.39225e+00	5.00000e-02	4.10634e-01	5.00000e-02	1.90462e-01	1.00000e+00
-1.54890e+00	5.00000e-02	3.73127e-01	5.00000e-02	3.04653e-01	1.00000e+00
-6.35122e-01	5.00000e-02	5.10035e-02	5.00000e-02	1.57450e+00	1.00000e+00
-1.03016e+00	5.00000e-02	2.71409e-01	5.00000e-02	2.06319e+00	1.00000e+00
-9.61635e-01	5.00000e-02	2.13057e-01	5.00000e-02	9.98822e-01	1.00000e+00
-1.26726e+00	5.00000e-02	3.06557e-01	5.00000e-02	1.26099e+00	1.00000e+00
-1.97594e+00	5.00000e-02	4.70950e-01	5.00000e-02	-7.56629e-02	1.00000e+00
-5.75159e-01	5.00000e-02	9.04145e-02	5.00000e-02	3.23419e+00	1.00000e+00
-8.71308e-01	5.00000e-02	1.64805e-01	5.00000e-02	8.52756e-01	1.00000e+00
-1.75941e+00	5.00000e-02	3.88943e-01	5.00000e-02	2.78087e+00	1.00000e+00
-9.06511e-01	5.00000e-02	1.94146e-01	5.00000e-02	1.25816e+00	1.00000e+00
-1.25601e+00	5.00000e-02	1.90367e-01	5.00000e-02	1.02644e+00	1.00000e+00
-1.43736e+00	5.00000e-02	3.19327e-01	5.00000e-02	2.75378e+00	1.00000e+00
-8.67221e-01	5.00000e-02	1.86881e-01	5.00000e-02	7.46984e-01	1.00000e+00
-6.46018e-01	5.00000e-02	8.48422e-02	5.00000e-02	7.73384e-01	1.00000e+00
-1.19449e+00	5.00000e-02	1.74390e-01	5.00000e-02	1.07193e+00	1.00000e+00
-8.66512e-01	5.00000e-02	1.81594e-01	5.00000e-02	1.12855e+00	1.00000e+00
-7.88241e-01	5.00000e-02	1.65630e-01	5.00000e-02	2.94955e+00	1.00000e+00
-1.41892e+00	5.00000e-02	3.07093e-01	5.00000e-02	nan	nan
-7.54221e-01	5.00000e-02	1.17711e-01	5.00000e-02	nan	nan
-4.91406e-01	5.00000e-02	-4.17500e-04	5.00000e-02	nan	nan
-1.47757e+00	5.00000e-02	3.19914e-01	5.00000e-02	nan	nan
-1.43482e+00	5.00000e-02	3.09925e-01	5.00000e-02	nan	nan
-1.01265e+00	5.00000e-02	2.42315e-01	5.00000e-02	nan	nan
-1.28569e+00	5.00000e-02	2.98122e-01	5.00000e-02	nan	nan
-1.10421e+00	5.00000e-02	3.49568e-01	5.00000e-02	nan	nan
-1.16629e+00	5.00000e-02	2.75629e-01	5.00000e-02	nan	nan
-3.53387e-01	5.00000e-02	-1.01473e-02	5.00000e-02	nan	nan
-5.16895e-01	5.00000e-02	-1.75755e-02	5.00000e-02	nan	nan
-1.21841e+00	5.00000e-02	2.17208e-01	5.00000e-02	nan	nan
-8.31463e-01	5.00000e-02	9.14077e-02	5.00000e-02	nan	nan
-9.88789e-01	5.00000e-02	1.44903e-01	5.00000e-02	nan	nan
-3.08267e-01	5.00000e-02	-8.95416e-02	5.00000e-02	nan	nan
-1.09264e+00	5.00000e-02	2.83775e-01	5.00000e-02	nan	nan
-1.02751e+00	5.00000e-02	2.45194e-01	5.00000e-02	nan	nan
-3.44251e-01	5.00000e-02	-1.41503e-01	5.00000e-02	nan	nan
-6.47452e-01	5.00000e-02	1.09905e-01	5.00000e-02	nan	nan
-1.07860e+00	5.00000e-02	2.65356e-01	5.00000e-02	nan	nan
-1.01878e+00	5.00000e-02	2.72583e-01	5.00000e-02	nan	nan
-6.64802e-01	5.00000e-02	1.13123e-01	5.00000e-02	nan	nan
-4.88624e-01	5.00000e-02	-9.80961e-02	5.00000e-02	nan	nan
-9.36147e-01	5.00000e-02	2.82992e-01	5.00000e-02	nan	nan
-1.00393e+00	5.00000e-02	1.97879e-01	5.00000e-02	nan	nan
-1.42431e+00	5.00000e-02	2.70985e-01	5.00000e-02	nan	nan
-1.47338e+00	5.00000e-02	2.90099e-01	5.00000e-02	nan	nan
-1.10674e+00	5.00000e-02	2.38230e-01	5.00000e-02	nan	nan
-1.27077e+00	5.00000e-02	2.73244e-01	5.00000e-02	nan	nan
-8.03386e-01	5.00000e-02	9.82949e-02	5.00000e-02	nan	nan
-9.56354e-01	5.00000e-02	1.10301e-01	5.00000e-02	nan	nan
-1.58598e+00	5.00000e-02	3.67409e-01	5.00000e-02	nan	nan
-5.68522e-01	5.00000e-02	1.04850e-02	5.00000e-02	nan	nan
-1.09629e+00	5.00000e-02	2.42042e-01	5.00000e-02	nan	nan
-7.78945e-01	5.00000e-02	1.34200e-01	5.00000e-02	nan	nan
-1.61657e+00	5.00000e-02	3.24723e-01	5.00000e-02	nan	nan
-8.93885e-01	5.00000e-02	2.10073e-01	5.00000e-02	nan	nan
-8.78146e-01	5.00000e-02	1.82872e-01	5.00000e-02	nan	nan
-1.86656e+00	5.00000e-02	4.22367e-01	5.00000e-02	nan	nan
-8.56561e-01	5.00000e-02	1.50813e-01	5.00000e-02	nan	nan
-4.35521e-01	5.00000e-02	-1.42611e-02	5.00000e-02	nan	nan
-1.10716e+00	5.00000e-02	2.19796e-01	5.00000e-02	nan	nan
-9.30290e-01	5.00000e-02	2.28126e-01	5.00000e-02	nan	nan
-9.05225e-01	5.00000e-02	1.44004e-01	5.00000e-02	nan	nan
-8.39599e-01	5.00000e-02	1.59129e-01	5.00000e-02	nan	nan
-1.37818e+00	5.00000e-02	3.41929e-01	5.00000e-02	nan	nan
-1.86606e+00	5.00000e-02	4.11627e-01	5.00000e-02	nan	nan
-1.67239e+00	5.00000e-02	4.06197e-01	5.00000e-02	nan	nan
-9.19724e-01	5.00000e-02	1.08549e-01	5.00000e-02	nan	nan
-1.49745e+00	5.00000e-02	3.53108e-01	5.00000e-02	nan	nan
-7.96313e-01	5.00000e-02	1.44194e-01	5.00000e-02	nan	nan
-1.01423e+00	5.00000e-02	2.67237e-01	5.00000e-02	nan	nan
-1.56742e+00	5.00000e-02	3.05082e-01	5.00000e-02	nan	nan
-4.17256e-01	5.00000e-02	-1.11817e-01	5.00000e-02	nan	nan
-5.02869e-01	5.00000e-02	-3.06564e-02	5.00000e-02	nan	nan
-1.41451e+00	5.00000e-02	2.08706e-01	5.00000e-02	nan	nan
-7.41175e-01	5.00000e-02	3.78516e-02	5.00000e-02	nan	nan
-1.19675e+00	5.00000e-02	2.29990e-01	5.00000e-02	nan	nan
-4.27532e-01	5.00000e-02	-9.18359e-03	5.00000e-02	nan	nan
-6.55163e-01	5.00000e-02	1.07750e-01	5.00000e-02	nan	nan
-5.57378e-01	5.00000e-02	1.17529e-01	5.00000e-02	nan	nan
-1.74273e+00	5.00000e-02	2.61993e-01	5.00000e-02	nan	nan
-1.00808e+00	5.00000e-02	2.29391e-01	5.00000e-02	nan	nan
-6.16351e-01	5.00000e-02	5.00245e-02	5.00000e-02	nan	nan
-1.64375e+00	5.00000e-02	3.76119e-01	5.00000e-02	nan	nan
-1.04509e+00	5.00000e-02	3.03578e-01	5.00000e-02	nan	nan
-1.28787e+00	5.00000e-02	2.50269e-01	5.00000e-02	nan	nan
-6.82630e-01	5.00000e-02	9.27461e-02	5.00000e-02	nan	nan
-1.74092e+00	5.00000e-02	3.74025e-01	5.00000e-02	nan	nan
-1.79586e+00	5.00000e-02	4.05620e-01	5.00000e-02	nan	nan
-1.04793e+00	5.00000e-02	2.35521e-01	5.00000e-02	nan	nan
-6.70681e-01	5.00000e-02	1.45126e-01	5.00000e-02	nan	nan
-1.41922e+00	5.00000e-02	3.35901e-01	5.00000e-02	nan	nan
-1.08434e+00	5.00000e-02	2.26147e-01	5.00000e-02	nan	nan
-2.94765e-01	5.00000e-02	-1.03430e-01	5.00000e-02	nan	nan
-1.53729e+00	5.00000e-02	3.92650e-01	5.00000e-02	nan	nan
-1.63240e+00	5.00000e-02	3.32580e-01	5.00000e-02	nan	nan
-9.68214e-01	5.00000e-02	1.94374e-01	5.00000e-02	nan	nan
-9.87091e-01	5.00000e-02	2.29201e-01	5.00000e-02	nan	nan
-1.07240e+00	5.00000e-02	2.31996e-01	5.00000e-02	nan	nan
-9.24698e-01	5.00000e-02	2.59949e-01	5.00000e-02	nan	nan
-1.07383e+00	5.00000e-02	1.88974e-01	5.00000e-02	nan	nan
-5.05640e-01	5.00000e-02	-1.03215e-01	5.00000e-02	nan	nan
-1.31369e+00	5.00000e-02	1.85257e-01	5.00000e-02	nan	nan
-1.01896e+00	5.00000e-02	1.48597e-01	5.00000e-02	nan	nan
-1.53767e+00	5.00000e-02	3.29826e-01	5.00000e-02	nan	nan
-1.26175e+00	5.00000e-02	3.51243e-01	5.00000e-02	nan	nan
-1.28427e+00	5.00000e-02	3.28862e-01	5.00000e-02	nan	nan
-7.62510e-01	5.00000e-02	1.20673e-01	5.00000e-02	nan	nan
-1.34722e+00	5.00000e-02	2.76475e-01	5.00000e-02	nan	nan
-7.72153e-01	5.00000e-02	1.54939e-01	5.00000e-02	nan	nan
-8.64900e-01	5.00000e-02	8.64953e-02	5.00000e-02	nan	nan
-1.36778e+00	5.00000e-02	2.72987e-01	5.00000e-02	nan	nan
-1.65686e+00	5.00000e-02	3.13991e-01	5.00000e-02	nan	nan
-8.15437e-01	5.00000e-02	1.88486e-01	5.00000e-02	nan	nan
-7.81351e-01	5.00000e-02	2.72182e-01	5.00000e-02	nan	nan
-1.35252e+00	5.00000e-02	2.93669e-01	5.00000e-02	nan	nan
-6.67027e-01	5.00000e-02	9.79751e-02	5.00000e-02	nan	nan
-1.06091e+00	5.00000e-02	1.89458e-01	5.00000e-02	nan	nan
-7.32797e-01	5.00000e-02	6.79756e-02	5.00000e-02	nan	nan
-2.04795e+00	5.00000e-02	4.73474e-01	5.00000e-02	nan	nan
-1.40180e+00	5.00000e-02	1.88855e-01	5.00000e-02	nan	nan
-1.40216e+00	5.00000e-02	3.34795e-01	5.00000e-02	nan	nan
-2.15226e+00	5.00000e-02	3.14447e-01	5.00000e-02	nan	nan
-7.82370e-01	5.00000e-02	7.14727e-02	5.00000e-02	nan	nan
-3.52817e-01	5.00000e-02	-4.43606e-02	5.00000e-02	nan	nan
-1.24300e+00	5.00000e-02	2.23529e-01	5.00000e-02	nan	nan
-1.86074e+00	5.00000e-02	4.11465e-01	5.00000e-02	nan	nan
-7.62239e-01	5.00000e-02	5.59565e-02	5.00000e-02	nan	nan
-9.75488e-01	5.00000e-02	2.61109e-01	5.00000e-02	nan	nan
-1.13249e+00	5.00000e-02	2.37568e-01	5.00000e-02	nan	nan
-1.93804e+00	5.00000e-02	3.02414e-01	5.00000e-02	nan	nan
-5.36992e-01	5.00000e-02	1.20878e-02	5.00000e-02	nan	nan
-6.66738e-01	5.00000e-02	4.59536e-02	5.00000e-02	nan	nan
-7.63574e-01	5.00000e-02	2.24472e-01	5.00000e-02	nan	nan
-2.30381e+00	5.00000e-02	5.06816e-01	5.00000e-02	nan	nan
-1.93986e+00	5.00000e-02	3.47234e-01	5.00000e-02	nan	nan
-1.33219e+00	5.00000e-02	3.47414e-01	5.00000e-02	nan	nan
-5.25237e-01	5.00000e-02	1.03126e-01	5.00000e-02	nan	nan
-1.04069e+00	5.00000e-02	2.14210e-01	5.00000e-02	nan	nan
-1.02167e+00	5.00000e-02	2.84258e-01	5.00000e-02	nan	nan
-9.00941e-01	5.00000e-02	5.62238e-02	5.00000e-02	nan	nan
-1.15015e+00	5.00000e-02	2.24968e-01	5.00000e-02	nan	nan
-1.07202e+00	5.00000e-02	2.18782e-01	5.00000e-02	nan	nan
-1.36364e+00	5.00000e-02	2.84950e-01	5.00000e-02	nan	nan
-7.61534e-01	5.00000e-02	1.65571e-01	5.00000e-02	nan	nan
-1.72872e+00	5.00000e-02	4.69230e-01	5.00000e-02	nan	nan
-1.15644e+00	5.00000e-02	2.82847e-01	5.00000e-02	nan	nan
-7.90962e-01	5.00000e-02	1.11678e-01	5.00000e-02	nan	nan
-1.44515e+00	5.00000e-02	2.35395e-01	5.00000e-02	nan	nan
-1.76173e+00	5.00000e-02	4.57926e-01	5.00000e-02	nan	nan
-1.14749e+00	5.00000e-02	2.68170e-01	5.00000e-02	nan	nan
-1.00751e+00	5.00000e-02	2.22439e-01	5.00000e-02	nan	nan
-1.48733e+00	5.00000e-02	2.91946e-01	5.00000e-02	nan	nan
-1.25058e+00	5.00000e-02	2.78249e-01	5.00000e-02	nan	nan
-1.40182e+00	5.00000e-02	2.33924e-01	5.00000e-02	nan	nan
-9.09423e-01	5.00000e-02	1.70206e-01	5.00000e-02	nan	nan
-1.79460e+00	5.00000e-02	3.74207e-01	5.00000e-02	nan	nan
-7.34802e-01	5.00000e-02	1.69008e-01	5.00000e-02	nan	nan
-8.28817e-01	5.00000e-02	1.09897e-01	5.00000e-02	nan	nan
-2.08391e+00	5.00000e-02	3.93402e-01	5.00000e-02	nan	nan
-1.14117e+00	5.00000e-02	3.13643e-01	5.00000e-02	nan	nan
-1.22870e+00	5.00000e-02	2.89651e-01	5.00000e-02	nan	nan
-1.02515e+00	5.00000e-02	2.21003e-01	5.00000e-02	nan	nan
-5.36520e-01	5.00000e-02	7.19834e-02	5.00000e-02	nan	nan
-3.39851e-01	5.00000e-02	-6.41449e-02	5.00000e-02	nan	nan
-9.55418e-01	5.00000e-02	2.34338e-01	5.00000e-02	nan	nan
-1.24245e+00	5.00000e-02	2.65993e-01	5.00000e-02	nan	nan
-8.90176e-01	5.00000e-02	1.41470e-01	5.00000e-02	nan	nan
-8.97653e-01	5.00000e-02	1.89066e-01	5.00000e-02	nan	nan
-1.33552e+00	5.00000e-02	2.81815e-01	5.00000e-02	nan	nan
-1.02850e+00	5.00000e-02	1.43225e-01	5.00000e-02	nan	nan
-1.11280e+00	5.00000e-02	2.87737e-01	5.00000e-02	nan	nan
-1.06163e+00	5.00000e-02	1.70054e-01	5.00000e-02	nan	nan
-6.13574e-01	5.00000e-02	6.99811e-02	5.00000e-02	nan	nan
-1.19611e+00	5.00000e-02	2.57271e-01	5.00000e-02	nan	nan
-9.42862e-01	5.00000e-02	1.64277e-01	5.00000e-02	nan	nan
-6.66127e-01	5.00000e-02	3.35601e-02	5.00000e-02	nan	nan
-1.28595e+00	5.00000e-02	2.89994e-01	5.00000e-02	nan	nan
-1.09168e+00	5.00000e-02	2.33627e-01	5.00000e-02	nan	nan
-1.20764e+00	5.00000e-02	2.94528e-01	5.00000e-02	nan	nan
-9.25262e-01	5.00000e-02	1.87135e-01	5.00000e-02	nan	nan
-1.61351e+00	5.00000e-02	3.72408e-01	5.00000e-02	nan	nan
-1.10940e+00	5.00000e-02	2.35070e-01	5.00000e-02	nan	nan
-9.06387e-01	5.00000e-02	2.15714e-01	5.00000e-02	nan	nan
-9.97354e-01	5.00000e-02	2.37018e-01	5.00000e-02	nan	nan
-1.06750e+00	5.00000e-02	2.11307e-01	5.00000e-02	nan	nan
-2.17528e+00	5.00000e-02	4.85329e-01	5.00000e-02	nan	nan
-1.63801e+00	5.00000e-02	4.03152e-01	5.00000e-02	nan	nan
-1.49130e+00	5.00000e-02	2.75381e-01	5.00000e-02	nan	nan
-1.61924e+00	5.00000e-02	4.30171e-01	5.00000e-02	nan	nan
-1.25978e+00	5.00000e-02	2.98410e-01	5.00000e-02	nan	nan
-4.44397e-01	5.00000e-02	-4.76856e-02	5.00000e-02	nan	nan
-1.25304e+00	5.00000e-02	1.70885e-01	5.00000e-02	nan	nan
-8.56952e-01	5.00000e-02	1.38187e-01	5.00000e-02	nan	nan
-9.48489e-01	5.00000e-02	2.51923e-01	5.00000e-02	nan	nan
-1.11450e+00	5.00000e-02	2.24403e-01	5.00000e-02	nan	nan
-6.55856e-01	5.00000e-02	7.90746e-02	5.00000e-02	nan	nan
-9.45155e-01	5.00000e-02	2.95554e-01	5.00000e-02	nan	nan
-1.17129e+00	5.00000e-02	2.03502e-01	5.00000e-02	nan	nan
-1.50183e+00	5.00000e-02	3.56964e-01	5.00000e-02	nan	nan
-1.01923e+00	5.00000e-02	2.22938e-01	5.00000e-02	nan	nan
-1.69880e+00	5.00000e-02	5.13323e-01	5.00000e-02	nan	nan
-9.15866e-01	5.00000e-02	1.40121e-01	5.00000e-02	nan	nan
-1.08700e+00	5.00000e-02	2.64090e-01	5.00000e-02	nan	nan
-1.46532e+00	5.00000e-02	2.89312e-01	5.00000e-02	nan	nan
-8.00921e-01	5.00000e-02	2.53738e-01	5.00000e-02	nan	nan
-8.42499e-01	5.00000e-02	1.21891e-01	5.00000e-02	nan	nan
-6.51194e-01	5.00000e-02	7.57534e-02	5.00000e-02	nan	nan
-1.21930e+00	5.00000e-02	3.02380e-01	5.00000e-02	nan	nan
-1.27565e+00	5.00000e-02	2.47884e-01	5.00000e-02	nan	nan
-5.74641e-01	5.00000e-02	-7.18943e-03	5.00000e-02	nan	nan
-1.06275e+00	5.00000e-02	2.16824e-01	5.00000e-02	nan	nan
-1.73906e+00	5.00000e-02	3.16576e-01	5.00000e-02	nan	nan
-1.81604e+00	5.00000e-02	3.90425e-01	5.00000e-02	nan	nan
-6.31014e-01	5.00000e-02	-2.54888e-03	5.00000e-02	nan	nan
-5.45674e-01	5.00000e-02	-4.27370e-02	5.00000e-02	nan	nan
-4.95907e-01	5.00000e-02	9.39590e-02	5.00000e-02	nan	nan
-7.84728e-01	5.00000e-02	1.49208e-01	5.00000e-02	nan	nan
-6.79198e-01	5.00000e-02	1.15767e-01	5.00000e-02	nan	nan
-6.22538e-01	5.00000e-02	1.36036e-01	5.00000e-02	nan	nan
-6.73016e-01	5.00000e-02	1.09524e-01	5.00000e-02	nan	nan
-6.35387e-01	5.00000e-02	-2.22210e-02	5.00000e-02	nan	nan
-9.72442e-01	5.00000e-02	1.46011e-01	5.00000e-02	nan	nan
-1.50514e+00	5.00000e-02	2.87233e-01	5.00000e-02	nan	nan
-1.37954e+00	5.00000e-02	3.00219e-01	5.00000e-02	nan	nan
-7.56043e-01	5.00000e-02	6.15441e-02	5.00000e-02	nan	nan
-1.23577e+00	5.00000e-02	2.73996e-01	5.00000e-02	nan	nan
-1.32770e+00	5.00000e-02	3.00749e-01	5.00000e-02	nan	nan
-1.06503e+00	5.00000e-02	1.46081e-01	5.00000e-02	nan	nan
-7.51661e-01	5.00000e-02	3.94084e-02	5.00000e-02	nan	nan
-9.26316e-01	5.00000e-02	1.41586e-01	5.00000e-02	nan	nan
-1.83806e+00	5.00000e-02	4.01538e-01	5.00000e-02	nan	nan
-9.84406e-01	5.00000e-02	2.26238e-01	5.00000e-02	nan	nan
-2.72594e-01	5.00000e-02	-8.47736e-02	5.00000e-02	nan	nan
-6.88843e-01	5.00000e-02	1.34923e-01	5.00000e-02	nan	nan
-1.27011e+00	5.00000e-02	2.63985e-01	5.00000e-02	nan	nan
-7.34158e-01	5.00000e-02	1.33271e-01	5.00000e-02	nan	nan
-1.76212e+00	5.00000e-02	2.82004e-01	5.00000e-02	nan	nan
-6.93471e-01	5.00000e-02	-9.21141e-03	5.00000e-02	nan	nan
-4.20321e-01	5.00000e-02	-7.56618e-02	5.00000e-02	nan	nan
-1.72877e+00	5.00000e-02	2.83094e-01	5.00000e-02	nan	nan
-9.20362e-01	5.00000e-02	1.63695e-01	5.00000e-02	nan	nan
-1.30944e+00	5.00000e-02	3.85913e-01	5.00000e-02	nan	nan
-6.07878e-01	5.00000e-02	1.55326e-02	5.00000e-02	nan	nan
-1.15576e+00	5.00000e-02	2.16989e-01	5.00000e-02	nan	nan
-8.28610e-01	5.00000e-02	2.24092e-01	5.00000e-02	nan	nan
-6.77903e-01	5.00000e-02	1.42675e-01	5.00000e-02	nan	nan
-5.89488e-01	5.00000e-02	1.11150e-01	5.00000e-02	nan	nan
-1.35824e+00	5.00000e-02	2.42740e-01	5.00000e-02	nan	nan
-9.66960e-01	5.00000e-02	1.44095e-01	5.00000e-02	nan	nan
-1.15441e+00	5.00000e-02	2.98423e-01	5.00000e-02	nan	nan
-8.43766e-01	5.00000e-02	1.01117e-01	5.00000e-02	nan	nan
-2.47718e+00	5.00000e-02	4.26745e-01	5.00000e-02	nan	nan
-4.52193e-01	5.00000e-02	9.55688e-03	5.00000e-02	nan	nan
-2.26346e+00	5.00000e-02	4.01647e-01	5.00000e-02	nan	nan
-8.12485e-01	5.00000e-02	1.99792e-01	5.00000e-02	nan	nan
-1.25538e+00	5.00000e-02	2.94309e-01	5.00000e-02	nan	nan
-1.02681e+00	5.00000e-02	1.43346e-01	5.00000e-02	nan	nan
-1.28549e+00	5.00000e-02	2.74917e-01	5.00000e-02	nan	nan
-8.85273e-01	5.00000e-02	1.96256e-01	5.00000e-02	nan	nan
-9.53873e-01	5.00000e-02	1.81941e-01	5.00000e-02	nan	nan
-7.60280e-01	5.00000e-02	9.89740e-02	5.00000e-02	nan	nan
-6.31542e-01	5.00000e-02	-1.20524e-02	5.00000e-02	nan	nan
-6.32504e-01	5.00000e-02	5.32687e-02	5.00000e-02	nan	nan
-6.91703e-01	5.00000e-02	1.14801e-01	5.00000e-02	nan	nan
-1.67232e+00	5.00000e-02	3.49955e-01	5.00000e-02	nan	nan
-8.33809e-01	5.00000e-02	6.64081e-02	5.00000e-02	nan	nan
-1.78181e+00	5.00000e-02	4.40173e-01	5.00000e-02	nan	nan
-1.08696e+00	5.00000e-02	1.25212e-01	5.00000e-02	nan	nan
-6.84559e-01	5.00000e-02	8.74550e-02	5.00000e-02	nan	nan
-7.94357e-01	5.00000e-02	1.86877e-01	5.00000e-02	nan	nan
-5.55828e-01	5.00000e-02	3.60901e-02	5.00000e-02	nan	nan
-1.24972e+00	5.00000e-02	3.56403e-01	5.00000e-02	nan	nan
-1.49640e+00	5.00000e-02	2.53723e-01	5.00000e-02	nan	nan
-1.21492e+00	5.00000e-02	2.46199e-01	5.00000e-02	nan	nan
-3.37566e-01	5.00000e-02	4.36260e-02	5.00000e-02	nan	nan
-6.26086e-01	5.00000e-02	5.81106e-02	5.00000e-02	nan	nan
-6.22996e-01	5.00000e-02	1.41803e-01	5.00000e-02	nan	nan
-1.50876e+00	5.00000e-02	2.93237e-01	5.00000e-02	nan	nan
-8.35378e-01	5.00000e-02	1.14746e-01	5.00000e-02	nan	nan
-1.36197e+00	5.00000e-02	2.60681e-01	5.00000e-02	nan	nan
-1.04825e+00	5.00000e-02	2.10291e-01	5.00000e-02	nan	nan
-4.41152e-01	5.00000e-02	2.38559e-02	5.00000e-02	nan	nan
-5.68462e-01	5.00000e-02	3.95366e-02	5.00000e-02	nan	nan
-1.59849e+00	5.00000e-02	4.60672e-01	5.00000e-02	nan	nan
-3.05259e-01	5.00000e-02	-1.19558e-01	5.00000e-02	nan	nan
-1.83383e+00	5.00000e-02	3.66670e-01	5.00000e-02	nan	nan
-5.38903e-01	5.00000e-02	8.37651e-02	5.00000e-02	nan	nan
-7.78302e-01	5.00000e-02	7.27637e-02	5.00000e-02	nan	nan
-8.72654e-01	5.00000e-02	2.01565e-01	5.00000e-02	nan	nan
-1.44413e+00	5.00000e-02	3.66202e-01	5.00000e-02	nan	nan
-1.42508e+00	5.00000e-02	3.94076e-01	5.00000e-02	nan	nan
-1.84586e+00	5.00000e-02	2.21051e-01	5.00000e-02	nan	nan
-1.43987e+00	5.00000e-02	2.92343e-01	5.00000e-02	nan	nan
-1.87927e+00	5.00000e-02	3.32756e-01	5.00000e-02	nan	nan
-9.03882e-01	5.00000e-02	1.67626e-01	5.00000e-02	nan	nan
-1.06921e+00	5.00000e-02	2.12320e-01	5.00000e-02	nan	nan
-3.47359e-01	5.00000e-02	-1.20143e-01	5.00000e-02	nan	nan
-8.68231e-01	5.00000e-02	2.10798e-01	5.00000e-02	nan	nan
-1.01206e+00	5.00000e-02	2.14947e-01	5.00000e-02	nan	nan
-1.52639e+00	5.00000e-02	3.71718e-01	5.00000e-02	nan	nan
-1.35084e+00	5.00000e-02	3.19404e-01	5.00000e-02	nan	nan
-9.78893e-01	5.00000e-02	1.57521e-01	5.00000e-02	nan	nan
-3.71163e-01	5.00000e-02	-9.47022e-02	5.00000e-02	nan	nan
-7.91405e-01	5.00000e-02	7.91531e-02	5.00000e-02	nan	nan
-1.86790e+00	5.00000e-02	4.24628e-01	5.00000e-02	nan	nan
-9.69719e-01	5.00000e-02	6.04335e-02	5.00000e-02	nan	nan
-1.06832e+00	5.00000e-02	1.59855e-01	5.00000e-02	nan	nan
-1.16079e+00	5.00000e-02	2.86571e-01	5.00000e-02	nan	nan
-1.48404e+00	5.00000e-02	2.78610e-01	5.00000e-02	nan	nan
-1.20990e+00	5.00000e-02	3.04002e-01	5.00000e-02	nan	nan
-1.22122e+00	5.00000e-02	2.17854e-01	5.00000e-02	nan	nan
-6.84691e-01	5.00000e-02	1.04058e-02	5.00000e-02	nan	nan
-5.76518e-01	5.00000e-02	7.18048e-02	5.00000e-02	nan	nan
-1.18561e+00	5.00000e-02	3.09339e-01	5.00000e-02	nan	nan
-7.67055e-01	5.00000e-02	1.96497e-01	5.00000e-02	nan	nan
-5.73451e-01	5.00000e-02	1.01350e-01	5.00000e-02	nan	nan
-1.17116e+00	5.00000e-02	1.55796e-01	5.00000e-02	nan	nan
-9.19616e-01	5.00000e-02	8.89582e-02	5.00000e-02	nan	nan
-1.38369e+00	5.00000e-02	3.03851e-01	5.00000e-02	nan	nan
-1.54897e+00	5.00000e-02	3.68727e-01	5.00000e-02	nan	nan
-9.23217e-01	5.00000e-02	1.69502e-01	5.00000e-02	nan	nan
-1.61478e+00	5.00000e-02	3.32273e-01	5.00000e-02	nan	nan
-2.26074e+00	5.00000e-02	4.03623e-01	5.00000e-02	nan	nan
-1.33034e+00	5.00000e-02	3.20530e-01	5.00000e-02	nan	nan
-1.59737e+00	5.00000e-02	3.87205e-01	5.00000e-02	nan	nan
-8.13768e-01	5.00000e-02	1.97287e-01	5.00000e-02	nan	nan
-1.35550e+00	5.00000e-02	2.91343e-01	5.00000e-02	nan	nan
-1.16168e+00	5.00000e-02	1.85592e-01	5.00000e-02	nan	nan
-1.17996e+00	5.00000e-02	3.10797e-01	5.00000e-02	nan	nan
-3.21001e-01	5.00000e-02	-1.31209e-01	5.00000e-02	nan	nan
-1.13856e+00	5.00000e-02	1.97385e-01	5.00000e-02	nan	nan
-6.96695e-01	5.00000e-02	2.65238e-02	5.00000e-02	nan	nan
-3.93922e-01	5.00000e-02	2.55898e-02	5.00000e-02	nan	nan
-1.43899e+00	5.00000e-02	2.70696e-01	5.00000e-02	nan	nan
-1.22103e+00	5.00000e-02	2.64553e-01	5.00000e-02	nan	nan
-9.99541e-01	5.00000e-02	1.57411e-01	5.00000e-02	nan	nan
-3.41756e-01	5.00000e-02	-1.01949e-01	5.00000e-02	nan	nan
-1.38883e+00	5.00000e-02	2.48792e-01	5.00000e-02	nan	nan
-1.18865e+00	5.00000e-02	2.17854e-01	5.00000e-02	nan	nan
-1.07824e+00	5.00000e-02	1.21848e-01	5.00000e-02	nan	nan
-1.19937e+00	5.00000e-02	3.50760e-01	5.00000e-02	nan	nan
-1.58129e+00	5.00000e-02	2.96937e-01	5.00000e-02	nan	nan
-1.24764e+00	5.00000e-02	2.54046e-01	5.00000e-02	nan	nan
-1.50160e+00	5.00000e-02	3.03607e-01	5.00000e-02	nan	nan
-1.51362e+00	5.00000e-02	2.67540e-01	5.00000e-02	nan	nan
-9.00364e-01	5.00000e-02	8.32243e-02	5.00000e-02	nan	nan
-1.08541e+00	5.00000e-02	2.95193e-01	5.00000e-02	nan	nan
-4.66871e-01	5.00000e-02	1.31472e-01	5.00000e-02	nan	nan
-1.43921e+00	5.00000e-02	2.17682e-01	5.00000e-02	nan	nan
-1.76788e+00	5.00000e-02	3.36509e-01	5.00000e-02	nan	nan
-6.51627e-01	5.00000e-02	1.34989e-01	5.00000e-02	nan	nan
-8.81442e-01	5.00000e-02	3.49818e-02	5.00000e-02	nan	nan
-1.27572e+00	5.00000e-02	3.21413e-01	5.00000e-02	nan	nan
-1.63036e+00	5.00000e-02	4.31432e-01	5.00000e-02	nan	nan
-9.47748e-01	5.00000e-02	1.95194e-01	5.00000e-02	nan	nan
-6.17690e-01	5.00000e-02	8.45819e-02	5.00000e-02	nan	nan
-4.86176e-01	5.00000e-02	9.35538e-02	5.00000e-02	nan	nan
-1.01593e+00	5.00000e-02	1.52100e-01	5.00000e-02	nan	nan
-1.25652e+00	5.00000e-02	2.28549e-01	5.00000e-02	nan	nan
-1.11787e+00	5.00000e-02	1.96873e-01	5.00000e-02	nan	nan
-2.07354e+00	5.00000e-02	4.33120e-01	5.00000e-02	nan	nan
-2.31083e+00	5.00000e-02	5.10798e-01	5.00000e-02	nan	nan
-1.02584e+00	5.00000e-02	1.38005e-01	5.00000e-02	nan	nan
-1.10455e+00	5.00000e-02	1.79821e-01	5.00000e-02	nan	nan
-1.48415e+00	5.00000e-02	3.42878e-01	5.00000e-02	nan	nan
-6.27990e-01	5.00000e-02	1.60540e-01	5.00000e-02	nan	nan
-1.27262e+00	5.00000e-02	2.68737e-01	5.00000e-02	nan	nan
-1.19423e+00	5.00000e-02	2.71579e-01	5.00000e-02	nan	nan
-1.08144e+00	5.00000e-02	1.94936e-01	5.00000e-02	nan	nan
-1.86018e+00	5.00000e-02	3.61154e-01	5.00000e-02	nan	nan
-6.05586e-01	5.00000e-02	9.28860e-02	5.00000e-02	nan	nan
-8.63121e-01	5.00000e-02	1.63291e-01	5.00000e-02	nan	nan
-1.74446e+00	5.00000e-02	3.84204e-01	5.00000e-02	nan	nan
-1.60395e+00	5.00000e-02	3.91540e-01	5.00000e-02	nan	nan
-1.16649e+00	5.00000e-02	3.24699e-01	5.00000e-02	nan	nan
-1.39747e+00	5.00000e-02	2.99683e-01	5.00000e-02	nan	nan
-1.83342e+00	5.00000e-02	3.78012e-01	5.00000e-02	nan	nan
-6.89552e-01	5.00000e-02	3.18956e-02	5.00000e-02	nan	nan
-2.94820e-01	5.00000e-02	-1.95447e-01	5.00000e-02	nan	nan
-1.04207e+00	5.00000e-02	1.71236e-01	5.00000e-02	nan	nan
-2.81695e-01	5.00000e-02	-1.32439e-01	5.00000e-02	nan	nan
-1.32548e+00	5.00000e-02	2.14921e-01	5.00000e-02	nan	nan
-1.24255e+00	5.00000e-02	2.42392e-01	5.00000e-02	nan	nan
-7.67778e-01	5.00000e-02	2.00767e-01	5.00000e-02	nan	nan
-5.20996e-01	5.00000e-02	5.76579e-03	5.00000e-02	nan	nan
-1.18245e+00	5.00000e-02	2.08425e-01	5.00000e-02	nan	nan
-1.65459e+00	5.00000e-02	3.03013e-01	5.00000e-02	nan	nan
-5.37822e-01	5.00000e-02	3.83066e-02	5.00000e-02	nan	nan
-6.58914e-01	5.00000e-02	7.36115e-02	5.00000e-02	nan	nan
-5.74693e-01	5.00000e-02	-4.11125e-03	5.00000e-02	nan	nan
-1.07400e+00	5.00000e-02	2.12773e-01	5.00000e-02	nan	nan
-8.35228e-01	5.00000e-02	2.52448e-01	5.00000e-02	nan	nan
-8.69795e-01	5.00000e-02	1.54133e-01	5.00000e-02	nan	nan
-1.39081e+00	5.00000e-02	3.82293e-01	5.00000e-02	nan	nan
-1.25042e+00	5.00000e-02	1.93378e-01	5.00000e-02	nan	nan
-1.27695e+00	5.00000e-02	2.99099e-01	5.00000e-02	nan	nan
-1.18256e+00	5.00000e-02	1.95183e-01	5.00000e-02	nan	nan
-1.48748e+00	5.00000e-02	3.53414e-01	5.00000e-02	nan	nan
-8.06075e-01	5.00000e-02	1.83888e-01	5.00000e-02	nan	nan
-1.51125e+00	5.00000e-02	2.67483e-01	5.00000e-02	nan	nan
-6.40599e-01	5.00000e-02	1.22042e-01	5.00000e-02	nan	nan
-1.10873e+00	5.00000e-02	2.76083e-01	5.00000e-02	nan	nan
-1.07866e+00	5.00000e-02	1.41291e-01	5.00000e-02	nan	nan
-1.24253e+00	5.00000e-02	1.83017e-01	5.00000e-02	nan	nan
-1.75255e-01	5.00000e-02	-1.31711e-01	5.00000e-02	nan	nan
-8.79685e-01	5.00000e-02	1.06402e-01	5.00000e-02	nan	nan
-7.03406e-01	5.00000e-02	1.28710e-01	5.00000e-02	nan	nan
-1.20837e+00	5.00000e-02	2.53858e-01	5.00000e-02	nan	nan
-1.16444e+00	5.00000e-02	2.44010e-01	5.00000e-02	nan	nan
-5.45036e-01	5.00000e-02	6.84938e-02	5.00000e-02	nan	nan
-4.66258e-01	5.00000e-02	-1.10270e-01	5.00000e-02	nan	nan
-5.11705e-01	5.00000e-02	2.06205e-02	5.00000e-02	nan	nan
-4.55538e-01	5.00000e-02	7.26000e-02	5.00000e-02	nan	nan
-5.41886e-01	5.00000e-02	9.17621e-02	5.00000e-02	nan	nan
-9.02012e-01	5.00000e-02	2.08297e-01	5.00000e-02	nan	nan
-1.08573e+00	5.00000e-02	2.44350e-01	5.00000e-02	nan	nan
-1.04779e+00	5.00000e-02	2.82983e-01	5.00000e-02	nan	nan
-4.60582e-01	5.00000e-02	-8.39002e-02	5.00000e-02	nan	nan
