# [Fe/H]	[Fe/H]_err	[O/Fe]	[O/Fe]_err	Log(age/Gyr)	Log(age/Gyr)_err
-1.31379e+00	5.00000e-02	2.62396e-01	5.00000e-02	1.05434e+00	5.00000e-02
-6.09297e-01	5.00000e-02	5.19797e-02	5.00000e-02	7.65598e-01	5.00000e-02
-1.41172e+00	5.00000e-02	3.02088e-01	5.00000e-02	1.10043e+00	5.00000e-02
-1.67815e+00	5.00000e-02	3.74444e-01	5.00000e-02	1.09142e+00	5.00000e-02
-1.12101e+00	5.00000e-02	2.18214e-01	5.00000e-02	9.39403e-01	5.00000e-02
-7.77820e-01	5.00000e-02	2.56220e-01	5.00000e-02	9.36953e-01	5.00000e-02
-7.90441e-01	5.00000e-02	1.03625e-01	5.00000e-02	8.83319e-01	5.00000e-02
-1.44465e+00	5.00000e-02	2.68216e-01	5.00000e-02	1.02518e+00	5.00000e-02
-8.83679e-01	5.00000e-02	7.03773e-02	5.00000e-02	9.84107e-01	5.00000e-02
-8.00517e-01	5.00000e-02	1.41997e-01	5.00000e-02	9.82193e-01	5.00000e-02
-7.79364e-01	5.00000e-02	1.29537e-01	5.00000e-02	9.32481e-01	5.00000e-02
-1.20847e+00	5.00000e-02	2.05280e-01	5.00000e-02	1.08938e+00	5.00000e-02
-5.34271e-01	5.00000e-02	1.54103e-02	5.00000e-02	8.43371e-01	5.00000e-02
-1.70123e+00	5.00000e-02	4.48505e-01	5.00000e-02	1.10789e+00	5.00000e-02
-9.00729e-01	5.00000e-02	1.97509e-01	5.00000e-02	9.57885e-01	5.00000e-02
-1.05164e+00	5.00000e-02	2.48475e-01	5.00000e-02	9.93635e-01	5.00000e-02
-8.03301e-01	5.00000e-02	1.16190e-01	5.00000e-02	8.49244e-01	5.00000e-02
-1.12557e+00	5.00000e-02	2.70199e-01	5.00000e-02	9.92667e-01	5.00000e-02
-8.72997e-01	5.00000e-02	1.05395e-01	5.00000e-02	8.35126e-01	5.00000e-02
-5.95955e-01	5.00000e-02	2.66386e-02	5.00000e-02	9.16302e-01	5.00000e-02
-8.77031e-01	5.00000e-02	2.29991e-01	5.00000e-02	9.84758e-01	5.00000e-02
-6.20001e-01	5.00000e-02	9.93895e-02	5.00000e-02	8.60764e-01	5.00000e-02
-9.47611e-01	5.00000e-02	1.69547e-01	5.00000e-02	1.09126e+00	5.00000e-02
-1.05054e+00	5.00000e-02	1.48250e-01	5.00000e-02	1.07790e+00	5.00000e-02
-1.45750e+00	5.00000e-02	3.07205e-01	5.00000e-02	1.08518e+00	5.00000e-02
-1.39892e+00	5.00000e-02	2.47660e-01	5.00000e-02	1.07410e+00	5.00000e-02
-8.47719e-01	5.00000e-02	2.21574e-01	5.00000e-02	9.89470e-01	5.00000e-02
-1.16365e+00	5.00000e-02	2.63266e-01	5.00000e-02	1.02591e+00	5.00000e-02
-1.17096e+00	5.00000e-02	2.48625e-01	5.00000e-02	9.47543e-01	5.00000e-02
-9.33150e-01	5.00000e-02	1.77380e-01	5.00000e-02	9.16975e-01	5.00000e-02
-1.22060e+00	5.00000e-02	3.16434e-01	5.00000e-02	1.04647e+00	5.00000e-02
-1.42965e+00	5.00000e-02	2.79567e-01	5.00000e-02	1.08733e+00	5.00000e-02
-1.24578e+00	5.00000e-02	1.99496e-01	5.00000e-02	9.04134e-01	5.00000e-02
-1.64139e+00	5.00000e-02	3.08806e-01	5.00000e-02	1.09147e+00	5.00000e-02
-1.06458e+00	5.00000e-02	2.75121e-01	5.00000e-02	9.46618e-01	5.00000e-02
-1.08299e+00	5.00000e-02	1.73366e-01	5.00000e-02	9.98543e-01	5.00000e-02
-1.14347e+00	5.00000e-02	2.22746e-01	5.00000e-02	1.02218e+00	5.00000e-02
-8.75968e-01	5.00000e-02	8.88411e-02	5.00000e-02	9.42667e-01	5.00000e-02
-1.25827e+00	5.00000e-02	2.20061e-01	5.00000e-02	1.15953e+00	5.00000e-02
-1.46700e+00	5.00000e-02	3.45957e-01	5.00000e-02	1.09452e+00	5.00000e-02
-1.11765e+00	5.00000e-02	2.30370e-01	5.00000e-02	1.02853e+00	5.00000e-02
-1.94896e+00	5.00000e-02	3.95494e-01	5.00000e-02	1.12474e+00	5.00000e-02
-9.68743e-01	5.00000e-02	2.15263e-01	5.00000e-02	1.06612e+00	5.00000e-02
-7.55939e-01	5.00000e-02	2.29592e-01	5.00000e-02	9.18771e-01	5.00000e-02
-9.43576e-01	5.00000e-02	1.90640e-01	5.00000e-02	1.07953e+00	5.00000e-02
-6.81238e-01	5.00000e-02	2.44507e-02	5.00000e-02	8.51068e-01	5.00000e-02
-1.18278e+00	5.00000e-02	2.22166e-01	5.00000e-02	1.02689e+00	5.00000e-02
-1.28029e+00	5.00000e-02	2.65272e-01	5.00000e-02	1.14848e+00	5.00000e-02
-1.07689e+00	5.00000e-02	1.43548e-01	5.00000e-02	1.00558e+00	5.00000e-02
-1.03148e+00	5.00000e-02	1.91456e-01	5.00000e-02	1.01365e+00	5.00000e-02
-5.66659e-01	5.00000e-02	9.09554e-02	5.00000e-02	7.12499e-01	5.00000e-02
-1.62346e+00	5.00000e-02	4.22438e-01	5.00000e-02	9.92653e-01	5.00000e-02
-9.37680e-01	5.00000e-02	1.37468e-01	5.00000e-02	9.05237e-01	5.00000e-02
-9.61781e-01	5.00000e-02	1.30064e-01	5.00000e-02	1.06899e+00	5.00000e-02
-7.66022e-01	5.00000e-02	9.73170e-02	5.00000e-02	9.39044e-01	5.00000e-02
-1.98873e+00	5.00000e-02	5.08014e-01	5.00000e-02	1.02022e+00	5.00000e-02
-1.07428e+00	5.00000e-02	2.70042e-01	5.00000e-02	1.03954e+00	5.00000e-02
-1.07428e+00	5.00000e-02	2.17286e-01	5.00000e-02	1.05172e+00	5.00000e-02
-9.04135e-01	5.00000e-02	2.00826e-01	5.00000e-02	9.79687e-01	5.00000e-02
-1.15728e+00	5.00000e-02	1.37354e-01	5.00000e-02	1.04458e+00	5.00000e-02
-1.05885e+00	5.00000e-02	1.44546e-01	5.00000e-02	9.55266e-01	5.00000e-02
-2.36016e+00	5.00000e-02	4.38598e-01	5.00000e-02	1.09327e+00	5.00000e-02
-6.39810e-01	5.00000e-02	1.04768e-01	5.00000e-02	9.04015e-01	5.00000e-02
-1.41016e+00	5.00000e-02	2.88127e-01	5.00000e-02	1.10395e+00	5.00000e-02
-1.17612e+00	5.00000e-02	2.38640e-01	5.00000e-02	1.13493e+00	5.00000e-02
-7.35042e-01	5.00000e-02	2.35331e-01	5.00000e-02	9.56450e-01	5.00000e-02
-9.22412e-01	5.00000e-02	2.43146e-01	5.00000e-02	1.03951e+00	5.00000e-02
-6.54335e-01	5.00000e-02	1.08280e-01	5.00000e-02	9.31922e-01	5.00000e-02
-1.13485e+00	5.00000e-02	3.25387e-01	5.00000e-02	1.09030e+00	5.00000e-02
-9.75629e-01	5.00000e-02	1.95683e-01	5.00000e-02	1.04612e+00	5.00000e-02
-1.10705e+00	5.00000e-02	2.12117e-01	5.00000e-02	1.07593e+00	5.00000e-02
-6.19614e-01	5.00000e-02	1.07572e-01	5.00000e-02	8.51909e-01	5.00000e-02
-9.16265e-01	5.00000e-02	1.55648e-01	5.00000e-02	9.34022e-01	5.00000e-02
-1.40972e+00	5.00000e-02	3.73675e-01	5.00000e-02	1.09884e+00	5.00000e-02
-8.62309e-01	5.00000e-02	7.80546e-02	5.00000e-02	9.89638e-01	5.00000e-02
-1.34749e+00	5.00000e-02	2.79706e-01	5.00000e-02	1.11654e+00	5.00000e-02
-1.44831e+00	5.00000e-02	2.98912e-01	5.00000e-02	1.08180e+00	5.00000e-02
-2.26341e+00	5.00000e-02	3.76323e-01	5.00000e-02	1.15422e+00	5.00000e-02
-5.08768e-01	5.00000e-02	5.47343e-02	5.00000e-02	8.08624e-01	5.00000e-02
-1.79289e+00	5.00000e-02	3.37533e-01	5.00000e-02	1.21093e+00	5.00000e-02
-5.70899e-01	5.00000e-02	7.69232e-02	5.00000e-02	8.15289e-01	5.00000e-02
-1.38556e+00	5.00000e-02	3.02845e-01	5.00000e-02	1.20327e+00	5.00000e-02
-1.88075e+00	5.00000e-02	4.26230e-01	5.00000e-02	1.09721e+00	5.00000e-02
-1.29382e+00	5.00000e-02	2.56074e-01	5.00000e-02	1.08875e+00	5.00000e-02
-1.26356e+00	5.00000e-02	2.37770e-01	5.00000e-02	1.07272e+00	5.00000e-02
-1.94924e+00	5.00000e-02	2.71514e-01	5.00000e-02	1.19790e+00	5.00000e-02
-1.33483e+00	5.00000e-02	2.73598e-01	5.00000e-02	1.02206e+00	5.00000e-02
-1.14740e+00	5.00000e-02	2.39718e-01	5.00000e-02	9.24474e-01	5.00000e-02
-1.56264e+00	5.00000e-02	3.15302e-01	5.00000e-02	1.14243e+00	5.00000e-02
-1.41971e+00	5.00000e-02	2.63473e-01	5.00000e-02	9.64222e-01	5.00000e-02
-3.94117e-01	5.00000e-02	-8.10894e-02	5.00000e-02	6.99080e-01	5.00000e-02
-1.85264e+00	5.00000e-02	3.61232e-01	5.00000e-02	1.11666e+00	5.00000e-02
-9.61025e-01	5.00000e-02	1.71711e-01	5.00000e-02	1.03370e+00	5.00000e-02
-1.36982e+00	5.00000e-02	3.71368e-01	5.00000e-02	1.17615e+00	5.00000e-02
-2.04677e+00	5.00000e-02	4.69555e-01	5.00000e-02	1.16512e+00	5.00000e-02
-1.73826e+00	5.00000e-02	4.44851e-01	5.00000e-02	1.11269e+00	5.00000e-02
-1.13950e+00	5.00000e-02	1.93712e-01	5.00000e-02	1.03335e+00	5.00000e-02
-1.39457e+00	5.00000e-02	2.70194e-01	5.00000e-02	1.04769e+00	5.00000e-02
-7.28112e-01	5.00000e-02	1.02412e-01	5.00000e-02	8.35693e-01	5.00000e-02
-2.19408e+00	5.00000e-02	4.40135e-01	5.00000e-02	1.12266e+00	5.00000e-02
-1.60694e+00	5.00000e-02	2.66422e-01	5.00000e-02	nan	nan
-4.94741e-01	5.00000e-02	1.44033e-01	5.00000e-02	nan	nan
-9.59230e-01	5.00000e-02	2.61026e-01	5.00000e-02	nan	nan
-6.73337e-01	5.00000e-02	8.78027e-02	5.00000e-02	nan	nan
-1.41747e+00	5.00000e-02	3.03152e-01	5.00000e-02	nan	nan
-1.40044e+00	5.00000e-02	3.05876e-01	5.00000e-02	nan	nan
-9.60100e-01	5.00000e-02	2.21143e-01	5.00000e-02	nan	nan
-1.15372e+00	5.00000e-02	2.17915e-01	5.00000e-02	nan	nan
-9.68356e-01	5.00000e-02	1.61150e-01	5.00000e-02	nan	nan
-1.05013e+00	5.00000e-02	1.56953e-01	5.00000e-02	nan	nan
-1.27668e+00	5.00000e-02	2.81178e-01	5.00000e-02	nan	nan
-1.78078e+00	5.00000e-02	3.64624e-01	5.00000e-02	nan	nan
-1.28286e+00	5.00000e-02	2.43063e-01	5.00000e-02	nan	nan
-9.25237e-01	5.00000e-02	1.38130e-01	5.00000e-02	nan	nan
-1.26519e+00	5.00000e-02	2.58871e-01	5.00000e-02	nan	nan
-9.17946e-01	5.00000e-02	1.56888e-01	5.00000e-02	nan	nan
-1.25496e+00	5.00000e-02	2.58027e-01	5.00000e-02	nan	nan
-1.13183e+00	5.00000e-02	2.94105e-01	5.00000e-02	nan	nan
-1.48833e+00	5.00000e-02	2.77247e-01	5.00000e-02	nan	nan
-5.10892e-01	5.00000e-02	2.80781e-02	5.00000e-02	nan	nan
-2.29254e+00	5.00000e-02	3.91390e-01	5.00000e-02	nan	nan
-8.87877e-01	5.00000e-02	1.35192e-01	5.00000e-02	nan	nan
-1.80851e+00	5.00000e-02	3.80597e-01	5.00000e-02	nan	nan
-7.16342e-01	5.00000e-02	1.28486e-01	5.00000e-02	nan	nan
-1.17188e+00	5.00000e-02	2.16803e-01	5.00000e-02	nan	nan
-8.36436e-01	5.00000e-02	1.18976e-01	5.00000e-02	nan	nan
-1.06628e+00	5.00000e-02	3.09298e-01	5.00000e-02	nan	nan
-1.77611e+00	5.00000e-02	2.73255e-01	5.00000e-02	nan	nan
-1.16863e+00	5.00000e-02	1.47939e-01	5.00000e-02	nan	nan
-1.12720e+00	5.00000e-02	2.31006e-01	5.00000e-02	nan	nan
-1.82932e+00	5.00000e-02	4.32125e-01	5.00000e-02	nan	nan
-6.31791e-01	5.00000e-02	9.76977e-02	5.00000e-02	nan	nan
-8.72572e-01	5.00000e-02	2.87601e-01	5.00000e-02	nan	nan
-2.50736e+00	5.00000e-02	3.91031e-01	5.00000e-02	nan	nan
-1.53069e+00	5.00000e-02	3.22614e-01	5.00000e-02	nan	nan
-9.81451e-01	5.00000e-02	2.04677e-01	5.00000e-02	nan	nan
-6.04698e-01	5.00000e-02	8.00246e-02	5.00000e-02	nan	nan
-1.83217e+00	5.00000e-02	4.36845e-01	5.00000e-02	nan	nan
-9.97452e-01	5.00000e-02	2.34429e-01	5.00000e-02	nan	nan
-9.14485e-01	5.00000e-02	1.34624e-01	5.00000e-02	nan	nan
-1.32817e+00	5.00000e-02	2.61061e-01	5.00000e-02	nan	nan
-1.48525e+00	5.00000e-02	2.48354e-01	5.00000e-02	nan	nan
-1.60340e+00	5.00000e-02	2.86616e-01	5.00000e-02	nan	nan
-4.53715e-01	5.00000e-02	3.37277e-02	5.00000e-02	nan	nan
-7.89199e-01	5.00000e-02	1.61967e-01	5.00000e-02	nan	nan
-1.67693e+00	5.00000e-02	4.20126e-01	5.00000e-02	nan	nan
-1.59187e+00	5.00000e-02	3.59457e-01	5.00000e-02	nan	nan
-9.79878e-01	5.00000e-02	2.48616e-01	5.00000e-02	nan	nan
-4.76824e-01	5.00000e-02	5.49300e-02	5.00000e-02	nan	nan
-1.44102e+00	5.00000e-02	2.26017e-01	5.00000e-02	nan	nan
-1.78273e+00	5.00000e-02	3.50729e-01	5.00000e-02	nan	nan
-6.74893e-01	5.00000e-02	1.42691e-01	5.00000e-02	nan	nan
-1.44287e+00	5.00000e-02	2.80464e-01	5.00000e-02	nan	nan
-5.69457e-01	5.00000e-02	1.04163e-01	5.00000e-02	nan	nan
-1.36799e+00	5.00000e-02	3.67954e-01	5.00000e-02	nan	nan
-1.12872e+00	5.00000e-02	2.40348e-01	5.00000e-02	nan	nan
-9.01367e-01	5.00000e-02	1.81965e-01	5.00000e-02	nan	nan
-1.11514e+00	5.00000e-02	2.86208e-01	5.00000e-02	nan	nan
-4.33763e-01	5.00000e-02	-5.10747e-02	5.00000e-02	nan	nan
-7.97386e-01	5.00000e-02	2.28470e-01	5.00000e-02	nan	nan
-2.03275e+00	5.00000e-02	3.88830e-01	5.00000e-02	nan	nan
-8.12339e-01	5.00000e-02	2.27970e-01	5.00000e-02	nan	nan
-7.88222e-01	5.00000e-02	1.26447e-01	5.00000e-02	nan	nan
-8.25715e-01	5.00000e-02	8.82560e-02	5.00000e-02	nan	nan
-7.58929e-01	5.00000e-02	1.46324e-01	5.00000e-02	nan	nan
-9.31497e-01	5.00000e-02	1.60614e-01	5.00000e-02	nan	nan
-1.84634e+00	5.00000e-02	3.52139e-01	5.00000e-02	nan	nan
-1.58959e+00	5.00000e-02	3.21030e-01	5.00000e-02	nan	nan
-1.48176e+00	5.00000e-02	2.67139e-01	5.00000e-02	nan	nan
-9.70755e-01	5.00000e-02	1.88819e-01	5.00000e-02	nan	nan
-1.32039e+00	5.00000e-02	2.56251e-01	5.00000e-02	nan	nan
-9.03988e-01	5.00000e-02	2.19082e-01	5.00000e-02	nan	nan
-1.29717e+00	5.00000e-02	3.02343e-01	5.00000e-02	nan	nan
-1.82493e+00	5.00000e-02	4.07930e-01	5.00000e-02	nan	nan
-4.07445e-01	5.00000e-02	-4.27693e-02	5.00000e-02	nan	nan
-8.18214e-01	5.00000e-02	1.68016e-01	5.00000e-02	nan	nan
-2.06988e+00	5.00000e-02	4.19919e-01	5.00000e-02	nan	nan
-6.92697e-01	5.00000e-02	2.20619e-01	5.00000e-02	nan	nan
-1.08728e+00	5.00000e-02	2.93330e-01	5.00000e-02	nan	nan
-6.77089e-01	5.00000e-02	1.97141e-01	5.00000e-02	nan	nan
-1.79755e+00	5.00000e-02	3.83708e-01	5.00000e-02	nan	nan
-1.20639e+00	5.00000e-02	2.66271e-01	5.00000e-02	nan	nan
-1.19333e+00	5.00000e-02	2.50972e-01	5.00000e-02	nan	nan
-7.43666e-01	5.00000e-02	2.16485e-01	5.00000e-02	nan	nan
-1.40479e+00	5.00000e-02	2.79217e-01	5.00000e-02	nan	nan
-5.61194e-01	5.00000e-02	-2.82770e-03	5.00000e-02	nan	nan
-9.31256e-01	5.00000e-02	1.47314e-01	5.00000e-02	nan	nan
-9.34324e-01	5.00000e-02	1.87506e-01	5.00000e-02	nan	nan
-8.60606e-01	5.00000e-02	1.53587e-01	5.00000e-02	nan	nan
-1.50149e+00	5.00000e-02	2.85543e-01	5.00000e-02	nan	nan
-1.46934e+00	5.00000e-02	2.69245e-01	5.00000e-02	nan	nan
-6.34355e-01	5.00000e-02	3.52718e-02	5.00000e-02	nan	nan
-9.41236e-01	5.00000e-02	1.49098e-01	5.00000e-02	nan	nan
-2.77357e-01	5.00000e-02	-2.25932e-01	5.00000e-02	nan	nan
-3.57277e-01	5.00000e-02	4.66069e-02	5.00000e-02	nan	nan
-1.07546e+00	5.00000e-02	2.46799e-01	5.00000e-02	nan	nan
-8.29769e-01	5.00000e-02	1.08866e-01	5.00000e-02	nan	nan
-1.84689e+00	5.00000e-02	3.36499e-01	5.00000e-02	nan	nan
-3.56277e-01	5.00000e-02	7.55024e-03	5.00000e-02	nan	nan
-1.34469e+00	5.00000e-02	2.83201e-01	5.00000e-02	nan	nan
-8.05150e-01	5.00000e-02	1.63135e-01	5.00000e-02	nan	nan
-5.13499e-01	5.00000e-02	9.00581e-03	5.00000e-02	nan	nan
-8.18313e-01	5.00000e-02	9.98758e-02	5.00000e-02	nan	nan
-2.23378e+00	5.00000e-02	4.18988e-01	5.00000e-02	nan	nan
-8.97846e-01	5.00000e-02	1.06378e-01	5.00000e-02	nan	nan
-1.30202e+00	5.00000e-02	3.13932e-01	5.00000e-02	nan	nan
-6.65672e-01	5.00000e-02	1.08278e-01	5.00000e-02	nan	nan
-6.97700e-01	5.00000e-02	1.24542e-01	5.00000e-02	nan	nan
-1.46671e+00	5.00000e-02	2.75917e-01	5.00000e-02	nan	nan
-1.32000e+00	5.00000e-02	2.88380e-01	5.00000e-02	nan	nan
-1.47848e+00	5.00000e-02	3.50011e-01	5.00000e-02	nan	nan
-1.08500e+00	5.00000e-02	2.22301e-01	5.00000e-02	nan	nan
-1.41165e+00	5.00000e-02	4.10530e-01	5.00000e-02	nan	nan
-8.00289e-01	5.00000e-02	1.52195e-01	5.00000e-02	nan	nan
-9.46121e-01	5.00000e-02	1.16833e-01	5.00000e-02	nan	nan
-1.12007e+00	5.00000e-02	3.33114e-01	5.00000e-02	nan	nan
-1.09900e+00	5.00000e-02	2.05790e-01	5.00000e-02	nan	nan
-1.70393e+00	5.00000e-02	3.46505e-01	5.00000e-02	nan	nan
-1.15589e+00	5.00000e-02	2.85418e-01	5.00000e-02	nan	nan
-1.31311e+00	5.00000e-02	3.45265e-01	5.00000e-02	nan	nan
-8.01860e-01	5.00000e-02	1.99267e-01	5.00000e-02	nan	nan
-1.35631e+00	5.00000e-02	2.75784e-01	5.00000e-02	nan	nan
-1.34773e+00	5.00000e-02	3.22467e-01	5.00000e-02	nan	nan
-8.67321e-01	5.00000e-02	8.39704e-02	5.00000e-02	nan	nan
-8.30212e-01	5.00000e-02	2.50330e-01	5.00000e-02	nan	nan
-1.92238e+00	5.00000e-02	3.91888e-01	5.00000e-02	nan	nan
-7.85158e-01	5.00000e-02	2.08421e-01	5.00000e-02	nan	nan
-1.10570e+00	5.00000e-02	2.65801e-01	5.00000e-02	nan	nan
-9.28816e-01	5.00000e-02	1.95055e-01	5.00000e-02	nan	nan
-6.13254e-01	5.00000e-02	2.30510e-02	5.00000e-02	nan	nan
-1.16825e+00	5.00000e-02	2.27832e-01	5.00000e-02	nan	nan
-1.06434e+00	5.00000e-02	1.59285e-01	5.00000e-02	nan	nan
-4.45230e-01	5.00000e-02	-1.14686e-04	5.00000e-02	nan	nan
-1.40456e+00	5.00000e-02	3.31778e-01	5.00000e-02	nan	nan
-1.23594e+00	5.00000e-02	3.11189e-01	5.00000e-02	nan	nan
-1.05707e+00	5.00000e-02	2.44882e-01	5.00000e-02	nan	nan
-1.47193e+00	5.00000e-02	3.32976e-01	5.00000e-02	nan	nan
-6.20463e-01	5.00000e-02	1.00473e-02	5.00000e-02	nan	nan
-7.37371e-01	5.00000e-02	2.04944e-01	5.00000e-02	nan	nan
-1.29084e+00	5.00000e-02	2.71705e-01	5.00000e-02	nan	nan
-1.18038e+00	5.00000e-02	2.28772e-01	5.00000e-02	nan	nan
-9.26656e-01	5.00000e-02	2.20509e-01	5.00000e-02	nan	nan
-5.62037e-01	5.00000e-02	1.37873e-02	5.00000e-02	nan	nan
-8.40846e-01	5.00000e-02	7.66572e-02	5.00000e-02	nan	nan
-1.04493e+00	5.00000e-02	2.21140e-01	5.00000e-02	nan	nan
-1.08836e+00	5.00000e-02	2.50613e-01	5.00000e-02	nan	nan
-1.32634e+00	5.00000e-02	3.24648e-01	5.00000e-02	nan	nan
-1.60638e+00	5.00000e-02	3.69597e-01	5.00000e-02	nan	nan
-9.18088e-01	5.00000e-02	1.07132e-01	5.00000e-02	nan	nan
-1.01491e+00	5.00000e-02	1.86440e-01	5.00000e-02	nan	nan
-1.53930e+00	5.00000e-02	2.45241e-01	5.00000e-02	nan	nan
-1.34833e+00	5.00000e-02	1.32988e-01	5.00000e-02	nan	nan
-1.27686e+00	5.00000e-02	2.36477e-01	5.00000e-02	nan	nan
-1.92680e+00	5.00000e-02	4.57612e-01	5.00000e-02	nan	nan
-6.30223e-01	5.00000e-02	-4.04616e-02	5.00000e-02	nan	nan
-1.39109e+00	5.00000e-02	3.06955e-01	5.00000e-02	nan	nan
-1.49678e+00	5.00000e-02	3.51766e-01	5.00000e-02	nan	nan
-7.81355e-01	5.00000e-02	7.55595e-02	5.00000e-02	nan	nan
-1.41531e+00	5.00000e-02	2.60599e-01	5.00000e-02	nan	nan
-1.25586e+00	5.00000e-02	2.79015e-01	5.00000e-02	nan	nan
-9.28105e-01	5.00000e-02	1.33399e-01	5.00000e-02	nan	nan
-6.22823e-01	5.00000e-02	1.68727e-01	5.00000e-02	nan	nan
-1.43193e+00	5.00000e-02	2.44906e-01	5.00000e-02	nan	nan
-6.88145e-01	5.00000e-02	-1.20316e-02	5.00000e-02	nan	nan
-6.24750e-01	5.00000e-02	1.10670e-01	5.00000e-02	nan	nan
-8.65430e-01	5.00000e-02	1.42999e-01	5.00000e-02	nan	nan
-1.34064e+00	5.00000e-02	1.96836e-01	5.00000e-02	nan	nan
-1.29906e+00	5.00000e-02	2.05606e-01	5.00000e-02	nan	nan
-9.17928e-01	5.00000e-02	2.19025e-01	5.00000e-02	nan	nan
-1.27419e+00	5.00000e-02	2.49124e-01	5.00000e-02	nan	nan
-2.80463e-01	5.00000e-02	-1.73920e-01	5.00000e-02	nan	nan
-3.02546e-01	5.00000e-02	8.47151e-03	5.00000e-02	nan	nan
-1.18162e+00	5.00000e-02	2.20773e-01	5.00000e-02	nan	nan
-5.80007e-01	5.00000e-02	1.30205e-02	5.00000e-02	nan	nan
-1.01509e+00	5.00000e-02	2.32050e-01	5.00000e-02	nan	nan
-2.22088e+00	5.00000e-02	5.15680e-01	5.00000e-02	nan	nan
-4.86723e-01	5.00000e-02	1.50079e-01	5.00000e-02	nan	nan
-2.28393e+00	5.00000e-02	4.86561e-01	5.00000e-02	nan	nan
-1.59702e+00	5.00000e-02	3.37553e-01	5.00000e-02	nan	nan
-2.20137e+00	5.00000e-02	5.03574e-01	5.00000e-02	nan	nan
-8.91695e-01	5.00000e-02	1.56561e-01	5.00000e-02	nan	nan
-1.93674e+00	5.00000e-02	4.17468e-01	5.00000e-02	nan	nan
-8.13540e-01	5.00000e-02	1.78990e-01	5.00000e-02	nan	nan
-8.10375e-01	5.00000e-02	6.86192e-02	5.00000e-02	nan	nan
-1.06280e+00	5.00000e-02	1.53680e-01	5.00000e-02	nan	nan
-6.53118e-01	5.00000e-02	6.44677e-02	5.00000e-02	nan	nan
-9.09468e-01	5.00000e-02	2.56604e-01	5.00000e-02	nan	nan
-1.38317e+00	5.00000e-02	3.49819e-01	5.00000e-02	nan	nan
-1.64870e+00	5.00000e-02	2.87676e-01	5.00000e-02	nan	nan
-8.17274e-01	5.00000e-02	2.26900e-01	5.00000e-02	nan	nan
-6.92964e-01	5.00000e-02	1.50743e-01	5.00000e-02	nan	nan
-9.07339e-01	5.00000e-02	1.33504e-01	5.00000e-02	nan	nan
-8.31456e-01	5.00000e-02	3.03004e-01	5.00000e-02	nan	nan
-1.07673e+00	5.00000e-02	1.58473e-01	5.00000e-02	nan	nan
-1.46608e+00	5.00000e-02	3.92307e-01	5.00000e-02	nan	nan
-1.24242e+00	5.00000e-02	2.56531e-01	5.00000e-02	nan	nan
-1.01238e+00	5.00000e-02	1.61020e-01	5.00000e-02	nan	nan
-1.01023e+00	5.00000e-02	2.05362e-01	5.00000e-02	nan	nan
-1.72781e+00	5.00000e-02	3.94587e-01	5.00000e-02	nan	nan
-9.51090e-01	5.00000e-02	2.07230e-01	5.00000e-02	nan	nan
-9.03288e-01	5.00000e-02	1.33345e-01	5.00000e-02	nan	nan
-2.22917e+00	5.00000e-02	4.14193e-01	5.00000e-02	nan	nan
-1.20799e+00	5.00000e-02	2.17937e-01	5.00000e-02	nan	nan
-5.19370e-01	5.00000e-02	5.19169e-02	5.00000e-02	nan	nan
-6.79852e-01	5.00000e-02	1.60832e-03	5.00000e-02	nan	nan
-7.52974e-01	5.00000e-02	1.38305e-01	5.00000e-02	nan	nan
-8.93805e-01	5.00000e-02	1.91428e-01	5.00000e-02	nan	nan
-4.83883e-01	5.00000e-02	-5.35810e-02	5.00000e-02	nan	nan
-1.61056e+00	5.00000e-02	3.49012e-01	5.00000e-02	nan	nan
-3.93763e-01	5.00000e-02	6.38876e-03	5.00000e-02	nan	nan
-6.53853e-01	5.00000e-02	5.55378e-02	5.00000e-02	nan	nan
-1.07761e+00	5.00000e-02	2.52583e-01	5.00000e-02	nan	nan
-1.44081e+00	5.00000e-02	3.15512e-01	5.00000e-02	nan	nan
-1.48487e+00	5.00000e-02	3.75660e-01	5.00000e-02	nan	nan
-1.42061e+00	5.00000e-02	2.19405e-01	5.00000e-02	nan	nan
-7.94450e-01	5.00000e-02	4.54426e-02	5.00000e-02	nan	nan
-1.81347e+00	5.00000e-02	3.17075e-01	5.00000e-02	nan	nan
-9.75977e-01	5.00000e-02	1.00639e-01	5.00000e-02	nan	nan
-1.08613e+00	5.00000e-02	2.24889e-01	5.00000e-02	nan	nan
-6.36273e-01	5.00000e-02	9.32239e-02	5.00000e-02	nan	nan
-1.92312e+00	5.00000e-02	4.42992e-01	5.00000e-02	nan	nan
-1.06187e+00	5.00000e-02	2.35912e-01	5.00000e-02	nan	nan
-1.58841e+00	5.00000e-02	3.40313e-01	5.00000e-02	nan	nan
-9.17206e-01	5.00000e-02	1.96045e-01	5.00000e-02	nan	nan
-7.40445e-01	5.00000e-02	1.43433e-01	5.00000e-02	nan	nan
-1.35719e+00	5.00000e-02	2.94454e-01	5.00000e-02	nan	nan
-2.13030e+00	5.00000e-02	4.12149e-01	5.00000e-02	nan	nan
-1.27490e+00	5.00000e-02	2.46856e-01	5.00000e-02	nan	nan
-1.36393e+00	5.00000e-02	2.44134e-01	5.00000e-02	nan	nan
-1.45316e+00	5.00000e-02	2.98171e-01	5.00000e-02	nan	nan
-2.07289e+00	5.00000e-02	4.54724e-01	5.00000e-02	nan	nan
-1.00619e+00	5.00000e-02	1.62211e-01	5.00000e-02	nan	nan
-1.15076e+00	5.00000e-02	2.01077e-01	5.00000e-02	nan	nan
-2.50893e+00	5.00000e-02	4.33607e-01	5.00000e-02	nan	nan
-1.52596e+00	5.00000e-02	3.31253e-01	5.00000e-02	nan	nan
-1.82161e+00	5.00000e-02	3.42042e-01	5.00000e-02	nan	nan
-1.36096e+00	5.00000e-02	2.46295e-01	5.00000e-02	nan	nan
-1.52279e+00	5.00000e-02	3.12495e-01	5.00000e-02	nan	nan
-2.63748e+00	5.00000e-02	4.19242e-01	5.00000e-02	nan	nan
-9.92534e-01	5.00000e-02	2.76022e-01	5.00000e-02	nan	nan
-1.88557e+00	5.00000e-02	4.28033e-01	5.00000e-02	nan	nan
-5.95097e-01	5.00000e-02	7.86743e-02	5.00000e-02	nan	nan
-1.13909e+00	5.00000e-02	2.62254e-01	5.00000e-02	nan	nan
-1.10088e+00	5.00000e-02	2.14626e-01	5.00000e-02	nan	nan
-1.51600e+00	5.00000e-02	3.90217e-01	5.00000e-02	nan	nan
-1.71600e+00	5.00000e-02	3.15049e-01	5.00000e-02	nan	nan
-6.47514e-01	5.00000e-02	1.34157e-01	5.00000e-02	nan	nan
-4.46730e-01	5.00000e-02	-9.85664e-02	5.00000e-02	nan	nan
-1.34341e+00	5.00000e-02	2.54997e-01	5.00000e-02	nan	nan
-9.98102e-01	5.00000e-02	2.21574e-01	5.00000e-02	nan	nan
-5.60124e-01	5.00000e-02	5.10529e-02	5.00000e-02	nan	nan
-1.76658e+00	5.00000e-02	3.75647e-01	5.00000e-02	nan	nan
-1.54256e+00	5.00000e-02	4.08631e-01	5.00000e-02	nan	nan
-1.43196e+00	5.00000e-02	2.25664e-01	5.00000e-02	nan	nan
-6.77489e-01	5.00000e-02	1.15800e-01	5.00000e-02	nan	nan
-3.77853e-01	5.00000e-02	-3.09338e-02	5.00000e-02	nan	nan
-7.60962e-01	5.00000e-02	1.16200e-01	5.00000e-02	nan	nan
-1.39884e+00	5.00000e-02	2.97519e-01	5.00000e-02	nan	nan
-1.02051e+00	5.00000e-02	2.26802e-01	5.00000e-02	nan	nan
-1.37500e+00	5.00000e-02	3.08675e-01	5.00000e-02	nan	nan
-8.45547e-01	5.00000e-02	1.69872e-01	5.00000e-02	nan	nan
-1.11811e+00	5.00000e-02	2.25251e-01	5.00000e-02	nan	nan
-1.63298e+00	5.00000e-02	3.31402e-01	5.00000e-02	nan	nan
-7.63107e-01	5.00000e-02	1.56981e-01	5.00000e-02	nan	nan
-1.69312e+00	5.00000e-02	3.18180e-01	5.00000e-02	nan	nan
-8.04631e-01	5.00000e-02	1.36770e-01	5.00000e-02	nan	nan
-9.53065e-01	5.00000e-02	2.09184e-01	5.00000e-02	nan	nan
-5.18165e-01	5.00000e-02	1.73607e-01	5.00000e-02	nan	nan
-1.72861e+00	5.00000e-02	3.63798e-01	5.00000e-02	nan	nan
-1.75291e+00	5.00000e-02	4.47556e-01	5.00000e-02	nan	nan
-9.82905e-01	5.00000e-02	2.38480e-01	5.00000e-02	nan	nan
-4.95117e-01	5.00000e-02	-1.72221e-02	5.00000e-02	nan	nan
-5.20542e-01	5.00000e-02	6.45085e-02	5.00000e-02	nan	nan
-6.27293e-01	5.00000e-02	8.16990e-02	5.00000e-02	nan	nan
-9.19531e-01	5.00000e-02	2.21761e-01	5.00000e-02	nan	nan
-8.77550e-01	5.00000e-02	1.22369e-01	5.00000e-02	nan	nan
-6.95459e-01	5.00000e-02	4.21966e-02	5.00000e-02	nan	nan
-1.13621e+00	5.00000e-02	2.94730e-01	5.00000e-02	nan	nan
-8.95691e-01	5.00000e-02	1.14476e-01	5.00000e-02	nan	nan
-1.12885e+00	5.00000e-02	1.99327e-01	5.00000e-02	nan	nan
-8.32211e-01	5.00000e-02	8.30565e-02	5.00000e-02	nan	nan
-1.45796e+00	5.00000e-02	2.06967e-01	5.00000e-02	nan	nan
-4.35463e-01	5.00000e-02	-2.78567e-02	5.00000e-02	nan	nan
-9.07130e-01	5.00000e-02	2.09413e-01	5.00000e-02	nan	nan
-1.73303e+00	5.00000e-02	4.11192e-01	5.00000e-02	nan	nan
-9.38183e-01	5.00000e-02	1.09587e-01	5.00000e-02	nan	nan
-8.62014e-01	5.00000e-02	1.41174e-01	5.00000e-02	nan	nan
-8.14531e-01	5.00000e-02	2.00425e-01	5.00000e-02	nan	nan
-1.15159e+00	5.00000e-02	2.55294e-01	5.00000e-02	nan	nan
-5.42317e-01	5.00000e-02	1.87604e-02	5.00000e-02	nan	nan
-6.14944e-01	5.00000e-02	1.80401e-02	5.00000e-02	nan	nan
-6.03330e-01	5.00000e-02	6.56058e-02	5.00000e-02	nan	nan
-2.32137e+00	5.00000e-02	5.15963e-01	5.00000e-02	nan	nan
-1.22896e+00	5.00000e-02	3.18568e-01	5.00000e-02	nan	nan
-1.48519e+00	5.00000e-02	3.73654e-01	5.00000e-02	nan	nan
-1.86986e+00	5.00000e-02	3.92050e-01	5.00000e-02	nan	nan
-1.03815e+00	5.00000e-02	2.09438e-01	5.00000e-02	nan	nan
-6.95687e-01	5.00000e-02	1.25472e-01	5.00000e-02	nan	nan
-1.14931e+00	5.00000e-02	1.98850e-01	5.00000e-02	nan	nan
-8.37792e-01	5.00000e-02	1.66151e-01	5.00000e-02	nan	nan
-7.72965e-01	5.00000e-02	5.79311e-02	5.00000e-02	nan	nan
-4.46812e-01	5.00000e-02	5.91896e-03	5.00000e-02	nan	nan
-1.06440e+00	5.00000e-02	2.14350e-01	5.00000e-02	nan	nan
-7.37833e-01	5.00000e-02	9.29043e-02	5.00000e-02	nan	nan
-5.04803e-01	5.00000e-02	-4.23819e-02	5.00000e-02	nan	nan
-7.44991e-01	5.00000e-02	1.15059e-01	5.00000e-02	nan	nan
-1.30412e+00	5.00000e-02	2.73640e-01	5.00000e-02	nan	nan
-1.23828e+00	5.00000e-02	2.29488e-01	5.00000e-02	nan	nan
-1.00502e+00	5.00000e-02	1.90856e-01	5.00000e-02	nan	nan
-1.24733e+00	5.00000e-02	2.51039e-01	5.00000e-02	nan	nan
-2.40600e+00	5.00000e-02	4.32173e-01	5.00000e-02	nan	nan
-1.25472e+00	5.00000e-02	2.28151e-01	5.00000e-02	nan	nan
-6.26536e-01	5.00000e-02	4.37978e-02	5.00000e-02	nan	nan
-7.88756e-01	5.00000e-02	7.08149e-02	5.00000e-02	nan	nan
-1.01555e+00	5.00000e-02	1.27938e-01	5.00000e-02	nan	nan
-8.10984e-01	5.00000e-02	1.12469e-01	5.00000e-02	nan	nan
-4.09047e-01	5.00000e-02	-1.51673e-02	5.00000e-02	nan	nan
-1.15776e+00	5.00000e-02	2.21755e-01	5.00000e-02	nan	nan
-6.43409e-01	5.00000e-02	1.47197e-01	5.00000e-02	nan	nan
-8.91923e-01	5.00000e-02	1.32608e-01	5.00000e-02	nan	nan
-7.72775e-01	5.00000e-02	1.25349e-01	5.00000e-02	nan	nan
-1.65297e+00	5.00000e-02	2.91598e-01	5.00000e-02	nan	nan
-2.01553e+00	5.00000e-02	5.04657e-01	5.00000e-02	nan	nan
-1.14747e+00	5.00000e-02	2.09984e-01	5.00000e-02	nan	nan
-8.95510e-01	5.00000e-02	2.41393e-01	5.00000e-02	nan	nan
-8.82275e-01	5.00000e-02	1.20548e-01	5.00000e-02	nan	nan
-1.00647e+00	5.00000e-02	1.98524e-01	5.00000e-02	nan	nan
-1.16246e+00	5.00000e-02	3.09756e-01	5.00000e-02	nan	nan
-1.56712e+00	5.00000e-02	4.07837e-01	5.00000e-02	nan	nan
-4.53599e-01	5.00000e-02	-4.18828e-02	5.00000e-02	nan	nan
-9.25765e-01	5.00000e-02	1.38006e-01	5.00000e-02	nan	nan
-7.49528e-01	5.00000e-02	1.68073e-01	5.00000e-02	nan	nan
-1.37806e+00	5.00000e-02	3.54340e-01	5.00000e-02	nan	nan
-1.05757e+00	5.00000e-02	3.50206e-01	5.00000e-02	nan	nan
-9.35217e-01	5.00000e-02	2.10057e-01	5.00000e-02	nan	nan
-3.93694e-01	5.00000e-02	-7.17779e-02	5.00000e-02	nan	nan
-6.89920e-01	5.00000e-02	6.42099e-02	5.00000e-02	nan	nan
-6.37512e-01	5.00000e-02	1.51969e-01	5.00000e-02	nan	nan
-7.59797e-01	5.00000e-02	2.37685e-02	5.00000e-02	nan	nan
-1.31550e+00	5.00000e-02	2.17274e-01	5.00000e-02	nan	nan
-8.49850e-01	5.00000e-02	7.70027e-02	5.00000e-02	nan	nan
-1.22920e+00	5.00000e-02	2.40119e-01	5.00000e-02	nan	nan
-4.91780e-01	5.00000e-02	-7.53660e-02	5.00000e-02	nan	nan
-9.96271e-01	5.00000e-02	2.33110e-01	5.00000e-02	nan	nan
-1.59900e+00	5.00000e-02	3.54008e-01	5.00000e-02	nan	nan
-1.63057e+00	5.00000e-02	3.67247e-01	5.00000e-02	nan	nan
-6.14809e-01	5.00000e-02	-6.13389e-02	5.00000e-02	nan	nan
-8.58073e-01	5.00000e-02	8.25228e-02	5.00000e-02	nan	nan
-4.88243e-01	5.00000e-02	2.97081e-02	5.00000e-02	nan	nan
-5.93542e-01	5.00000e-02	1.67544e-01	5.00000e-02	nan	nan
-7.50529e-01	5.00000e-02	8.07542e-02	5.00000e-02	nan	nan
-7.89618e-01	5.00000e-02	1.74396e-01	5.00000e-02	nan	nan
-4.66496e-01	5.00000e-02	-7.82242e-02	5.00000e-02	nan	nan
-6.28753e-01	5.00000e-02	7.02432e-02	5.00000e-02	nan	nan
-8.25647e-01	5.00000e-02	1.04243e-01	5.00000e-02	nan	nan
-1.33702e+00	5.00000e-02	2.46008e-01	5.00000e-02	nan	nan
-1.27527e+00	5.00000e-02	1.75453e-01	5.00000e-02	nan	nan
-1.77626e+00	5.00000e-02	3.91756e-01	5.00000e-02	nan	nan
-1.02657e+00	5.00000e-02	1.17188e-01	5.00000e-02	nan	nan
-1.07203e+00	5.00000e-02	2.54668e-01	5.00000e-02	nan	nan
-1.11010e+00	5.00000e-02	1.37063e-01	5.00000e-02	nan	nan
-1.11784e+00	5.00000e-02	2.61464e-01	5.00000e-02	nan	nan
-7.52388e-01	5.00000e-02	1.08922e-01	5.00000e-02	nan	nan
-1.40644e+00	5.00000e-02	3.48281e-01	5.00000e-02	nan	nan
-8.76238e-01	5.00000e-02	9.01305e-02	5.00000e-02	nan	nan
-7.55857e-01	5.00000e-02	1.12919e-01	5.00000e-02	nan	nan
-1.16717e+00	5.00000e-02	2.56411e-01	5.00000e-02	nan	nan
-8.57771e-01	5.00000e-02	1.25508e-01	5.00000e-02	nan	nan
-1.42976e+00	5.00000e-02	3.13968e-01	5.00000e-02	nan	nan
-7.57290e-01	5.00000e-02	1.17939e-01	5.00000e-02	nan	nan
-7.85210e-01	5.00000e-02	1.48721e-01	5.00000e-02	nan	nan
-5.34660e-01	5.00000e-02	6.56486e-03	5.00000e-02	nan	nan
-1.25343e+00	5.00000e-02	3.35597e-01	5.00000e-02	nan	nan
-9.21581e-01	5.00000e-02	1.38182e-01	5.00000e-02	nan	nan
-1.21923e+00	5.00000e-02	2.19119e-01	5.00000e-02	nan	nan
-6.33185e-01	5.00000e-02	6.66978e-02	5.00000e-02	nan	nan
-9.77630e-01	5.00000e-02	1.94489e-01	5.00000e-02	nan	nan
-9.33591e-01	5.00000e-02	1.42327e-01	5.00000e-02	nan	nan
-9.27162e-01	5.00000e-02	1.58909e-01	5.00000e-02	nan	nan
-9.35227e-01	5.00000e-02	1.36157e-01	5.00000e-02	nan	nan
-7.63454e-01	5.00000e-02	1.17496e-01	5.00000e-02	nan	nan
-8.77470e-01	5.00000e-02	2.05191e-01	5.00000e-02	nan	nan
-9.52337e-01	5.00000e-02	2.05801e-01	5.00000e-02	nan	nan
-8.71066e-01	5.00000e-02	1.40174e-01	5.00000e-02	nan	nan
-8.71839e-01	5.00000e-02	1.18693e-01	5.00000e-02	nan	nan
-8.54924e-01	5.00000e-02	1.98262e-01	5.00000e-02	nan	nan
-1.71381e+00	5.00000e-02	3.73950e-01	5.00000e-02	nan	nan
-1.23490e+00	5.00000e-02	2.95944e-01	5.00000e-02	nan	nan
-8.61387e-01	5.00000e-02	1.05484e-01	5.00000e-02	nan	nan
-1.12596e+00	5.00000e-02	1.92561e-01	5.00000e-02	nan	nan
-1.32258e+00	5.00000e-02	2.57366e-01	5.00000e-02	nan	nan
-1.09066e+00	5.00000e-02	2.74448e-01	5.00000e-02	nan	nan
-7.92082e-01	5.00000e-02	5.72724e-02	5.00000e-02	nan	nan
-5.45135e-01	5.00000e-02	2.01929e-02	5.00000e-02	nan	nan
-9.31872e-01	5.00000e-02	9.63852e-02	5.00000e-02	nan	nan
-1.30579e+00	5.00000e-02	2.42158e-01	5.00000e-02	nan	nan
-1.08848e+00	5.00000e-02	2.14562e-01	5.00000e-02	nan	nan
-3.06342e-01	5.00000e-02	-5.54422e-02	5.00000e-02	nan	nan
-6.16765e-01	5.00000e-02	1.42760e-01	5.00000e-02	nan	nan
-1.01640e+00	5.00000e-02	2.09442e-01	5.00000e-02	nan	nan
