# [Fe/H]	[Fe/H]_err	[O/Fe]	[O/Fe]_err	Log(age/Gyr)	Log(age/Gyr)_err
-7.54260e-01	5.00000e-02	9.52510e-02	5.00000e-02	1.00690e+00	5.00000e-01
-1.20500e+00	5.00000e-02	1.79698e-01	5.00000e-02	1.27001e+00	5.00000e-01
-1.20028e+00	5.00000e-02	2.03735e-01	5.00000e-02	1.33511e+00	5.00000e-01
-3.25073e-01	5.00000e-02	-4.50781e-02	5.00000e-02	6.43840e-01	5.00000e-01
-1.47533e+00	5.00000e-02	2.67952e-01	5.00000e-02	1.46048e+00	5.00000e-01
-1.16862e+00	5.00000e-02	1.55035e-01	5.00000e-02	1.00400e+00	5.00000e-01
-1.53329e+00	5.00000e-02	2.40702e-01	5.00000e-02	5.51805e-01	5.00000e-01
-7.67575e-01	5.00000e-02	1.06635e-01	5.00000e-02	1.01130e+00	5.00000e-01
-1.13225e+00	5.00000e-02	2.24977e-01	5.00000e-02	1.45481e+00	5.00000e-01
-5.73819e-01	5.00000e-02	-1.82178e-02	5.00000e-02	4.69611e-01	5.00000e-01
-9.65475e-01	5.00000e-02	2.04903e-01	5.00000e-02	2.16958e-01	5.00000e-01
-1.41698e+00	5.00000e-02	2.79705e-01	5.00000e-02	1.57252e+00	5.00000e-01
-9.34058e-01	5.00000e-02	1.47234e-01	5.00000e-02	1.23658e+00	5.00000e-01
-1.44211e+00	5.00000e-02	3.45133e-01	5.00000e-02	1.29535e+00	5.00000e-01
-5.54325e-01	5.00000e-02	1.21945e-02	5.00000e-02	9.31730e-01	5.00000e-01
-1.37689e+00	5.00000e-02	1.83517e-01	5.00000e-02	1.01138e+00	5.00000e-01
-7.95230e-01	5.00000e-02	1.18415e-01	5.00000e-02	4.38060e-01	5.00000e-01
-1.12501e+00	5.00000e-02	1.79704e-01	5.00000e-02	1.04198e+00	5.00000e-01
-1.24226e+00	5.00000e-02	2.65570e-01	5.00000e-02	1.37864e+00	5.00000e-01
-7.83996e-01	5.00000e-02	1.12580e-01	5.00000e-02	4.01412e-01	5.00000e-01
-1.26807e+00	5.00000e-02	2.48620e-01	5.00000e-02	1.68884e+00	5.00000e-01
-7.04129e-01	5.00000e-02	8.20313e-02	5.00000e-02	1.02305e+00	5.00000e-01
-7.10496e-01	5.00000e-02	1.09218e-01	5.00000e-02	7.57734e-01	5.00000e-01
-6.04851e-01	5.00000e-02	8.46765e-02	5.00000e-02	1.88281e-01	5.00000e-01
-6.63518e-01	5.00000e-02	-7.74991e-04	5.00000e-02	9.80523e-01	5.00000e-01
-1.13259e+00	5.00000e-02	1.94553e-01	5.00000e-02	6.83612e-01	5.00000e-01
-1.47448e+00	5.00000e-02	3.84211e-01	5.00000e-02	6.31827e-01	5.00000e-01
-1.13444e+00	5.00000e-02	1.43440e-01	5.00000e-02	1.45191e+00	5.00000e-01
-1.11562e+00	5.00000e-02	1.81098e-01	5.00000e-02	1.32720e+00	5.00000e-01
-2.02269e+00	5.00000e-02	3.59636e-01	5.00000e-02	7.54506e-01	5.00000e-01
-1.11925e+00	5.00000e-02	1.38851e-01	5.00000e-02	1.35373e-01	5.00000e-01
-9.80920e-01	5.00000e-02	2.40564e-01	5.00000e-02	6.59048e-01	5.00000e-01
-3.10595e-01	5.00000e-02	-8.56078e-02	5.00000e-02	-1.61622e-01	5.00000e-01
-1.45142e+00	5.00000e-02	2.71430e-01	5.00000e-02	1.33243e+00	5.00000e-01
-8.97122e-01	5.00000e-02	2.10175e-01	5.00000e-02	6.59515e-01	5.00000e-01
-1.05225e+00	5.00000e-02	2.41036e-01	5.00000e-02	1.56603e-01	5.00000e-01
-8.49632e-01	5.00000e-02	8.27302e-02	5.00000e-02	1.47482e+00	5.00000e-01
-1.10762e+00	5.00000e-02	2.18908e-01	5.00000e-02	7.25179e-01	5.00000e-01
-9.12089e-01	5.00000e-02	9.49631e-02	5.00000e-02	1.32004e+00	5.00000e-01
-3.95465e-01	5.00000e-02	-1.08254e-01	5.00000e-02	1.41042e+00	5.00000e-01
-1.36551e+00	5.00000e-02	3.69638e-01	5.00000e-02	6.73979e-01	5.00000e-01
-1.09007e+00	5.00000e-02	1.56007e-01	5.00000e-02	1.25889e+00	5.00000e-01
-8.43511e-01	5.00000e-02	2.07229e-01	5.00000e-02	5.83072e-01	5.00000e-01
-1.32869e+00	5.00000e-02	2.68407e-01	5.00000e-02	9.91911e-01	5.00000e-01
-8.75989e-01	5.00000e-02	1.76584e-01	5.00000e-02	-1.48195e-01	5.00000e-01
-1.47121e+00	5.00000e-02	2.98896e-01	5.00000e-02	7.82264e-01	5.00000e-01
-1.63067e+00	5.00000e-02	3.50962e-01	5.00000e-02	1.17407e+00	5.00000e-01
-8.88322e-01	5.00000e-02	2.45657e-01	5.00000e-02	1.15095e+00	5.00000e-01
-1.89771e-01	5.00000e-02	-1.45008e-01	5.00000e-02	1.04493e-01	5.00000e-01
-8.17294e-01	5.00000e-02	1.41162e-01	5.00000e-02	7.64162e-01	5.00000e-01
-1.27281e+00	5.00000e-02	3.08318e-01	5.00000e-02	1.43367e+00	5.00000e-01
-1.39602e+00	5.00000e-02	2.38222e-01	5.00000e-02	1.16987e+00	5.00000e-01
-1.34453e+00	5.00000e-02	3.68047e-01	5.00000e-02	1.02890e+00	5.00000e-01
-1.60128e+00	5.00000e-02	3.80498e-01	5.00000e-02	1.89096e+00	5.00000e-01
-9.66051e-01	5.00000e-02	2.11837e-01	5.00000e-02	7.30968e-01	5.00000e-01
-1.15270e+00	5.00000e-02	2.50581e-01	5.00000e-02	7.07947e-01	5.00000e-01
-1.31007e+00	5.00000e-02	2.76815e-01	5.00000e-02	7.40776e-01	5.00000e-01
-9.69215e-01	5.00000e-02	2.31561e-01	5.00000e-02	2.05433e+00	5.00000e-01
-1.95205e+00	5.00000e-02	3.44480e-01	5.00000e-02	1.20263e+00	5.00000e-01
-1.25429e+00	5.00000e-02	3.24509e-01	5.00000e-02	9.08225e-01	5.00000e-01
-5.87829e-01	5.00000e-02	4.41235e-02	5.00000e-02	3.02301e-01	5.00000e-01
-1.05919e+00	5.00000e-02	2.85057e-01	5.00000e-02	9.74545e-01	5.00000e-01
-8.25699e-01	5.00000e-02	1.30995e-01	5.00000e-02	3.02020e-01	5.00000e-01
-9.09428e-01	5.00000e-02	1.55840e-01	5.00000e-02	1.14454e+00	5.00000e-01
-9.06120e-01	5.00000e-02	1.92037e-01	5.00000e-02	8.77176e-01	5.00000e-01
-3.96567e-01	5.00000e-02	3.01581e-02	5.00000e-02	1.19907e+00	5.00000e-01
-6.74206e-01	5.00000e-02	4.73458e-02	5.00000e-02	5.97792e-01	5.00000e-01
-1.95108e+00	5.00000e-02	4.13558e-01	5.00000e-02	1.23058e+00	5.00000e-01
-2.04217e+00	5.00000e-02	4.82549e-01	5.00000e-02	1.16417e+00	5.00000e-01
-1.37410e+00	5.00000e-02	2.57090e-01	5.00000e-02	6.19566e-01	5.00000e-01
-9.83510e-01	5.00000e-02	2.29473e-01	5.00000e-02	8.17964e-01	5.00000e-01
-1.20491e+00	5.00000e-02	2.90927e-01	5.00000e-02	8.97223e-01	5.00000e-01
-8.97318e-01	5.00000e-02	1.88100e-01	5.00000e-02	6.37814e-01	5.00000e-01
-1.20131e+00	5.00000e-02	2.85412e-01	5.00000e-02	1.48677e+00	5.00000e-01
-9.36476e-01	5.00000e-02	2.61435e-01	5.00000e-02	2.07080e+00	5.00000e-01
-8.82343e-01	5.00000e-02	1.66539e-01	5.00000e-02	1.11504e+00	5.00000e-01
-8.65792e-01	5.00000e-02	2.75313e-01	5.00000e-02	1.01723e+00	5.00000e-01
-1.50885e+00	5.00000e-02	2.85609e-01	5.00000e-02	1.49890e+00	5.00000e-01
-1.72330e+00	5.00000e-02	4.47157e-01	5.00000e-02	1.32149e+00	5.00000e-01
-8.81730e-01	5.00000e-02	1.98772e-01	5.00000e-02	7.44663e-01	5.00000e-01
-1.10453e+00	5.00000e-02	2.39829e-01	5.00000e-02	-9.49791e-03	5.00000e-01
-1.39531e+00	5.00000e-02	2.89777e-01	5.00000e-02	4.89499e-01	5.00000e-01
-7.80290e-01	5.00000e-02	1.63671e-01	5.00000e-02	2.02348e+00	5.00000e-01
-1.53618e+00	5.00000e-02	2.06798e-01	5.00000e-02	6.95496e-01	5.00000e-01
-6.44925e-01	5.00000e-02	5.81993e-02	5.00000e-02	7.69651e-01	5.00000e-01
-9.89923e-01	5.00000e-02	2.66550e-01	5.00000e-02	8.95438e-01	5.00000e-01
-1.77906e+00	5.00000e-02	2.86662e-01	5.00000e-02	9.85752e-01	5.00000e-01
-1.66310e+00	5.00000e-02	3.90596e-01	5.00000e-02	1.22346e+00	5.00000e-01
-2.16141e+00	5.00000e-02	3.92240e-01	5.00000e-02	1.13023e+00	5.00000e-01
-5.73876e-01	5.00000e-02	3.98404e-02	5.00000e-02	4.54247e-02	5.00000e-01
-6.59102e-01	5.00000e-02	1.19047e-01	5.00000e-02	1.24073e+00	5.00000e-01
-1.13967e+00	5.00000e-02	1.66505e-01	5.00000e-02	1.46580e+00	5.00000e-01
-5.17018e-01	5.00000e-02	9.15712e-02	5.00000e-02	5.29083e-01	5.00000e-01
-7.76596e-01	5.00000e-02	8.46736e-02	5.00000e-02	1.16575e+00	5.00000e-01
-6.42191e-01	5.00000e-02	1.29420e-01	5.00000e-02	6.53627e-01	5.00000e-01
-1.25521e+00	5.00000e-02	2.91617e-01	5.00000e-02	6.88311e-01	5.00000e-01
-1.76728e+00	5.00000e-02	3.50501e-01	5.00000e-02	2.05959e+00	5.00000e-01
-9.72497e-01	5.00000e-02	2.09579e-01	5.00000e-02	7.40185e-01	5.00000e-01
-1.07567e+00	5.00000e-02	3.28786e-01	5.00000e-02	6.66833e-01	5.00000e-01
-1.31380e+00	5.00000e-02	3.95460e-01	5.00000e-02	4.12933e-01	5.00000e-01
-2.98030e-01	5.00000e-02	-1.15804e-01	5.00000e-02	nan	nan
-5.47782e-01	5.00000e-02	3.80710e-02	5.00000e-02	nan	nan
-1.19833e+00	5.00000e-02	3.40980e-01	5.00000e-02	nan	nan
-1.25230e+00	5.00000e-02	2.24032e-01	5.00000e-02	nan	nan
-1.57345e+00	5.00000e-02	2.85819e-01	5.00000e-02	nan	nan
-9.63554e-01	5.00000e-02	1.43599e-01	5.00000e-02	nan	nan
-5.49338e-01	5.00000e-02	8.26801e-03	5.00000e-02	nan	nan
-1.07405e+00	5.00000e-02	2.32025e-01	5.00000e-02	nan	nan
-1.76359e+00	5.00000e-02	3.91390e-01	5.00000e-02	nan	nan
-1.26484e+00	5.00000e-02	1.89979e-01	5.00000e-02	nan	nan
-6.90312e-01	5.00000e-02	5.26441e-02	5.00000e-02	nan	nan
-5.97203e-01	5.00000e-02	9.72297e-02	5.00000e-02	nan	nan
-2.20396e+00	5.00000e-02	3.89881e-01	5.00000e-02	nan	nan
-9.97871e-01	5.00000e-02	2.54172e-01	5.00000e-02	nan	nan
-1.39337e+00	5.00000e-02	2.79861e-01	5.00000e-02	nan	nan
-1.24942e+00	5.00000e-02	2.86974e-01	5.00000e-02	nan	nan
-9.85755e-01	5.00000e-02	1.92010e-01	5.00000e-02	nan	nan
-1.06342e+00	5.00000e-02	2.54795e-01	5.00000e-02	nan	nan
-7.65341e-01	5.00000e-02	1.88719e-01	5.00000e-02	nan	nan
-1.60020e+00	5.00000e-02	2.89320e-01	5.00000e-02	nan	nan
-7.21544e-01	5.00000e-02	1.23518e-01	5.00000e-02	nan	nan
-8.65768e-01	5.00000e-02	7.03614e-02	5.00000e-02	nan	nan
-1.35239e+00	5.00000e-02	3.13003e-01	5.00000e-02	nan	nan
-1.04262e+00	5.00000e-02	1.97546e-01	5.00000e-02	nan	nan
-9.73778e-01	5.00000e-02	1.48660e-01	5.00000e-02	nan	nan
-9.09530e-01	5.00000e-02	1.63574e-01	5.00000e-02	nan	nan
-8.32833e-01	5.00000e-02	1.19860e-01	5.00000e-02	nan	nan
-8.38864e-01	5.00000e-02	1.41900e-01	5.00000e-02	nan	nan
-1.99026e+00	5.00000e-02	3.47994e-01	5.00000e-02	nan	nan
-8.64513e-01	5.00000e-02	1.23331e-01	5.00000e-02	nan	nan
-1.55596e+00	5.00000e-02	3.42827e-01	5.00000e-02	nan	nan
-9.54441e-01	5.00000e-02	5.53902e-02	5.00000e-02	nan	nan
-6.71553e-01	5.00000e-02	-4.29320e-02	5.00000e-02	nan	nan
-1.31502e+00	5.00000e-02	2.86627e-01	5.00000e-02	nan	nan
-1.73365e+00	5.00000e-02	3.89253e-01	5.00000e-02	nan	nan
-1.25949e+00	5.00000e-02	2.24759e-01	5.00000e-02	nan	nan
-6.17714e-01	5.00000e-02	6.60841e-02	5.00000e-02	nan	nan
-4.49926e-01	5.00000e-02	-1.06697e-01	5.00000e-02	nan	nan
-7.81005e-01	5.00000e-02	1.52512e-01	5.00000e-02	nan	nan
-3.91157e-01	5.00000e-02	9.42111e-03	5.00000e-02	nan	nan
-1.20658e+00	5.00000e-02	2.51441e-01	5.00000e-02	nan	nan
-1.27338e+00	5.00000e-02	1.90178e-01	5.00000e-02	nan	nan
-6.05840e-01	5.00000e-02	1.36725e-01	5.00000e-02	nan	nan
-2.25537e+00	5.00000e-02	5.11320e-01	5.00000e-02	nan	nan
-1.55544e+00	5.00000e-02	3.42832e-01	5.00000e-02	nan	nan
-1.49093e+00	5.00000e-02	2.16250e-01	5.00000e-02	nan	nan
-9.62730e-01	5.00000e-02	2.34483e-01	5.00000e-02	nan	nan
-1.47368e+00	5.00000e-02	3.23002e-01	5.00000e-02	nan	nan
-1.33020e+00	5.00000e-02	2.47614e-01	5.00000e-02	nan	nan
-8.38426e-01	5.00000e-02	1.62303e-01	5.00000e-02	nan	nan
-8.70966e-01	5.00000e-02	1.41007e-01	5.00000e-02	nan	nan
-9.96593e-01	5.00000e-02	2.28710e-01	5.00000e-02	nan	nan
-8.28519e-01	5.00000e-02	1.35916e-01	5.00000e-02	nan	nan
-1.21206e+00	5.00000e-02	2.54188e-01	5.00000e-02	nan	nan
-7.03270e-01	5.00000e-02	1.08140e-01	5.00000e-02	nan	nan
-8.61398e-01	5.00000e-02	1.41014e-01	5.00000e-02	nan	nan
-1.11224e+00	5.00000e-02	1.68319e-01	5.00000e-02	nan	nan
-1.05316e+00	5.00000e-02	3.03356e-01	5.00000e-02	nan	nan
-7.43906e-01	5.00000e-02	7.49143e-02	5.00000e-02	nan	nan
-5.72338e-01	5.00000e-02	-2.40116e-02	5.00000e-02	nan	nan
-1.39824e+00	5.00000e-02	2.91498e-01	5.00000e-02	nan	nan
-8.97634e-01	5.00000e-02	1.36866e-01	5.00000e-02	nan	nan
-1.15572e+00	5.00000e-02	2.77462e-01	5.00000e-02	nan	nan
-1.15080e+00	5.00000e-02	2.51574e-01	5.00000e-02	nan	nan
-1.23893e+00	5.00000e-02	2.37412e-01	5.00000e-02	nan	nan
-1.64871e+00	5.00000e-02	3.74137e-01	5.00000e-02	nan	nan
-1.01457e+00	5.00000e-02	2.51112e-01	5.00000e-02	nan	nan
-9.87263e-01	5.00000e-02	2.26355e-01	5.00000e-02	nan	nan
-1.06283e+00	5.00000e-02	2.16510e-01	5.00000e-02	nan	nan
-1.18372e+00	5.00000e-02	1.79791e-01	5.00000e-02	nan	nan
-1.22520e+00	5.00000e-02	2.78969e-01	5.00000e-02	nan	nan
-1.12582e+00	5.00000e-02	2.66550e-01	5.00000e-02	nan	nan
-1.33296e+00	5.00000e-02	3.47402e-01	5.00000e-02	nan	nan
-1.34018e+00	5.00000e-02	2.56483e-01	5.00000e-02	nan	nan
-7.96055e-01	5.00000e-02	1.21549e-01	5.00000e-02	nan	nan
-1.00306e+00	5.00000e-02	9.68815e-02	5.00000e-02	nan	nan
-7.40813e-01	5.00000e-02	1.18738e-01	5.00000e-02	nan	nan
-1.15523e+00	5.00000e-02	2.04142e-01	5.00000e-02	nan	nan
-9.87015e-01	5.00000e-02	1.90947e-01	5.00000e-02	nan	nan
-1.41021e+00	5.00000e-02	2.50461e-01	5.00000e-02	nan	nan
-4.77196e-01	5.00000e-02	2.03365e-02	5.00000e-02	nan	nan
-1.53718e+00	5.00000e-02	3.23838e-01	5.00000e-02	nan	nan
-9.71563e-01	5.00000e-02	1.82302e-01	5.00000e-02	nan	nan
-1.07476e+00	5.00000e-02	2.76047e-01	5.00000e-02	nan	nan
-1.09020e+00	5.00000e-02	2.39741e-01	5.00000e-02	nan	nan
-9.91618e-01	5.00000e-02	1.48762e-01	5.00000e-02	nan	nan
-9.21164e-01	5.00000e-02	1.82966e-01	5.00000e-02	nan	nan
-1.25428e+00	5.00000e-02	3.41327e-01	5.00000e-02	nan	nan
-1.14566e+00	5.00000e-02	3.16518e-01	5.00000e-02	nan	nan
-1.07274e+00	5.00000e-02	1.84330e-01	5.00000e-02	nan	nan
-1.21229e+00	5.00000e-02	2.92118e-01	5.00000e-02	nan	nan
-4.63398e-01	5.00000e-02	9.70302e-03	5.00000e-02	nan	nan
-1.25470e+00	5.00000e-02	2.28038e-01	5.00000e-02	nan	nan
-7.89522e-01	5.00000e-02	1.43647e-01	5.00000e-02	nan	nan
-9.13478e-01	5.00000e-02	2.29155e-01	5.00000e-02	nan	nan
-1.29936e+00	5.00000e-02	3.00110e-01	5.00000e-02	nan	nan
-1.18499e+00	5.00000e-02	2.13512e-01	5.00000e-02	nan	nan
-1.02538e+00	5.00000e-02	1.77934e-01	5.00000e-02	nan	nan
-1.17521e+00	5.00000e-02	1.56956e-01	5.00000e-02	nan	nan
-1.07189e+00	5.00000e-02	2.53396e-01	5.00000e-02	nan	nan
-1.34147e+00	5.00000e-02	1.94636e-01	5.00000e-02	nan	nan
-7.65262e-01	5.00000e-02	1.77153e-01	5.00000e-02	nan	nan
-3.74838e-01	5.00000e-02	-5.15622e-02	5.00000e-02	nan	nan
-2.02992e+00	5.00000e-02	3.23752e-01	5.00000e-02	nan	nan
-9.43143e-01	5.00000e-02	2.47466e-01	5.00000e-02	nan	nan
-4.58156e-01	5.00000e-02	4.91859e-02	5.00000e-02	nan	nan
-9.79022e-01	5.00000e-02	2.03900e-01	5.00000e-02	nan	nan
-1.08052e+00	5.00000e-02	2.01032e-01	5.00000e-02	nan	nan
-1.35625e+00	5.00000e-02	3.20447e-01	5.00000e-02	nan	nan
-8.90192e-01	5.00000e-02	2.23714e-01	5.00000e-02	nan	nan
-6.71424e-01	5.00000e-02	-2.73272e-02	5.00000e-02	nan	nan
-1.65152e+00	5.00000e-02	3.22541e-01	5.00000e-02	nan	nan
-1.58722e+00	5.00000e-02	3.02145e-01	5.00000e-02	nan	nan
-1.84299e+00	5.00000e-02	3.62821e-01	5.00000e-02	nan	nan
-8.62860e-01	5.00000e-02	1.83199e-01	5.00000e-02	nan	nan
-5.67408e-01	5.00000e-02	5.49358e-02	5.00000e-02	nan	nan
-8.80307e-01	5.00000e-02	1.23488e-01	5.00000e-02	nan	nan
-9.68055e-01	5.00000e-02	2.33476e-01	5.00000e-02	nan	nan
-1.06762e+00	5.00000e-02	1.91511e-01	5.00000e-02	nan	nan
-1.75974e+00	5.00000e-02	3.48369e-01	5.00000e-02	nan	nan
-1.18439e+00	5.00000e-02	1.86387e-01	5.00000e-02	nan	nan
-2.09735e+00	5.00000e-02	4.16693e-01	5.00000e-02	nan	nan
-1.17396e+00	5.00000e-02	1.92776e-01	5.00000e-02	nan	nan
-7.44687e-01	5.00000e-02	1.07193e-01	5.00000e-02	nan	nan
-7.51799e-01	5.00000e-02	9.45010e-02	5.00000e-02	nan	nan
-7.06173e-01	5.00000e-02	4.72665e-02	5.00000e-02	nan	nan
-9.96482e-01	5.00000e-02	3.49323e-01	5.00000e-02	nan	nan
-9.05819e-01	5.00000e-02	1.07040e-01	5.00000e-02	nan	nan
-2.18252e+00	5.00000e-02	4.34392e-01	5.00000e-02	nan	nan
-1.76741e+00	5.00000e-02	3.52883e-01	5.00000e-02	nan	nan
-1.07557e+00	5.00000e-02	1.58727e-01	5.00000e-02	nan	nan
-6.56960e-01	5.00000e-02	1.40487e-01	5.00000e-02	nan	nan
-4.62460e-01	5.00000e-02	-4.13042e-02	5.00000e-02	nan	nan
-1.21744e+00	5.00000e-02	2.39228e-01	5.00000e-02	nan	nan
-1.36881e+00	5.00000e-02	2.16919e-01	5.00000e-02	nan	nan
-1.23573e+00	5.00000e-02	2.69908e-01	5.00000e-02	nan	nan
-1.28200e+00	5.00000e-02	3.85838e-01	5.00000e-02	nan	nan
-4.50311e-01	5.00000e-02	-1.53116e-03	5.00000e-02	nan	nan
-1.05213e+00	5.00000e-02	2.42138e-01	5.00000e-02	nan	nan
-7.34217e-01	5.00000e-02	7.69682e-02	5.00000e-02	nan	nan
-6.63031e-01	5.00000e-02	8.92009e-02	5.00000e-02	nan	nan
-1.25242e+00	5.00000e-02	3.04264e-01	5.00000e-02	nan	nan
-1.10136e+00	5.00000e-02	2.50833e-01	5.00000e-02	nan	nan
-7.64051e-01	5.00000e-02	-2.28434e-02	5.00000e-02	nan	nan
-1.42686e+00	5.00000e-02	2.79277e-01	5.00000e-02	nan	nan
-1.27970e+00	5.00000e-02	3.03854e-01	5.00000e-02	nan	nan
-6.89701e-01	5.00000e-02	1.27055e-01	5.00000e-02	nan	nan
-9.07788e-01	5.00000e-02	1.89907e-01	5.00000e-02	nan	nan
-1.42492e+00	5.00000e-02	2.43040e-01	5.00000e-02	nan	nan
-5.16357e-01	5.00000e-02	4.47700e-02	5.00000e-02	nan	nan
-1.07765e+00	5.00000e-02	2.91956e-01	5.00000e-02	nan	nan
-1.03704e+00	5.00000e-02	1.87213e-01	5.00000e-02	nan	nan
-1.05858e+00	5.00000e-02	1.57718e-01	5.00000e-02	nan	nan
-5.64502e-01	5.00000e-02	2.18006e-02	5.00000e-02	nan	nan
-1.23917e+00	5.00000e-02	2.87807e-01	5.00000e-02	nan	nan
-1.27898e+00	5.00000e-02	2.73053e-01	5.00000e-02	nan	nan
-5.63686e-01	5.00000e-02	7.04673e-02	5.00000e-02	nan	nan
-1.32181e+00	5.00000e-02	2.83541e-01	5.00000e-02	nan	nan
-8.43946e-01	5.00000e-02	2.30685e-01	5.00000e-02	nan	nan
-1.18324e+00	5.00000e-02	3.34263e-01	5.00000e-02	nan	nan
-9.38526e-01	5.00000e-02	1.51428e-01	5.00000e-02	nan	nan
-9.67613e-01	5.00000e-02	2.36320e-01	5.00000e-02	nan	nan
-1.15773e+00	5.00000e-02	2.28837e-01	5.00000e-02	nan	nan
-8.65236e-01	5.00000e-02	2.11116e-01	5.00000e-02	nan	nan
-1.27345e+00	5.00000e-02	2.66149e-01	5.00000e-02	nan	nan
-7.95179e-01	5.00000e-02	1.14666e-01	5.00000e-02	nan	nan
-6.53267e-01	5.00000e-02	1.20757e-01	5.00000e-02	nan	nan
-8.95284e-01	5.00000e-02	1.18990e-01	5.00000e-02	nan	nan
-1.67838e+00	5.00000e-02	3.55604e-01	5.00000e-02	nan	nan
-1.11068e+00	5.00000e-02	1.92537e-01	5.00000e-02	nan	nan
-7.30910e-01	5.00000e-02	3.60696e-02	5.00000e-02	nan	nan
-9.45278e-01	5.00000e-02	1.94094e-01	5.00000e-02	nan	nan
-1.20166e+00	5.00000e-02	1.84571e-01	5.00000e-02	nan	nan
-7.45960e-01	5.00000e-02	1.57439e-01	5.00000e-02	nan	nan
-9.71174e-01	5.00000e-02	1.96466e-01	5.00000e-02	nan	nan
-8.67713e-01	5.00000e-02	1.83873e-01	5.00000e-02	nan	nan
-1.79601e+00	5.00000e-02	4.03175e-01	5.00000e-02	nan	nan
-8.16749e-01	5.00000e-02	2.27878e-02	5.00000e-02	nan	nan
-5.04095e-01	5.00000e-02	1.33023e-01	5.00000e-02	nan	nan
-1.26075e+00	5.00000e-02	2.18476e-01	5.00000e-02	nan	nan
-1.02645e+00	5.00000e-02	2.74487e-01	5.00000e-02	nan	nan
-1.18273e+00	5.00000e-02	2.04068e-01	5.00000e-02	nan	nan
-1.24279e+00	5.00000e-02	2.55496e-01	5.00000e-02	nan	nan
-4.88021e-01	5.00000e-02	6.23246e-02	5.00000e-02	nan	nan
-9.30103e-01	5.00000e-02	1.58495e-01	5.00000e-02	nan	nan
-1.52971e+00	5.00000e-02	3.59298e-01	5.00000e-02	nan	nan
-1.96867e+00	5.00000e-02	4.41922e-01	5.00000e-02	nan	nan
-9.89379e-01	5.00000e-02	7.16712e-02	5.00000e-02	nan	nan
-7.65166e-01	5.00000e-02	9.42395e-02	5.00000e-02	nan	nan
-4.27345e-01	5.00000e-02	-8.67452e-02	5.00000e-02	nan	nan
-6.62205e-01	5.00000e-02	3.17929e-02	5.00000e-02	nan	nan
-1.43316e+00	5.00000e-02	3.57173e-01	5.00000e-02	nan	nan
-8.40386e-01	5.00000e-02	2.00928e-01	5.00000e-02	nan	nan
-9.85058e-01	5.00000e-02	2.12392e-01	5.00000e-02	nan	nan
-7.90046e-01	5.00000e-02	7.18376e-02	5.00000e-02	nan	nan
-1.50448e+00	5.00000e-02	3.28062e-01	5.00000e-02	nan	nan
-1.22858e+00	5.00000e-02	2.31320e-01	5.00000e-02	nan	nan
-1.10846e+00	5.00000e-02	1.63847e-01	5.00000e-02	nan	nan
-8.10034e-01	5.00000e-02	1.69838e-01	5.00000e-02	nan	nan
-8.57320e-01	5.00000e-02	2.25900e-01	5.00000e-02	nan	nan
-1.12123e+00	5.00000e-02	2.26163e-01	5.00000e-02	nan	nan
-1.78198e+00	5.00000e-02	3.34529e-01	5.00000e-02	nan	nan
-1.31633e+00	5.00000e-02	3.79605e-01	5.00000e-02	nan	nan
-1.94956e+00	5.00000e-02	4.65829e-01	5.00000e-02	nan	nan
-9.05646e-01	5.00000e-02	9.38917e-02	5.00000e-02	nan	nan
-7.63948e-01	5.00000e-02	1.14978e-01	5.00000e-02	nan	nan
-4.33278e-01	5.00000e-02	-5.05261e-02	5.00000e-02	nan	nan
-1.30523e+00	5.00000e-02	2.75607e-01	5.00000e-02	nan	nan
-5.45560e-01	5.00000e-02	-5.82906e-02	5.00000e-02	nan	nan
-6.40224e-01	5.00000e-02	9.99805e-02	5.00000e-02	nan	nan
-1.20753e+00	5.00000e-02	2.59780e-01	5.00000e-02	nan	nan
-8.70100e-01	5.00000e-02	1.31807e-01	5.00000e-02	nan	nan
-1.60102e+00	5.00000e-02	3.15729e-01	5.00000e-02	nan	nan
-7.19785e-01	5.00000e-02	6.23038e-02	5.00000e-02	nan	nan
-8.13174e-01	5.00000e-02	1.96571e-01	5.00000e-02	nan	nan
-7.66054e-01	5.00000e-02	1.19426e-01	5.00000e-02	nan	nan
-1.61098e+00	5.00000e-02	2.70061e-01	5.00000e-02	nan	nan
-1.84034e+00	5.00000e-02	4.26409e-01	5.00000e-02	nan	nan
-1.45869e+00	5.00000e-02	3.22344e-01	5.00000e-02	nan	nan
-1.93019e+00	5.00000e-02	4.06637e-01	5.00000e-02	nan	nan
-1.08094e+00	5.00000e-02	1.72891e-01	5.00000e-02	nan	nan
-1.97539e+00	5.00000e-02	4.71474e-01	5.00000e-02	nan	nan
-1.11162e+00	5.00000e-02	1.12092e-01	5.00000e-02	nan	nan
-4.53053e-01	5.00000e-02	1.15048e-01	5.00000e-02	nan	nan
-1.10153e+00	5.00000e-02	1.52319e-01	5.00000e-02	nan	nan
-1.14096e+00	5.00000e-02	2.53832e-01	5.00000e-02	nan	nan
-8.24528e-01	5.00000e-02	1.06973e-01	5.00000e-02	nan	nan
-2.38570e+00	5.00000e-02	3.75717e-01	5.00000e-02	nan	nan
-1.00244e+00	5.00000e-02	1.56884e-01	5.00000e-02	nan	nan
-8.64814e-01	5.00000e-02	1.35730e-01	5.00000e-02	nan	nan
-1.11990e+00	5.00000e-02	1.77606e-01	5.00000e-02	nan	nan
-8.27998e-01	5.00000e-02	-2.72542e-02	5.00000e-02	nan	nan
-1.47551e+00	5.00000e-02	3.84268e-01	5.00000e-02	nan	nan
-1.31941e+00	5.00000e-02	2.57738e-01	5.00000e-02	nan	nan
-6.69141e-01	5.00000e-02	9.60724e-02	5.00000e-02	nan	nan
-8.10931e-01	5.00000e-02	1.24327e-01	5.00000e-02	nan	nan
-1.07278e+00	5.00000e-02	1.77192e-01	5.00000e-02	nan	nan
-1.33090e+00	5.00000e-02	3.19807e-01	5.00000e-02	nan	nan
-1.47453e+00	5.00000e-02	3.63365e-01	5.00000e-02	nan	nan
-2.11754e+00	5.00000e-02	3.75891e-01	5.00000e-02	nan	nan
-1.27309e+00	5.00000e-02	2.49003e-01	5.00000e-02	nan	nan
-5.05562e-01	5.00000e-02	-5.21432e-02	5.00000e-02	nan	nan
-5.74848e-01	5.00000e-02	9.51967e-02	5.00000e-02	nan	nan
-1.14930e+00	5.00000e-02	2.38334e-01	5.00000e-02	nan	nan
-1.51255e+00	5.00000e-02	3.24428e-01	5.00000e-02	nan	nan
-1.09307e+00	5.00000e-02	1.70660e-01	5.00000e-02	nan	nan
-2.00873e+00	5.00000e-02	3.37196e-01	5.00000e-02	nan	nan
-1.54925e+00	5.00000e-02	3.49811e-01	5.00000e-02	nan	nan
-1.63676e+00	5.00000e-02	3.24148e-01	5.00000e-02	nan	nan
-1.14831e+00	5.00000e-02	1.70899e-01	5.00000e-02	nan	nan
-8.16593e-01	5.00000e-02	1.27467e-01	5.00000e-02	nan	nan
-1.61293e+00	5.00000e-02	3.38922e-01	5.00000e-02	nan	nan
-2.16138e+00	5.00000e-02	4.18201e-01	5.00000e-02	nan	nan
-1.20925e+00	5.00000e-02	2.61231e-01	5.00000e-02	nan	nan
-1.08054e+00	5.00000e-02	2.29711e-01	5.00000e-02	nan	nan
-5.20280e-01	5.00000e-02	4.95168e-02	5.00000e-02	nan	nan
-9.04647e-01	5.00000e-02	7.08981e-02	5.00000e-02	nan	nan
-6.54460e-01	5.00000e-02	5.21430e-02	5.00000e-02	nan	nan
-1.67185e+00	5.00000e-02	3.81034e-01	5.00000e-02	nan	nan
-1.31294e+00	5.00000e-02	3.17359e-01	5.00000e-02	nan	nan
-7.28850e-01	5.00000e-02	1.38297e-01	5.00000e-02	nan	nan
-5.29359e-01	5.00000e-02	3.15677e-02	5.00000e-02	nan	nan
-1.04217e+00	5.00000e-02	1.32399e-01	5.00000e-02	nan	nan
-1.04957e+00	5.00000e-02	2.26252e-01	5.00000e-02	nan	nan
-6.30598e-01	5.00000e-02	1.59403e-01	5.00000e-02	nan	nan
-5.55750e-01	5.00000e-02	-7.62204e-03	5.00000e-02	nan	nan
-3.49118e-01	5.00000e-02	-1.80157e-01	5.00000e-02	nan	nan
-1.12277e+00	5.00000e-02	2.43070e-01	5.00000e-02	nan	nan
-1.28145e+00	5.00000e-02	2.79609e-01	5.00000e-02	nan	nan
-1.55672e+00	5.00000e-02	2.69640e-01	5.00000e-02	nan	nan
-8.21897e-01	5.00000e-02	1.87879e-01	5.00000e-02	nan	nan
-1.48116e+00	5.00000e-02	3.41096e-01	5.00000e-02	nan	nan
-1.07493e+00	5.00000e-02	2.58391e-01	5.00000e-02	nan	nan
-8.25763e-01	5.00000e-02	8.54312e-02	5.00000e-02	nan	nan
-1.34026e+00	5.00000e-02	2.16055e-01	5.00000e-02	nan	nan
-6.33910e-01	5.00000e-02	1.08897e-01	5.00000e-02	nan	nan
-9.20089e-01	5.00000e-02	1.74460e-01	5.00000e-02	nan	nan
-8.32223e-01	5.00000e-02	1.60138e-01	5.00000e-02	nan	nan
-1.22207e+00	5.00000e-02	3.99947e-01	5.00000e-02	nan	nan
-9.21884e-01	5.00000e-02	1.24015e-01	5.00000e-02	nan	nan
-7.56217e-01	5.00000e-02	1.48139e-01	5.00000e-02	nan	nan
-8.03217e-01	5.00000e-02	2.10126e-01	5.00000e-02	nan	nan
-6.31456e-01	5.00000e-02	1.18400e-01	5.00000e-02	nan	nan
-1.08981e+00	5.00000e-02	2.42956e-01	5.00000e-02	nan	nan
-1.98363e+00	5.00000e-02	3.21230e-01	5.00000e-02	nan	nan
-6.11216e-01	5.00000e-02	1.20304e-01	5.00000e-02	nan	nan
-1.65810e+00	5.00000e-02	3.65271e-01	5.00000e-02	nan	nan
-9.24643e-01	5.00000e-02	1.94980e-01	5.00000e-02	nan	nan
-1.15996e+00	5.00000e-02	2.19081e-01	5.00000e-02	nan	nan
-5.84555e-01	5.00000e-02	1.76596e-02	5.00000e-02	nan	nan
-1.34672e+00	5.00000e-02	2.16109e-01	5.00000e-02	nan	nan
-9.27224e-01	5.00000e-02	1.33969e-01	5.00000e-02	nan	nan
-1.36696e+00	5.00000e-02	3.18039e-01	5.00000e-02	nan	nan
-8.60870e-01	5.00000e-02	8.94530e-02	5.00000e-02	nan	nan
-1.29953e+00	5.00000e-02	2.80245e-01	5.00000e-02	nan	nan
-8.98402e-01	5.00000e-02	2.03507e-01	5.00000e-02	nan	nan
-1.68009e+00	5.00000e-02	3.43810e-01	5.00000e-02	nan	nan
-7.62123e-01	5.00000e-02	1.88300e-01	5.00000e-02	nan	nan
-8.30280e-01	5.00000e-02	1.52998e-01	5.00000e-02	nan	nan
-8.61420e-01	5.00000e-02	1.60281e-01	5.00000e-02	nan	nan
-7.21294e-01	5.00000e-02	8.62885e-02	5.00000e-02	nan	nan
-6.39285e-01	5.00000e-02	3.55827e-02	5.00000e-02	nan	nan
-8.41282e-01	5.00000e-02	1.20720e-01	5.00000e-02	nan	nan
-1.08483e+00	5.00000e-02	1.88609e-01	5.00000e-02	nan	nan
-1.02622e+00	5.00000e-02	2.24924e-01	5.00000e-02	nan	nan
-1.23003e+00	5.00000e-02	2.71067e-01	5.00000e-02	nan	nan
-1.34149e+00	5.00000e-02	2.96936e-01	5.00000e-02	nan	nan
-9.71335e-01	5.00000e-02	2.31038e-01	5.00000e-02	nan	nan
-1.16306e+00	5.00000e-02	2.60385e-01	5.00000e-02	nan	nan
-1.14684e+00	5.00000e-02	2.04718e-01	5.00000e-02	nan	nan
-6.01078e-01	5.00000e-02	1.46608e-03	5.00000e-02	nan	nan
-1.09632e+00	5.00000e-02	2.18802e-01	5.00000e-02	nan	nan
-1.42749e+00	5.00000e-02	3.25557e-01	5.00000e-02	nan	nan
-9.24883e-01	5.00000e-02	2.42076e-01	5.00000e-02	nan	nan
-1.13314e+00	5.00000e-02	1.87154e-01	5.00000e-02	nan	nan
-3.50926e-01	5.00000e-02	-1.05574e-01	5.00000e-02	nan	nan
-1.05292e+00	5.00000e-02	1.99926e-01	5.00000e-02	nan	nan
-1.28165e+00	5.00000e-02	2.04860e-01	5.00000e-02	nan	nan
-1.05701e+00	5.00000e-02	1.76552e-01	5.00000e-02	nan	nan
-1.48772e+00	5.00000e-02	2.83435e-01	5.00000e-02	nan	nan
-6.86074e-01	5.00000e-02	9.06583e-02	5.00000e-02	nan	nan
-5.96797e-01	5.00000e-02	1.39619e-01	5.00000e-02	nan	nan
-1.47474e+00	5.00000e-02	3.11781e-01	5.00000e-02	nan	nan
-2.28983e+00	5.00000e-02	4.68536e-01	5.00000e-02	nan	nan
-5.04539e-01	5.00000e-02	1.20989e-01	5.00000e-02	nan	nan
-3.56245e-01	5.00000e-02	-7.99168e-02	5.00000e-02	nan	nan
-9.24281e-01	5.00000e-02	1.40348e-01	5.00000e-02	nan	nan
-8.36716e-01	5.00000e-02	1.30098e-01	5.00000e-02	nan	nan
-6.48042e-01	5.00000e-02	1.07760e-01	5.00000e-02	nan	nan
-4.37255e-01	5.00000e-02	5.48752e-02	5.00000e-02	nan	nan
-1.75772e+00	5.00000e-02	4.17356e-01	5.00000e-02	nan	nan
-5.28488e-01	5.00000e-02	3.30867e-02	5.00000e-02	nan	nan
-1.23662e+00	5.00000e-02	2.91191e-01	5.00000e-02	nan	nan
-1.85605e+00	5.00000e-02	3.57815e-01	5.00000e-02	nan	nan
-1.20494e+00	5.00000e-02	3.29434e-01	5.00000e-02	nan	nan
-8.16802e-01	5.00000e-02	1.16913e-01	5.00000e-02	nan	nan
-4.09055e-01	5.00000e-02	-1.08793e-01	5.00000e-02	nan	nan
-8.22901e-01	5.00000e-02	1.73380e-01	5.00000e-02	nan	nan
-1.09987e+00	5.00000e-02	2.20391e-01	5.00000e-02	nan	nan
-1.35527e+00	5.00000e-02	3.00847e-01	5.00000e-02	nan	nan
-8.61064e-01	5.00000e-02	5.11670e-02	5.00000e-02	nan	nan
-1.64693e+00	5.00000e-02	3.32437e-01	5.00000e-02	nan	nan
-2.31830e+00	5.00000e-02	4.85481e-01	5.00000e-02	nan	nan
-9.57269e-01	5.00000e-02	2.77384e-01	5.00000e-02	nan	nan
-4.65574e-01	5.00000e-02	1.55921e-02	5.00000e-02	nan	nan
-1.00559e+00	5.00000e-02	1.74535e-01	5.00000e-02	nan	nan
-9.47830e-01	5.00000e-02	1.40861e-01	5.00000e-02	nan	nan
-1.47343e+00	5.00000e-02	2.91649e-01	5.00000e-02	nan	nan
-9.54023e-01	5.00000e-02	1.36209e-01	5.00000e-02	nan	nan
-1.22112e+00	5.00000e-02	4.10625e-01	5.00000e-02	nan	nan
-3.01365e-01	5.00000e-02	-5.21442e-02	5.00000e-02	nan	nan
-7.18422e-01	5.00000e-02	1.31266e-02	5.00000e-02	nan	nan
-6.39666e-01	5.00000e-02	1.10348e-01	5.00000e-02	nan	nan
-1.21433e+00	5.00000e-02	2.43764e-01	5.00000e-02	nan	nan
-1.47352e+00	5.00000e-02	2.54894e-01	5.00000e-02	nan	nan
-1.04920e+00	5.00000e-02	2.43732e-01	5.00000e-02	nan	nan
-5.76394e-01	5.00000e-02	2.65989e-02	5.00000e-02	nan	nan
-2.05086e+00	5.00000e-02	4.59100e-01	5.00000e-02	nan	nan
-5.08728e-01	5.00000e-02	-9.60319e-02	5.00000e-02	nan	nan
-1.55917e+00	5.00000e-02	3.57374e-01	5.00000e-02	nan	nan
-8.39044e-01	5.00000e-02	1.74572e-01	5.00000e-02	nan	nan
-7.99650e-01	5.00000e-02	9.70676e-02	5.00000e-02	nan	nan
-1.13879e+00	5.00000e-02	2.73758e-01	5.00000e-02	nan	nan
-1.08339e+00	5.00000e-02	1.92238e-01	5.00000e-02	nan	nan
-1.61320e+00	5.00000e-02	3.12195e-01	5.00000e-02	nan	nan
-7.22105e-01	5.00000e-02	1.22537e-01	5.00000e-02	nan	nan
-5.76526e-01	5.00000e-02	-2.38222e-02	5.00000e-02	nan	nan
-1.05443e+00	5.00000e-02	1.48779e-01	5.00000e-02	nan	nan
-1.06414e+00	5.00000e-02	2.33732e-01	5.00000e-02	nan	nan
-2.24020e+00	5.00000e-02	4.61476e-01	5.00000e-02	nan	nan
-5.18286e-01	5.00000e-02	7.87243e-02	5.00000e-02	nan	nan
-1.22913e+00	5.00000e-02	2.90965e-01	5.00000e-02	nan	nan
-4.93819e-01	5.00000e-02	-3.84129e-02	5.00000e-02	nan	nan
-8.93920e-01	5.00000e-02	1.26473e-01	5.00000e-02	nan	nan
-1.24974e+00	5.00000e-02	2.49848e-01	5.00000e-02	nan	nan
-2.27048e+00	5.00000e-02	3.64444e-01	5.00000e-02	nan	nan
-7.71150e-01	5.00000e-02	1.91668e-01	5.00000e-02	nan	nan
-7.21539e-01	5.00000e-02	1.12453e-01	5.00000e-02	nan	nan
-1.04113e+00	5.00000e-02	1.94170e-01	5.00000e-02	nan	nan
-9.28112e-01	5.00000e-02	2.02622e-01	5.00000e-02	nan	nan
-1.24083e+00	5.00000e-02	3.06077e-01	5.00000e-02	nan	nan
-9.89526e-01	5.00000e-02	2.24469e-01	5.00000e-02	nan	nan
-1.68274e+00	5.00000e-02	3.84400e-01	5.00000e-02	nan	nan
-7.38008e-01	5.00000e-02	9.12309e-02	5.00000e-02	nan	nan
-6.07121e-01	5.00000e-02	7.50546e-02	5.00000e-02	nan	nan
-6.54974e-01	5.00000e-02	5.26754e-02	5.00000e-02	nan	nan
-1.33506e+00	5.00000e-02	3.62011e-01	5.00000e-02	nan	nan
-4.19011e-01	5.00000e-02	-5.37672e-02	5.00000e-02	nan	nan
-2.42691e+00	5.00000e-02	5.34006e-01	5.00000e-02	nan	nan
-4.00970e-01	5.00000e-02	-8.00996e-02	5.00000e-02	nan	nan
-9.70865e-01	5.00000e-02	2.23310e-01	5.00000e-02	nan	nan
-1.22868e+00	5.00000e-02	2.38617e-01	5.00000e-02	nan	nan
-4.01032e-01	5.00000e-02	-1.80295e-02	5.00000e-02	nan	nan
-1.44047e+00	5.00000e-02	3.23327e-01	5.00000e-02	nan	nan
-9.33740e-01	5.00000e-02	6.39263e-02	5.00000e-02	nan	nan
-1.06305e+00	5.00000e-02	2.33799e-01	5.00000e-02	nan	nan
-1.15679e+00	5.00000e-02	2.14625e-01	5.00000e-02	nan	nan
-8.17425e-01	5.00000e-02	9.65170e-02	5.00000e-02	nan	nan
-8.16197e-01	5.00000e-02	1.18767e-01	5.00000e-02	nan	nan
-6.88033e-01	5.00000e-02	8.67014e-02	5.00000e-02	nan	nan
