# [Fe/H]	[Fe/H]_err	[O/Fe]	[O/Fe]_err	Log(age/Gyr)	Log(age/Gyr)_err
-4.55018e-01	5.00000e-02	1.22521e-01	5.00000e-02	9.64995e-01	1.00000e-01
-1.29921e+00	5.00000e-02	3.38126e-01	5.00000e-02	1.10986e+00	1.00000e-01
-1.25347e+00	5.00000e-02	2.79806e-01	5.00000e-02	1.14641e+00	1.00000e-01
-4.24274e-01	5.00000e-02	-8.61690e-02	5.00000e-02	7.12747e-01	1.00000e-01
-1.04468e+00	5.00000e-02	1.58921e-01	5.00000e-02	1.02742e+00	1.00000e-01
-8.20866e-01	5.00000e-02	1.86371e-01	5.00000e-02	1.00633e+00	1.00000e-01
-1.94763e+00	5.00000e-02	4.57508e-01	5.00000e-02	1.21929e+00	1.00000e-01
-1.52958e+00	5.00000e-02	3.68332e-01	5.00000e-02	7.90103e-01	1.00000e-01
-1.03426e+00	5.00000e-02	2.26155e-01	5.00000e-02	1.10424e+00	1.00000e-01
-1.08065e+00	5.00000e-02	1.77636e-01	5.00000e-02	9.47149e-01	1.00000e-01
-7.80999e-01	5.00000e-02	1.81122e-01	5.00000e-02	8.10755e-01	1.00000e-01
-1.21834e+00	5.00000e-02	2.63636e-01	5.00000e-02	9.65681e-01	1.00000e-01
-1.26104e+00	5.00000e-02	1.80125e-01	5.00000e-02	1.28654e+00	1.00000e-01
-1.18606e+00	5.00000e-02	2.95676e-01	5.00000e-02	1.08412e+00	1.00000e-01
-9.84305e-01	5.00000e-02	2.19970e-01	5.00000e-02	9.88184e-01	1.00000e-01
-1.30562e+00	5.00000e-02	2.13339e-01	5.00000e-02	1.08041e+00	1.00000e-01
-8.97065e-01	5.00000e-02	1.85742e-01	5.00000e-02	9.57751e-01	1.00000e-01
-1.26463e+00	5.00000e-02	3.39461e-01	5.00000e-02	1.15612e+00	1.00000e-01
-1.03563e+00	5.00000e-02	2.17748e-01	5.00000e-02	1.09819e+00	1.00000e-01
-8.04591e-01	5.00000e-02	2.00188e-01	5.00000e-02	9.85288e-01	1.00000e-01
-1.21527e+00	5.00000e-02	2.78200e-01	5.00000e-02	1.16931e+00	1.00000e-01
-9.31295e-01	5.00000e-02	4.69440e-02	5.00000e-02	1.00727e+00	1.00000e-01
-1.11680e+00	5.00000e-02	1.50210e-01	5.00000e-02	1.04115e+00	1.00000e-01
-1.06278e+00	5.00000e-02	1.92897e-01	5.00000e-02	1.17003e+00	1.00000e-01
-7.18017e-01	5.00000e-02	1.40728e-01	5.00000e-02	9.23166e-01	1.00000e-01
-1.48022e+00	5.00000e-02	3.27624e-01	5.00000e-02	1.00441e+00	1.00000e-01
-1.07056e+00	5.00000e-02	1.02522e-01	5.00000e-02	1.16355e+00	1.00000e-01
-1.20462e+00	5.00000e-02	1.73739e-01	5.00000e-02	9.42697e-01	1.00000e-01
-1.13745e+00	5.00000e-02	2.36952e-01	5.00000e-02	1.16702e+00	1.00000e-01
-1.60530e+00	5.00000e-02	3.21867e-01	5.00000e-02	1.15963e+00	1.00000e-01
-1.11645e+00	5.00000e-02	2.94139e-01	5.00000e-02	1.03887e+00	1.00000e-01
-1.38559e+00	5.00000e-02	3.50049e-01	5.00000e-02	1.03930e+00	1.00000e-01
-7.23554e-01	5.00000e-02	9.42253e-02	5.00000e-02	1.06299e+00	1.00000e-01
-8.09623e-01	5.00000e-02	9.98748e-02	5.00000e-02	1.05483e+00	1.00000e-01
-6.58568e-01	5.00000e-02	1.14048e-01	5.00000e-02	8.18755e-01	1.00000e-01
-8.37590e-01	5.00000e-02	1.50346e-01	5.00000e-02	8.53322e-01	1.00000e-01
-1.04384e+00	5.00000e-02	2.64838e-01	5.00000e-02	8.52224e-01	1.00000e-01
-8.44747e-01	5.00000e-02	1.33192e-01	5.00000e-02	9.52543e-01	1.00000e-01
-1.07095e+00	5.00000e-02	2.45665e-01	5.00000e-02	9.10961e-01	1.00000e-01
-1.22970e+00	5.00000e-02	2.94731e-01	5.00000e-02	1.08365e+00	1.00000e-01
-7.34737e-01	5.00000e-02	1.35191e-01	5.00000e-02	9.33252e-01	1.00000e-01
-1.24871e+00	5.00000e-02	2.57566e-01	5.00000e-02	9.01890e-01	1.00000e-01
-1.07507e+00	5.00000e-02	2.79721e-01	5.00000e-02	1.02141e+00	1.00000e-01
-9.88593e-01	5.00000e-02	1.77977e-01	5.00000e-02	9.93391e-01	1.00000e-01
-1.26078e+00	5.00000e-02	2.76626e-01	5.00000e-02	1.05020e+00	1.00000e-01
-1.31851e+00	5.00000e-02	2.52096e-01	5.00000e-02	9.66368e-01	1.00000e-01
-6.22237e-01	5.00000e-02	1.34694e-01	5.00000e-02	1.01293e+00	1.00000e-01
-2.49068e+00	5.00000e-02	4.12624e-01	5.00000e-02	1.18777e+00	1.00000e-01
-1.31930e+00	5.00000e-02	2.93738e-01	5.00000e-02	9.14034e-01	1.00000e-01
-1.64669e+00	5.00000e-02	3.48251e-01	5.00000e-02	1.00550e+00	1.00000e-01
-7.33137e-01	5.00000e-02	1.48988e-01	5.00000e-02	nan	nan
-1.34581e+00	5.00000e-02	3.20193e-01	5.00000e-02	nan	nan
-2.09009e+00	5.00000e-02	4.17153e-01	5.00000e-02	nan	nan
-1.35965e+00	5.00000e-02	2.85456e-01	5.00000e-02	nan	nan
-1.54032e+00	5.00000e-02	3.23977e-01	5.00000e-02	nan	nan
-8.58480e-01	5.00000e-02	2.08171e-01	5.00000e-02	nan	nan
-8.86468e-01	5.00000e-02	2.15249e-01	5.00000e-02	nan	nan
-7.46812e-01	5.00000e-02	1.21833e-01	5.00000e-02	nan	nan
-8.15207e-01	5.00000e-02	1.25108e-01	5.00000e-02	nan	nan
-3.42919e-01	5.00000e-02	-3.47468e-02	5.00000e-02	nan	nan
-1.08882e+00	5.00000e-02	2.78117e-01	5.00000e-02	nan	nan
-7.50034e-01	5.00000e-02	1.25325e-01	5.00000e-02	nan	nan
-1.02359e+00	5.00000e-02	1.99072e-01	5.00000e-02	nan	nan
-1.10005e+00	5.00000e-02	1.18510e-01	5.00000e-02	nan	nan
-8.74132e-01	5.00000e-02	1.64886e-01	5.00000e-02	nan	nan
-1.07412e+00	5.00000e-02	2.53383e-01	5.00000e-02	nan	nan
-4.86494e-01	5.00000e-02	-4.54697e-02	5.00000e-02	nan	nan
-1.50295e+00	5.00000e-02	3.34335e-01	5.00000e-02	nan	nan
-1.23629e+00	5.00000e-02	2.93709e-01	5.00000e-02	nan	nan
-6.45569e-01	5.00000e-02	1.79716e-01	5.00000e-02	nan	nan
-1.01218e+00	5.00000e-02	2.40594e-01	5.00000e-02	nan	nan
-2.25005e+00	5.00000e-02	4.09095e-01	5.00000e-02	nan	nan
-7.26346e-01	5.00000e-02	1.09445e-01	5.00000e-02	nan	nan
-1.28538e+00	5.00000e-02	2.77136e-01	5.00000e-02	nan	nan
-1.61396e+00	5.00000e-02	2.86114e-01	5.00000e-02	nan	nan
-6.84563e-01	5.00000e-02	8.33965e-02	5.00000e-02	nan	nan
-6.86561e-01	5.00000e-02	3.62088e-02	5.00000e-02	nan	nan
-3.66361e-01	5.00000e-02	-5.31361e-02	5.00000e-02	nan	nan
-9.13007e-01	5.00000e-02	1.50924e-01	5.00000e-02	nan	nan
-1.43002e+00	5.00000e-02	3.58837e-01	5.00000e-02	nan	nan
-6.73024e-01	5.00000e-02	8.62086e-02	5.00000e-02	nan	nan
-9.07146e-01	5.00000e-02	2.16752e-01	5.00000e-02	nan	nan
-1.28378e+00	5.00000e-02	2.76301e-01	5.00000e-02	nan	nan
-1.39599e+00	5.00000e-02	3.34676e-01	5.00000e-02	nan	nan
-1.27802e+00	5.00000e-02	3.05639e-01	5.00000e-02	nan	nan
-1.45443e+00	5.00000e-02	3.07968e-01	5.00000e-02	nan	nan
-8.26717e-01	5.00000e-02	1.58522e-01	5.00000e-02	nan	nan
-7.05169e-01	5.00000e-02	1.93930e-01	5.00000e-02	nan	nan
-1.26027e+00	5.00000e-02	2.31249e-01	5.00000e-02	nan	nan
-6.86355e-01	5.00000e-02	1.27724e-01	5.00000e-02	nan	nan
-1.19989e+00	5.00000e-02	2.62803e-01	5.00000e-02	nan	nan
-1.66432e+00	5.00000e-02	3.68322e-01	5.00000e-02	nan	nan
-7.09948e-01	5.00000e-02	7.94773e-02	5.00000e-02	nan	nan
-1.06194e+00	5.00000e-02	1.42505e-01	5.00000e-02	nan	nan
-6.94032e-01	5.00000e-02	1.00924e-01	5.00000e-02	nan	nan
-8.98897e-01	5.00000e-02	1.87693e-01	5.00000e-02	nan	nan
-9.92554e-01	5.00000e-02	2.63646e-01	5.00000e-02	nan	nan
-7.75025e-01	5.00000e-02	8.34260e-02	5.00000e-02	nan	nan
-6.86961e-01	5.00000e-02	9.35605e-02	5.00000e-02	nan	nan
-1.29447e+00	5.00000e-02	3.28954e-01	5.00000e-02	nan	nan
-7.83254e-01	5.00000e-02	1.62501e-01	5.00000e-02	nan	nan
-1.34211e+00	5.00000e-02	1.99329e-01	5.00000e-02	nan	nan
-2.16936e+00	5.00000e-02	3.91806e-01	5.00000e-02	nan	nan
-1.45256e+00	5.00000e-02	4.22412e-01	5.00000e-02	nan	nan
-1.28539e+00	5.00000e-02	2.87900e-01	5.00000e-02	nan	nan
-1.13427e+00	5.00000e-02	2.39137e-01	5.00000e-02	nan	nan
-8.51061e-01	5.00000e-02	1.65194e-01	5.00000e-02	nan	nan
-9.86611e-01	5.00000e-02	1.92155e-01	5.00000e-02	nan	nan
-1.86207e+00	5.00000e-02	4.20117e-01	5.00000e-02	nan	nan
-1.69452e+00	5.00000e-02	3.66490e-01	5.00000e-02	nan	nan
-1.92390e+00	5.00000e-02	4.29147e-01	5.00000e-02	nan	nan
-1.25334e+00	5.00000e-02	2.31954e-01	5.00000e-02	nan	nan
-1.03178e+00	5.00000e-02	1.84866e-01	5.00000e-02	nan	nan
-1.21954e+00	5.00000e-02	2.13634e-01	5.00000e-02	nan	nan
-8.36568e-01	5.00000e-02	1.66796e-01	5.00000e-02	nan	nan
-9.57871e-01	5.00000e-02	1.50525e-01	5.00000e-02	nan	nan
-6.93713e-01	5.00000e-02	9.81306e-02	5.00000e-02	nan	nan
-8.21531e-01	5.00000e-02	1.52889e-01	5.00000e-02	nan	nan
-8.70554e-01	5.00000e-02	1.65243e-01	5.00000e-02	nan	nan
-1.28908e+00	5.00000e-02	3.38428e-01	5.00000e-02	nan	nan
-1.45191e+00	5.00000e-02	3.06113e-01	5.00000e-02	nan	nan
-8.72120e-01	5.00000e-02	1.27275e-01	5.00000e-02	nan	nan
-4.34540e-01	5.00000e-02	-6.17527e-02	5.00000e-02	nan	nan
-1.24392e+00	5.00000e-02	2.65655e-01	5.00000e-02	nan	nan
-7.91676e-01	5.00000e-02	1.75911e-01	5.00000e-02	nan	nan
-1.24883e+00	5.00000e-02	3.03408e-01	5.00000e-02	nan	nan
-9.40509e-01	5.00000e-02	1.96978e-01	5.00000e-02	nan	nan
-7.58937e-01	5.00000e-02	1.16084e-01	5.00000e-02	nan	nan
-1.44383e+00	5.00000e-02	3.73251e-01	5.00000e-02	nan	nan
-8.57265e-01	5.00000e-02	5.32316e-02	5.00000e-02	nan	nan
-1.10363e+00	5.00000e-02	2.82841e-01	5.00000e-02	nan	nan
-1.23264e+00	5.00000e-02	2.96957e-01	5.00000e-02	nan	nan
-4.24416e-01	5.00000e-02	-5.55920e-02	5.00000e-02	nan	nan
-6.06611e-01	5.00000e-02	1.15162e-01	5.00000e-02	nan	nan
-9.66204e-01	5.00000e-02	1.84233e-01	5.00000e-02	nan	nan
-8.73596e-01	5.00000e-02	1.41959e-01	5.00000e-02	nan	nan
-7.30721e-01	5.00000e-02	1.42418e-01	5.00000e-02	nan	nan
-7.60129e-01	5.00000e-02	1.62676e-01	5.00000e-02	nan	nan
-9.55343e-01	5.00000e-02	3.09423e-01	5.00000e-02	nan	nan
-1.43827e+00	5.00000e-02	3.28866e-01	5.00000e-02	nan	nan
-1.25962e+00	5.00000e-02	3.22939e-01	5.00000e-02	nan	nan
-8.84704e-01	5.00000e-02	1.56631e-01	5.00000e-02	nan	nan
-1.07012e+00	5.00000e-02	1.92503e-01	5.00000e-02	nan	nan
-1.29229e+00	5.00000e-02	2.15104e-01	5.00000e-02	nan	nan
-1.24298e+00	5.00000e-02	2.37847e-01	5.00000e-02	nan	nan
-9.59628e-01	5.00000e-02	1.69260e-01	5.00000e-02	nan	nan
-4.07307e-01	5.00000e-02	-2.82235e-02	5.00000e-02	nan	nan
-1.64236e+00	5.00000e-02	3.15860e-01	5.00000e-02	nan	nan
-1.13250e+00	5.00000e-02	2.52437e-01	5.00000e-02	nan	nan
-7.69846e-01	5.00000e-02	7.13574e-02	5.00000e-02	nan	nan
-5.39257e-01	5.00000e-02	5.87564e-03	5.00000e-02	nan	nan
-1.34403e+00	5.00000e-02	2.49076e-01	5.00000e-02	nan	nan
-1.31273e+00	5.00000e-02	2.69395e-01	5.00000e-02	nan	nan
-1.87197e+00	5.00000e-02	3.80736e-01	5.00000e-02	nan	nan
-5.94866e-01	5.00000e-02	5.91873e-02	5.00000e-02	nan	nan
-5.54635e-01	5.00000e-02	4.88342e-02	5.00000e-02	nan	nan
-8.14374e-01	5.00000e-02	7.07395e-02	5.00000e-02	nan	nan
-9.86415e-01	5.00000e-02	1.66534e-01	5.00000e-02	nan	nan
-1.83767e+00	5.00000e-02	2.92744e-01	5.00000e-02	nan	nan
-1.64386e+00	5.00000e-02	2.51928e-01	5.00000e-02	nan	nan
-1.18532e+00	5.00000e-02	1.92926e-01	5.00000e-02	nan	nan
-7.45977e-01	5.00000e-02	7.07241e-02	5.00000e-02	nan	nan
-4.89133e-01	5.00000e-02	-1.01859e-02	5.00000e-02	nan	nan
-7.84546e-01	5.00000e-02	5.69446e-02	5.00000e-02	nan	nan
-1.19727e+00	5.00000e-02	2.22241e-01	5.00000e-02	nan	nan
-2.19121e+00	5.00000e-02	3.96145e-01	5.00000e-02	nan	nan
-5.35500e-01	5.00000e-02	1.85570e-02	5.00000e-02	nan	nan
-1.80674e+00	5.00000e-02	3.61772e-01	5.00000e-02	nan	nan
-7.96840e-01	5.00000e-02	1.32518e-01	5.00000e-02	nan	nan
-5.84595e-01	5.00000e-02	4.70848e-02	5.00000e-02	nan	nan
-8.61980e-01	5.00000e-02	1.30634e-01	5.00000e-02	nan	nan
-1.04587e+00	5.00000e-02	2.04927e-01	5.00000e-02	nan	nan
-1.48476e+00	5.00000e-02	2.34219e-01	5.00000e-02	nan	nan
-1.23359e+00	5.00000e-02	3.23564e-01	5.00000e-02	nan	nan
-1.20975e+00	5.00000e-02	3.42748e-01	5.00000e-02	nan	nan
-4.85004e-01	5.00000e-02	5.34385e-02	5.00000e-02	nan	nan
-1.31092e+00	5.00000e-02	1.70582e-01	5.00000e-02	nan	nan
-1.08738e+00	5.00000e-02	1.16476e-01	5.00000e-02	nan	nan
-2.11264e+00	5.00000e-02	3.76030e-01	5.00000e-02	nan	nan
-8.05637e-01	5.00000e-02	9.96177e-02	5.00000e-02	nan	nan
-8.04717e-01	5.00000e-02	1.79314e-01	5.00000e-02	nan	nan
-1.43388e+00	5.00000e-02	2.96229e-01	5.00000e-02	nan	nan
-6.55674e-01	5.00000e-02	7.86090e-02	5.00000e-02	nan	nan
-7.84487e-01	5.00000e-02	4.84934e-02	5.00000e-02	nan	nan
-5.78946e-01	5.00000e-02	1.00043e-01	5.00000e-02	nan	nan
-7.33454e-01	5.00000e-02	1.03261e-01	5.00000e-02	nan	nan
-1.75544e+00	5.00000e-02	4.40331e-01	5.00000e-02	nan	nan
-1.23054e+00	5.00000e-02	1.61942e-01	5.00000e-02	nan	nan
-5.98852e-01	5.00000e-02	9.14770e-02	5.00000e-02	nan	nan
-3.25202e-01	5.00000e-02	-1.48443e-01	5.00000e-02	nan	nan
-1.40887e+00	5.00000e-02	3.44667e-01	5.00000e-02	nan	nan
-9.55392e-01	5.00000e-02	1.83831e-01	5.00000e-02	nan	nan
-7.49263e-01	5.00000e-02	1.21384e-01	5.00000e-02	nan	nan
-9.52393e-01	5.00000e-02	1.84280e-01	5.00000e-02	nan	nan
-7.16855e-01	5.00000e-02	1.22740e-01	5.00000e-02	nan	nan
-9.80723e-01	5.00000e-02	2.19265e-01	5.00000e-02	nan	nan
-1.93620e+00	5.00000e-02	4.47166e-01	5.00000e-02	nan	nan
-8.70979e-01	5.00000e-02	1.64187e-01	5.00000e-02	nan	nan
-1.27198e+00	5.00000e-02	2.10993e-01	5.00000e-02	nan	nan
-1.00900e+00	5.00000e-02	1.76744e-01	5.00000e-02	nan	nan
-1.46751e+00	5.00000e-02	3.54582e-01	5.00000e-02	nan	nan
-3.73730e-01	5.00000e-02	-1.44178e-01	5.00000e-02	nan	nan
-1.03307e+00	5.00000e-02	2.11212e-01	5.00000e-02	nan	nan
-7.59126e-01	5.00000e-02	1.13346e-01	5.00000e-02	nan	nan
-1.24947e+00	5.00000e-02	2.38269e-01	5.00000e-02	nan	nan
-1.76614e+00	5.00000e-02	4.10565e-01	5.00000e-02	nan	nan
-1.53536e+00	5.00000e-02	2.08112e-01	5.00000e-02	nan	nan
-1.20048e+00	5.00000e-02	2.61803e-01	5.00000e-02	nan	nan
-1.49479e+00	5.00000e-02	3.45703e-01	5.00000e-02	nan	nan
-9.27942e-01	5.00000e-02	1.98217e-01	5.00000e-02	nan	nan
-1.25314e+00	5.00000e-02	2.58711e-01	5.00000e-02	nan	nan
-1.33245e+00	5.00000e-02	3.12396e-01	5.00000e-02	nan	nan
-7.11450e-01	5.00000e-02	4.79906e-03	5.00000e-02	nan	nan
-1.61680e+00	5.00000e-02	2.35328e-01	5.00000e-02	nan	nan
-9.61600e-01	5.00000e-02	2.06292e-01	5.00000e-02	nan	nan
-1.21461e+00	5.00000e-02	1.98099e-01	5.00000e-02	nan	nan
-9.37282e-01	5.00000e-02	1.59188e-01	5.00000e-02	nan	nan
-9.08515e-01	5.00000e-02	1.62913e-01	5.00000e-02	nan	nan
-1.03586e+00	5.00000e-02	1.68110e-01	5.00000e-02	nan	nan
-1.75074e+00	5.00000e-02	4.67198e-01	5.00000e-02	nan	nan
-2.56018e+00	5.00000e-02	4.45007e-01	5.00000e-02	nan	nan
-8.81288e-01	5.00000e-02	1.18297e-01	5.00000e-02	nan	nan
-1.09136e+00	5.00000e-02	2.50766e-01	5.00000e-02	nan	nan
-7.81786e-01	5.00000e-02	1.10362e-01	5.00000e-02	nan	nan
-9.16878e-01	5.00000e-02	1.58097e-01	5.00000e-02	nan	nan
-8.13116e-01	5.00000e-02	1.39690e-01	5.00000e-02	nan	nan
-1.18201e+00	5.00000e-02	2.68498e-01	5.00000e-02	nan	nan
-9.07126e-01	5.00000e-02	7.83589e-02	5.00000e-02	nan	nan
-1.34655e+00	5.00000e-02	2.87138e-01	5.00000e-02	nan	nan
-1.21449e+00	5.00000e-02	2.05419e-01	5.00000e-02	nan	nan
-8.25762e-01	5.00000e-02	7.06901e-02	5.00000e-02	nan	nan
-9.10385e-01	5.00000e-02	8.95747e-02	5.00000e-02	nan	nan
-1.02119e+00	5.00000e-02	1.60708e-01	5.00000e-02	nan	nan
-1.42363e+00	5.00000e-02	2.69613e-01	5.00000e-02	nan	nan
-1.01548e+00	5.00000e-02	2.48835e-01	5.00000e-02	nan	nan
-7.79192e-01	5.00000e-02	1.06343e-01	5.00000e-02	nan	nan
-8.80312e-01	5.00000e-02	1.55259e-01	5.00000e-02	nan	nan
-1.01291e+00	5.00000e-02	2.34583e-01	5.00000e-02	nan	nan
-8.57478e-01	5.00000e-02	1.20879e-01	5.00000e-02	nan	nan
-8.70215e-01	5.00000e-02	1.92329e-01	5.00000e-02	nan	nan
-6.87589e-01	5.00000e-02	2.56266e-01	5.00000e-02	nan	nan
-7.23036e-01	5.00000e-02	9.95381e-02	5.00000e-02	nan	nan
-1.50913e+00	5.00000e-02	4.58735e-01	5.00000e-02	nan	nan
-1.32676e+00	5.00000e-02	2.45264e-01	5.00000e-02	nan	nan
-2.68815e-01	5.00000e-02	-1.07102e-02	5.00000e-02	nan	nan
-2.14266e+00	5.00000e-02	4.18334e-01	5.00000e-02	nan	nan
-1.48214e+00	5.00000e-02	2.95618e-01	5.00000e-02	nan	nan
-1.33345e+00	5.00000e-02	3.40380e-01	5.00000e-02	nan	nan
-1.01611e+00	5.00000e-02	2.66460e-01	5.00000e-02	nan	nan
-9.34883e-01	5.00000e-02	2.04761e-01	5.00000e-02	nan	nan
-1.62050e+00	5.00000e-02	3.90497e-01	5.00000e-02	nan	nan
-7.41469e-01	5.00000e-02	1.75183e-01	5.00000e-02	nan	nan
-1.21542e+00	5.00000e-02	2.25040e-01	5.00000e-02	nan	nan
-1.07565e+00	5.00000e-02	1.74552e-01	5.00000e-02	nan	nan
-9.54026e-01	5.00000e-02	3.25737e-01	5.00000e-02	nan	nan
-1.63851e+00	5.00000e-02	2.88294e-01	5.00000e-02	nan	nan
-8.76661e-01	5.00000e-02	2.27493e-01	5.00000e-02	nan	nan
-1.12087e+00	5.00000e-02	2.45218e-01	5.00000e-02	nan	nan
-1.65041e+00	5.00000e-02	3.94484e-01	5.00000e-02	nan	nan
-7.40353e-01	5.00000e-02	1.75212e-01	5.00000e-02	nan	nan
-1.57953e+00	5.00000e-02	3.22940e-01	5.00000e-02	nan	nan
-1.65128e+00	5.00000e-02	2.47264e-01	5.00000e-02	nan	nan
-1.22399e+00	5.00000e-02	2.36813e-01	5.00000e-02	nan	nan
-1.24594e+00	5.00000e-02	3.93889e-01	5.00000e-02	nan	nan
-3.94162e-01	5.00000e-02	-5.61483e-02	5.00000e-02	nan	nan
-7.76418e-01	5.00000e-02	7.18402e-02	5.00000e-02	nan	nan
-1.46351e+00	5.00000e-02	2.83452e-01	5.00000e-02	nan	nan
-1.82695e+00	5.00000e-02	3.97251e-01	5.00000e-02	nan	nan
-8.18003e-01	5.00000e-02	3.00930e-01	5.00000e-02	nan	nan
-9.61619e-01	5.00000e-02	1.45656e-01	5.00000e-02	nan	nan
-8.74663e-01	5.00000e-02	1.60822e-01	5.00000e-02	nan	nan
-1.87662e+00	5.00000e-02	4.06077e-01	5.00000e-02	nan	nan
-9.05306e-01	5.00000e-02	9.46805e-02	5.00000e-02	nan	nan
-1.83355e+00	5.00000e-02	3.77582e-01	5.00000e-02	nan	nan
-1.09521e+00	5.00000e-02	2.62566e-01	5.00000e-02	nan	nan
-1.70949e+00	5.00000e-02	3.08105e-01	5.00000e-02	nan	nan
-8.47849e-01	5.00000e-02	1.73480e-01	5.00000e-02	nan	nan
-5.12675e-01	5.00000e-02	4.01953e-02	5.00000e-02	nan	nan
-1.22256e+00	5.00000e-02	2.72741e-01	5.00000e-02	nan	nan
-1.41982e+00	5.00000e-02	2.74545e-01	5.00000e-02	nan	nan
-7.08736e-01	5.00000e-02	6.03523e-02	5.00000e-02	nan	nan
-1.83733e+00	5.00000e-02	3.75939e-01	5.00000e-02	nan	nan
-1.04390e+00	5.00000e-02	1.90016e-01	5.00000e-02	nan	nan
-1.87611e+00	5.00000e-02	3.91613e-01	5.00000e-02	nan	nan
-1.12826e+00	5.00000e-02	2.97964e-01	5.00000e-02	nan	nan
-8.60960e-01	5.00000e-02	1.93908e-01	5.00000e-02	nan	nan
-1.48741e+00	5.00000e-02	3.41274e-01	5.00000e-02	nan	nan
-6.57249e-01	5.00000e-02	1.05712e-01	5.00000e-02	nan	nan
-1.64824e+00	5.00000e-02	3.73051e-01	5.00000e-02	nan	nan
-8.80439e-01	5.00000e-02	9.45208e-02	5.00000e-02	nan	nan
-1.43925e+00	5.00000e-02	3.45415e-01	5.00000e-02	nan	nan
-4.38707e-01	5.00000e-02	5.23061e-02	5.00000e-02	nan	nan
-1.12024e+00	5.00000e-02	2.73025e-01	5.00000e-02	nan	nan
-1.29383e+00	5.00000e-02	2.87962e-01	5.00000e-02	nan	nan
-1.05752e+00	5.00000e-02	2.10241e-01	5.00000e-02	nan	nan
-5.86652e-01	5.00000e-02	3.97242e-02	5.00000e-02	nan	nan
-1.62672e+00	5.00000e-02	3.29479e-01	5.00000e-02	nan	nan
-6.82236e-01	5.00000e-02	1.21122e-01	5.00000e-02	nan	nan
-6.24137e-01	5.00000e-02	8.11133e-02	5.00000e-02	nan	nan
-6.93519e-01	5.00000e-02	1.44622e-01	5.00000e-02	nan	nan
-8.22680e-01	5.00000e-02	1.14896e-01	5.00000e-02	nan	nan
-8.54465e-01	5.00000e-02	1.92504e-01	5.00000e-02	nan	nan
-8.52146e-01	5.00000e-02	1.69287e-01	5.00000e-02	nan	nan
-1.08184e+00	5.00000e-02	2.45164e-01	5.00000e-02	nan	nan
-1.58996e+00	5.00000e-02	3.26741e-01	5.00000e-02	nan	nan
-6.74521e-01	5.00000e-02	2.77952e-02	5.00000e-02	nan	nan
-1.54430e+00	5.00000e-02	2.78572e-01	5.00000e-02	nan	nan
-8.11221e-01	5.00000e-02	1.05723e-01	5.00000e-02	nan	nan
-8.49771e-01	5.00000e-02	1.61599e-01	5.00000e-02	nan	nan
-5.27212e-01	5.00000e-02	-5.53085e-02	5.00000e-02	nan	nan
-1.81679e+00	5.00000e-02	3.08822e-01	5.00000e-02	nan	nan
-9.25454e-01	5.00000e-02	1.55661e-01	5.00000e-02	nan	nan
-6.22148e-01	5.00000e-02	1.10087e-01	5.00000e-02	nan	nan
-1.10528e+00	5.00000e-02	2.48694e-01	5.00000e-02	nan	nan
-1.03598e+00	5.00000e-02	1.76347e-01	5.00000e-02	nan	nan
-1.28937e+00	5.00000e-02	3.28070e-01	5.00000e-02	nan	nan
-1.05380e+00	5.00000e-02	2.02520e-01	5.00000e-02	nan	nan
-1.64262e+00	5.00000e-02	3.17722e-01	5.00000e-02	nan	nan
-1.89413e+00	5.00000e-02	4.40437e-01	5.00000e-02	nan	nan
-1.48401e+00	5.00000e-02	1.94882e-01	5.00000e-02	nan	nan
-1.29563e+00	5.00000e-02	2.25396e-01	5.00000e-02	nan	nan
-8.50492e-01	5.00000e-02	2.26479e-01	5.00000e-02	nan	nan
-1.03108e+00	5.00000e-02	2.52812e-01	5.00000e-02	nan	nan
-6.87178e-01	5.00000e-02	6.31962e-02	5.00000e-02	nan	nan
-1.35979e+00	5.00000e-02	3.79998e-01	5.00000e-02	nan	nan
-1.17609e+00	5.00000e-02	2.49502e-01	5.00000e-02	nan	nan
-1.01134e+00	5.00000e-02	2.58123e-01	5.00000e-02	nan	nan
-1.05690e+00	5.00000e-02	1.59582e-01	5.00000e-02	nan	nan
-1.78978e+00	5.00000e-02	4.50476e-01	5.00000e-02	nan	nan
-1.05020e+00	5.00000e-02	1.86475e-01	5.00000e-02	nan	nan
-1.56026e+00	5.00000e-02	3.05931e-01	5.00000e-02	nan	nan
-1.43862e+00	5.00000e-02	3.40987e-01	5.00000e-02	nan	nan
-1.39432e+00	5.00000e-02	3.28770e-01	5.00000e-02	nan	nan
-1.92387e+00	5.00000e-02	3.23367e-01	5.00000e-02	nan	nan
-1.65182e+00	5.00000e-02	2.62917e-01	5.00000e-02	nan	nan
-1.34344e+00	5.00000e-02	2.59771e-01	5.00000e-02	nan	nan
-6.01513e-01	5.00000e-02	-3.64922e-02	5.00000e-02	nan	nan
-1.21353e+00	5.00000e-02	2.60855e-01	5.00000e-02	nan	nan
-7.45621e-01	5.00000e-02	1.25263e-01	5.00000e-02	nan	nan
-6.98800e-01	5.00000e-02	1.10101e-01	5.00000e-02	nan	nan
-1.12641e+00	5.00000e-02	1.59356e-01	5.00000e-02	nan	nan
-8.06546e-01	5.00000e-02	1.31770e-01	5.00000e-02	nan	nan
-5.32177e-01	5.00000e-02	7.49727e-02	5.00000e-02	nan	nan
-1.17573e+00	5.00000e-02	1.24169e-01	5.00000e-02	nan	nan
-1.22242e+00	5.00000e-02	2.31361e-01	5.00000e-02	nan	nan
-5.45265e-01	5.00000e-02	-8.40360e-02	5.00000e-02	nan	nan
-1.30158e+00	5.00000e-02	2.41037e-01	5.00000e-02	nan	nan
-2.26698e+00	5.00000e-02	4.64752e-01	5.00000e-02	nan	nan
-6.53700e-01	5.00000e-02	1.03729e-01	5.00000e-02	nan	nan
-1.20211e+00	5.00000e-02	2.72251e-01	5.00000e-02	nan	nan
-1.11629e+00	5.00000e-02	2.41561e-01	5.00000e-02	nan	nan
-1.07616e+00	5.00000e-02	1.27360e-01	5.00000e-02	nan	nan
-6.88255e-01	5.00000e-02	9.01665e-02	5.00000e-02	nan	nan
-1.58106e+00	5.00000e-02	3.08801e-01	5.00000e-02	nan	nan
-1.04898e+00	5.00000e-02	2.77264e-01	5.00000e-02	nan	nan
-1.18100e+00	5.00000e-02	2.02208e-01	5.00000e-02	nan	nan
-9.80408e-01	5.00000e-02	2.88392e-01	5.00000e-02	nan	nan
-1.27379e+00	5.00000e-02	2.60068e-01	5.00000e-02	nan	nan
-7.59002e-01	5.00000e-02	5.63307e-03	5.00000e-02	nan	nan
-8.64002e-01	5.00000e-02	1.48244e-01	5.00000e-02	nan	nan
-6.72872e-01	5.00000e-02	8.58600e-02	5.00000e-02	nan	nan
-9.23952e-01	5.00000e-02	2.00452e-01	5.00000e-02	nan	nan
-7.37250e-01	5.00000e-02	1.04901e-01	5.00000e-02	nan	nan
-4.80457e-01	5.00000e-02	-2.71227e-02	5.00000e-02	nan	nan
-1.98084e+00	5.00000e-02	3.80655e-01	5.00000e-02	nan	nan
-1.20284e+00	5.00000e-02	2.49367e-01	5.00000e-02	nan	nan
-9.52202e-01	5.00000e-02	2.32448e-01	5.00000e-02	nan	nan
-1.05151e+00	5.00000e-02	1.69168e-01	5.00000e-02	nan	nan
-8.70620e-01	5.00000e-02	1.27963e-01	5.00000e-02	nan	nan
-8.38527e-01	5.00000e-02	2.29013e-01	5.00000e-02	nan	nan
-2.20012e+00	5.00000e-02	3.84999e-01	5.00000e-02	nan	nan
-1.24166e+00	5.00000e-02	2.79425e-01	5.00000e-02	nan	nan
-1.34103e+00	5.00000e-02	3.65814e-01	5.00000e-02	nan	nan
-1.58814e+00	5.00000e-02	3.43905e-01	5.00000e-02	nan	nan
-1.16139e+00	5.00000e-02	2.12668e-01	5.00000e-02	nan	nan
-1.13934e+00	5.00000e-02	2.96305e-01	5.00000e-02	nan	nan
-1.04653e+00	5.00000e-02	1.65204e-01	5.00000e-02	nan	nan
-9.46400e-01	5.00000e-02	3.03518e-01	5.00000e-02	nan	nan
-1.63645e+00	5.00000e-02	2.77691e-01	5.00000e-02	nan	nan
-5.64225e-01	5.00000e-02	6.42934e-02	5.00000e-02	nan	nan
-2.69743e-01	5.00000e-02	-1.11574e-01	5.00000e-02	nan	nan
-1.47667e+00	5.00000e-02	2.77317e-01	5.00000e-02	nan	nan
-1.15823e+00	5.00000e-02	1.72164e-01	5.00000e-02	nan	nan
-1.83582e+00	5.00000e-02	3.90129e-01	5.00000e-02	nan	nan
-9.08390e-01	5.00000e-02	2.12948e-01	5.00000e-02	nan	nan
-1.20145e+00	5.00000e-02	2.86535e-01	5.00000e-02	nan	nan
-7.60227e-01	5.00000e-02	6.69022e-02	5.00000e-02	nan	nan
-6.45520e-01	5.00000e-02	6.73373e-02	5.00000e-02	nan	nan
-1.19297e+00	5.00000e-02	2.21007e-01	5.00000e-02	nan	nan
-1.27006e+00	5.00000e-02	3.32499e-01	5.00000e-02	nan	nan
-9.84241e-01	5.00000e-02	2.24913e-01	5.00000e-02	nan	nan
-5.96596e-01	5.00000e-02	7.51756e-02	5.00000e-02	nan	nan
-6.68866e-01	5.00000e-02	1.11758e-01	5.00000e-02	nan	nan
-1.39911e+00	5.00000e-02	3.61992e-01	5.00000e-02	nan	nan
-2.35680e+00	5.00000e-02	3.83688e-01	5.00000e-02	nan	nan
-1.02303e+00	5.00000e-02	2.17100e-01	5.00000e-02	nan	nan
-1.07679e+00	5.00000e-02	2.28154e-01	5.00000e-02	nan	nan
-1.13773e+00	5.00000e-02	2.03099e-01	5.00000e-02	nan	nan
-4.07830e-01	5.00000e-02	-3.20068e-02	5.00000e-02	nan	nan
-9.39659e-01	5.00000e-02	2.14091e-01	5.00000e-02	nan	nan
-6.72817e-01	5.00000e-02	1.44199e-01	5.00000e-02	nan	nan
-1.04770e+00	5.00000e-02	2.44219e-01	5.00000e-02	nan	nan
-9.02626e-01	5.00000e-02	1.73038e-01	5.00000e-02	nan	nan
-9.87532e-01	5.00000e-02	1.23656e-01	5.00000e-02	nan	nan
-1.19771e+00	5.00000e-02	2.29384e-01	5.00000e-02	nan	nan
-6.71836e-01	5.00000e-02	7.74218e-02	5.00000e-02	nan	nan
-1.12814e+00	5.00000e-02	2.88252e-01	5.00000e-02	nan	nan
-9.99980e-01	5.00000e-02	1.78769e-01	5.00000e-02	nan	nan
-1.60400e+00	5.00000e-02	4.10347e-01	5.00000e-02	nan	nan
-1.16416e+00	5.00000e-02	2.43947e-01	5.00000e-02	nan	nan
-1.77337e+00	5.00000e-02	3.58638e-01	5.00000e-02	nan	nan
-1.42069e+00	5.00000e-02	2.06669e-01	5.00000e-02	nan	nan
-9.68089e-01	5.00000e-02	1.48498e-01	5.00000e-02	nan	nan
-7.02182e-01	5.00000e-02	1.01749e-01	5.00000e-02	nan	nan
-1.09085e+00	5.00000e-02	1.90610e-01	5.00000e-02	nan	nan
-2.01161e+00	5.00000e-02	4.23012e-01	5.00000e-02	nan	nan
-6.67956e-01	5.00000e-02	2.11859e-01	5.00000e-02	nan	nan
-9.68531e-01	5.00000e-02	2.12672e-01	5.00000e-02	nan	nan
-8.03162e-01	5.00000e-02	1.40147e-01	5.00000e-02	nan	nan
-8.29606e-01	5.00000e-02	1.08260e-01	5.00000e-02	nan	nan
-1.12613e+00	5.00000e-02	1.97818e-01	5.00000e-02	nan	nan
-1.19304e+00	5.00000e-02	2.66339e-01	5.00000e-02	nan	nan
-1.00641e+00	5.00000e-02	2.02069e-01	5.00000e-02	nan	nan
-5.62944e-01	5.00000e-02	-5.27339e-02	5.00000e-02	nan	nan
-1.23728e+00	5.00000e-02	2.65951e-01	5.00000e-02	nan	nan
-1.50664e+00	5.00000e-02	4.01079e-01	5.00000e-02	nan	nan
-1.43055e+00	5.00000e-02	3.26456e-01	5.00000e-02	nan	nan
-1.13687e+00	5.00000e-02	2.34712e-01	5.00000e-02	nan	nan
-8.91582e-01	5.00000e-02	1.47352e-01	5.00000e-02	nan	nan
-9.09637e-01	5.00000e-02	1.84002e-01	5.00000e-02	nan	nan
-9.29767e-01	5.00000e-02	2.24923e-01	5.00000e-02	nan	nan
-1.02820e+00	5.00000e-02	1.46054e-01	5.00000e-02	nan	nan
-1.19320e+00	5.00000e-02	2.41972e-01	5.00000e-02	nan	nan
-1.48346e+00	5.00000e-02	2.85676e-01	5.00000e-02	nan	nan
-8.26078e-01	5.00000e-02	1.87763e-01	5.00000e-02	nan	nan
-1.82101e+00	5.00000e-02	3.76913e-01	5.00000e-02	nan	nan
-9.07471e-01	5.00000e-02	1.19096e-01	5.00000e-02	nan	nan
-2.24461e+00	5.00000e-02	4.15473e-01	5.00000e-02	nan	nan
-4.57580e-01	5.00000e-02	-1.09304e-01	5.00000e-02	nan	nan
-6.09487e-01	5.00000e-02	9.30306e-02	5.00000e-02	nan	nan
-9.74942e-01	5.00000e-02	1.60224e-01	5.00000e-02	nan	nan
-1.22668e+00	5.00000e-02	2.57684e-01	5.00000e-02	nan	nan
-1.08094e+00	5.00000e-02	3.40243e-01	5.00000e-02	nan	nan
-1.32141e+00	5.00000e-02	2.61017e-01	5.00000e-02	nan	nan
-1.11499e+00	5.00000e-02	3.52548e-01	5.00000e-02	nan	nan
-1.53028e+00	5.00000e-02	3.07292e-01	5.00000e-02	nan	nan
-7.88939e-01	5.00000e-02	8.25451e-02	5.00000e-02	nan	nan
-7.87618e-01	5.00000e-02	7.98009e-02	5.00000e-02	nan	nan
-2.99437e-01	5.00000e-02	-6.57831e-02	5.00000e-02	nan	nan
-1.70209e+00	5.00000e-02	3.85718e-01	5.00000e-02	nan	nan
-2.60331e-01	5.00000e-02	-2.22672e-03	5.00000e-02	nan	nan
-1.54697e+00	5.00000e-02	2.53062e-01	5.00000e-02	nan	nan
-1.08263e+00	5.00000e-02	8.93080e-02	5.00000e-02	nan	nan
-1.79880e+00	5.00000e-02	3.41804e-01	5.00000e-02	nan	nan
-1.13889e+00	5.00000e-02	2.83991e-01	5.00000e-02	nan	nan
-7.42270e-01	5.00000e-02	1.72484e-01	5.00000e-02	nan	nan
-1.11171e+00	5.00000e-02	2.31622e-01	5.00000e-02	nan	nan
-8.20655e-01	5.00000e-02	6.51385e-02	5.00000e-02	nan	nan
-6.21345e-01	5.00000e-02	1.10284e-01	5.00000e-02	nan	nan
-1.32424e+00	5.00000e-02	2.56934e-01	5.00000e-02	nan	nan
-4.86614e-01	5.00000e-02	2.17782e-02	5.00000e-02	nan	nan
-6.01606e-01	5.00000e-02	1.00100e-01	5.00000e-02	nan	nan
-1.14913e+00	5.00000e-02	2.01554e-01	5.00000e-02	nan	nan
-8.20926e-01	5.00000e-02	2.49442e-01	5.00000e-02	nan	nan
-1.24893e+00	5.00000e-02	3.23154e-01	5.00000e-02	nan	nan
-6.52831e-01	5.00000e-02	1.55850e-01	5.00000e-02	nan	nan
-6.96519e-01	5.00000e-02	5.23961e-02	5.00000e-02	nan	nan
-1.36890e+00	5.00000e-02	3.27235e-01	5.00000e-02	nan	nan
-6.32822e-01	5.00000e-02	1.93303e-01	5.00000e-02	nan	nan
-8.35466e-01	5.00000e-02	1.93486e-01	5.00000e-02	nan	nan
-6.31466e-01	5.00000e-02	1.11896e-01	5.00000e-02	nan	nan
-1.14309e+00	5.00000e-02	1.90348e-01	5.00000e-02	nan	nan
-1.52226e+00	5.00000e-02	2.68657e-01	5.00000e-02	nan	nan
-1.40952e+00	5.00000e-02	2.13638e-01	5.00000e-02	nan	nan
-1.05459e+00	5.00000e-02	1.77952e-01	5.00000e-02	nan	nan
-1.12381e+00	5.00000e-02	2.71122e-01	5.00000e-02	nan	nan
-1.01972e+00	5.00000e-02	1.95877e-01	5.00000e-02	nan	nan
-5.53245e-01	5.00000e-02	9.44329e-04	5.00000e-02	nan	nan
-1.64803e+00	5.00000e-02	2.81077e-01	5.00000e-02	nan	nan
-1.04247e+00	5.00000e-02	1.36172e-01	5.00000e-02	nan	nan
-9.57825e-01	5.00000e-02	1.89963e-01	5.00000e-02	nan	nan
-1.10611e+00	5.00000e-02	2.49825e-01	5.00000e-02	nan	nan
-6.81029e-01	5.00000e-02	1.31822e-01	5.00000e-02	nan	nan
-2.06801e+00	5.00000e-02	4.73973e-01	5.00000e-02	nan	nan
-7.55233e-01	5.00000e-02	-1.67967e-02	5.00000e-02	nan	nan
-1.67521e+00	5.00000e-02	3.31840e-01	5.00000e-02	nan	nan
-1.74739e+00	5.00000e-02	3.56776e-01	5.00000e-02	nan	nan
-1.43305e+00	5.00000e-02	3.47656e-01	5.00000e-02	nan	nan
-1.60448e+00	5.00000e-02	4.00185e-01	5.00000e-02	nan	nan
-1.49757e+00	5.00000e-02	3.22289e-01	5.00000e-02	nan	nan
-1.83145e+00	5.00000e-02	4.07226e-01	5.00000e-02	nan	nan
-1.24490e+00	5.00000e-02	2.20509e-01	5.00000e-02	nan	nan
-6.42914e-01	5.00000e-02	1.24676e-01	5.00000e-02	nan	nan
-1.30005e+00	5.00000e-02	2.58694e-01	5.00000e-02	nan	nan
-1.26709e+00	5.00000e-02	2.41143e-01	5.00000e-02	nan	nan
-1.32007e+00	5.00000e-02	3.14074e-01	5.00000e-02	nan	nan
-6.39226e-01	5.00000e-02	1.82683e-01	5.00000e-02	nan	nan
-2.23854e+00	5.00000e-02	4.30905e-01	5.00000e-02	nan	nan
-1.17840e+00	5.00000e-02	2.35342e-01	5.00000e-02	nan	nan
-2.02778e+00	5.00000e-02	4.34494e-01	5.00000e-02	nan	nan
