# [Fe/H]	[Fe/H]_err	[O/Fe]	[O/Fe]_err	Log(age/Gyr)	Log(age/Gyr)_err
-5.96278e-01	5.00000e-02	9.90622e-02	5.00000e-02	1.02814e+00	1.00000e-01
-1.12962e+00	5.00000e-02	1.61454e-01	5.00000e-02	9.69542e-01	1.00000e-01
-1.16874e+00	5.00000e-02	2.29386e-01	5.00000e-02	9.74778e-01	1.00000e-01
-1.50794e+00	5.00000e-02	3.07451e-01	5.00000e-02	9.74532e-01	1.00000e-01
-1.42270e+00	5.00000e-02	3.23614e-01	5.00000e-02	1.03052e+00	1.00000e-01
-8.12947e-01	5.00000e-02	9.98627e-02	5.00000e-02	8.36464e-01	1.00000e-01
-7.20118e-01	5.00000e-02	-2.49689e-02	5.00000e-02	8.81565e-01	1.00000e-01
-1.23212e+00	5.00000e-02	3.32362e-01	5.00000e-02	1.05397e+00	1.00000e-01
-1.52565e+00	5.00000e-02	2.98819e-01	5.00000e-02	1.16129e+00	1.00000e-01
-4.81313e-01	5.00000e-02	2.06513e-02	5.00000e-02	6.18211e-01	1.00000e-01
-7.02178e-01	5.00000e-02	1.00559e-01	5.00000e-02	9.32642e-01	1.00000e-01
-1.14543e+00	5.00000e-02	2.07026e-01	5.00000e-02	1.02569e+00	1.00000e-01
-9.32663e-01	5.00000e-02	1.13454e-01	5.00000e-02	1.14356e+00	1.00000e-01
-1.62039e+00	5.00000e-02	3.76338e-01	5.00000e-02	9.36037e-01	1.00000e-01
-1.00256e+00	5.00000e-02	1.86070e-01	5.00000e-02	1.08241e+00	1.00000e-01
-9.96285e-01	5.00000e-02	1.08693e-01	5.00000e-02	9.72096e-01	1.00000e-01
-1.58244e+00	5.00000e-02	3.13866e-01	5.00000e-02	9.87171e-01	1.00000e-01
-9.84294e-01	5.00000e-02	1.54382e-01	5.00000e-02	1.06458e+00	1.00000e-01
-1.81235e+00	5.00000e-02	4.87988e-01	5.00000e-02	1.02766e+00	1.00000e-01
-5.30047e-01	5.00000e-02	-1.90249e-03	5.00000e-02	6.57228e-01	1.00000e-01
-7.37344e-01	5.00000e-02	8.16479e-02	5.00000e-02	1.05613e+00	1.00000e-01
-6.89775e-01	5.00000e-02	1.56285e-01	5.00000e-02	1.11250e+00	1.00000e-01
-5.37118e-01	5.00000e-02	1.41703e-01	5.00000e-02	8.76905e-01	1.00000e-01
-1.05703e+00	5.00000e-02	2.30899e-01	5.00000e-02	9.87982e-01	1.00000e-01
-1.62759e+00	5.00000e-02	3.72760e-01	5.00000e-02	1.20698e+00	1.00000e-01
-5.69344e-01	5.00000e-02	4.03737e-02	5.00000e-02	7.91922e-01	1.00000e-01
-9.74365e-01	5.00000e-02	1.16175e-01	5.00000e-02	1.23408e+00	1.00000e-01
-1.35347e+00	5.00000e-02	3.31403e-01	5.00000e-02	1.08527e+00	1.00000e-01
-1.01526e+00	5.00000e-02	1.90794e-01	5.00000e-02	7.46595e-01	1.00000e-01
-2.16295e+00	5.00000e-02	4.63598e-01	5.00000e-02	1.19607e+00	1.00000e-01
-8.12336e-01	5.00000e-02	7.41816e-02	5.00000e-02	1.01302e+00	1.00000e-01
-1.35269e+00	5.00000e-02	3.58694e-01	5.00000e-02	1.13271e+00	1.00000e-01
-1.00311e+00	5.00000e-02	2.72261e-01	5.00000e-02	9.37833e-01	1.00000e-01
-1.43862e+00	5.00000e-02	2.39027e-01	5.00000e-02	1.05600e+00	1.00000e-01
-1.31269e+00	5.00000e-02	2.64283e-01	5.00000e-02	9.49536e-01	1.00000e-01
-1.02377e+00	5.00000e-02	2.09061e-01	5.00000e-02	9.93992e-01	1.00000e-01
-1.16375e+00	5.00000e-02	3.28176e-01	5.00000e-02	1.10983e+00	1.00000e-01
-3.33602e-01	5.00000e-02	-3.10324e-02	5.00000e-02	7.26800e-01	1.00000e-01
-7.30349e-01	5.00000e-02	1.70383e-01	5.00000e-02	1.06039e+00	1.00000e-01
-1.43210e+00	5.00000e-02	3.43787e-01	5.00000e-02	1.19911e+00	1.00000e-01
-2.69543e+00	5.00000e-02	4.56181e-01	5.00000e-02	1.02554e+00	1.00000e-01
-9.67110e-01	5.00000e-02	2.45214e-01	5.00000e-02	9.34683e-01	1.00000e-01
-2.75788e-01	5.00000e-02	-6.80182e-02	5.00000e-02	4.64170e-01	1.00000e-01
-1.08287e+00	5.00000e-02	3.39370e-01	5.00000e-02	1.08995e+00	1.00000e-01
-7.08698e-01	5.00000e-02	1.59140e-01	5.00000e-02	1.01163e+00	1.00000e-01
-1.36607e+00	5.00000e-02	3.06436e-01	5.00000e-02	1.15117e+00	1.00000e-01
-1.13582e+00	5.00000e-02	3.24152e-01	5.00000e-02	1.13670e+00	1.00000e-01
-7.52879e-01	5.00000e-02	1.16913e-02	5.00000e-02	8.37279e-01	1.00000e-01
-7.94998e-01	5.00000e-02	1.24546e-01	5.00000e-02	7.70640e-01	1.00000e-01
-1.81749e+00	5.00000e-02	3.32748e-01	5.00000e-02	1.06977e+00	1.00000e-01
-9.25332e-01	5.00000e-02	1.54214e-01	5.00000e-02	9.44253e-01	1.00000e-01
-1.71866e+00	5.00000e-02	3.11099e-01	5.00000e-02	1.07265e+00	1.00000e-01
-1.80011e+00	5.00000e-02	4.60158e-01	5.00000e-02	1.21658e+00	1.00000e-01
-1.08831e+00	5.00000e-02	1.95629e-01	5.00000e-02	1.10595e+00	1.00000e-01
-1.26602e+00	5.00000e-02	2.12458e-01	5.00000e-02	1.08179e+00	1.00000e-01
-1.42819e+00	5.00000e-02	3.28931e-01	5.00000e-02	9.82197e-01	1.00000e-01
-1.31355e+00	5.00000e-02	2.83122e-01	5.00000e-02	9.10936e-01	1.00000e-01
-7.83588e-01	5.00000e-02	1.76906e-01	5.00000e-02	1.00213e+00	1.00000e-01
-1.13288e+00	5.00000e-02	2.56134e-01	5.00000e-02	1.02802e+00	1.00000e-01
-1.50809e+00	5.00000e-02	2.94721e-01	5.00000e-02	9.38550e-01	1.00000e-01
-7.38108e-01	5.00000e-02	1.32539e-01	5.00000e-02	7.36032e-01	1.00000e-01
-1.02397e+00	5.00000e-02	2.25232e-01	5.00000e-02	1.31126e+00	1.00000e-01
-8.56089e-01	5.00000e-02	1.19521e-01	5.00000e-02	9.89352e-01	1.00000e-01
-1.94397e+00	5.00000e-02	4.25330e-01	5.00000e-02	1.12964e+00	1.00000e-01
-1.93404e+00	5.00000e-02	4.60336e-01	5.00000e-02	9.39900e-01	1.00000e-01
-1.51086e+00	5.00000e-02	2.58355e-01	5.00000e-02	1.33518e+00	1.00000e-01
-6.71695e-01	5.00000e-02	9.81483e-02	5.00000e-02	9.50269e-01	1.00000e-01
-1.57587e+00	5.00000e-02	3.26101e-01	5.00000e-02	1.14969e+00	1.00000e-01
-7.80091e-01	5.00000e-02	1.44007e-01	5.00000e-02	8.75409e-01	1.00000e-01
-9.06645e-01	5.00000e-02	2.57395e-01	5.00000e-02	1.15724e+00	1.00000e-01
-8.91560e-01	5.00000e-02	1.03060e-01	5.00000e-02	1.07595e+00	1.00000e-01
-1.65306e+00	5.00000e-02	4.42650e-01	5.00000e-02	9.59331e-01	1.00000e-01
-3.53403e-01	5.00000e-02	3.17528e-03	5.00000e-02	5.76894e-01	1.00000e-01
-2.00164e+00	5.00000e-02	4.79552e-01	5.00000e-02	1.11028e+00	1.00000e-01
-8.23210e-01	5.00000e-02	1.37809e-01	5.00000e-02	9.04341e-01	1.00000e-01
-3.72694e-01	5.00000e-02	-1.49025e-01	5.00000e-02	6.34185e-01	1.00000e-01
-2.35970e+00	5.00000e-02	4.43845e-01	5.00000e-02	1.14096e+00	1.00000e-01
-1.44974e+00	5.00000e-02	3.34507e-01	5.00000e-02	1.06943e+00	1.00000e-01
-6.10595e-01	5.00000e-02	1.32128e-01	5.00000e-02	8.20348e-01	1.00000e-01
-1.09532e+00	5.00000e-02	2.32255e-01	5.00000e-02	1.06031e+00	1.00000e-01
-9.58380e-01	5.00000e-02	1.66785e-01	5.00000e-02	1.22095e+00	1.00000e-01
-8.35273e-01	5.00000e-02	1.90896e-01	5.00000e-02	1.03003e+00	1.00000e-01
-9.23961e-01	5.00000e-02	1.20269e-01	5.00000e-02	9.85242e-01	1.00000e-01
-5.34918e-01	5.00000e-02	-3.54919e-03	5.00000e-02	6.22913e-01	1.00000e-01
-5.74775e-01	5.00000e-02	1.14017e-01	5.00000e-02	9.58628e-01	1.00000e-01
-1.07446e+00	5.00000e-02	1.93880e-01	5.00000e-02	1.07118e+00	1.00000e-01
-7.76459e-01	5.00000e-02	2.22300e-01	5.00000e-02	1.01713e+00	1.00000e-01
-1.22116e+00	5.00000e-02	2.56939e-01	5.00000e-02	1.08208e+00	1.00000e-01
-9.97970e-01	5.00000e-02	1.37016e-01	5.00000e-02	8.00055e-01	1.00000e-01
-1.59668e+00	5.00000e-02	3.76436e-01	5.00000e-02	9.60411e-01	1.00000e-01
-4.86392e-01	5.00000e-02	-5.81172e-02	5.00000e-02	7.45061e-01	1.00000e-01
-6.34778e-01	5.00000e-02	5.59710e-02	5.00000e-02	7.87487e-01	1.00000e-01
-1.00053e+00	5.00000e-02	2.13778e-01	5.00000e-02	8.27649e-01	1.00000e-01
-9.01226e-01	5.00000e-02	1.81192e-01	5.00000e-02	9.49086e-01	1.00000e-01
-1.04239e+00	5.00000e-02	1.99534e-01	5.00000e-02	8.18770e-01	1.00000e-01
-6.66572e-01	5.00000e-02	1.04306e-01	5.00000e-02	1.07415e+00	1.00000e-01
-5.10894e-01	5.00000e-02	-5.29840e-02	5.00000e-02	4.81074e-01	1.00000e-01
-1.24343e+00	5.00000e-02	3.59743e-01	5.00000e-02	1.05689e+00	1.00000e-01
-1.23390e+00	5.00000e-02	2.28543e-01	5.00000e-02	1.06193e+00	1.00000e-01
-1.10631e+00	5.00000e-02	2.79138e-01	5.00000e-02	1.01798e+00	1.00000e-01
-1.52498e+00	5.00000e-02	3.33560e-01	5.00000e-02	9.14936e-01	1.00000e-01
-1.37440e+00	5.00000e-02	2.92522e-01	5.00000e-02	1.08964e+00	1.00000e-01
-1.55556e+00	5.00000e-02	2.30344e-01	5.00000e-02	1.25404e+00	1.00000e-01
-6.48113e-01	5.00000e-02	8.52715e-02	5.00000e-02	9.12879e-01	1.00000e-01
-6.66933e-01	5.00000e-02	8.84788e-02	5.00000e-02	8.77219e-01	1.00000e-01
-1.83087e+00	5.00000e-02	4.30019e-01	5.00000e-02	1.14093e+00	1.00000e-01
-3.02423e-01	5.00000e-02	-8.53765e-02	5.00000e-02	6.19979e-01	1.00000e-01
-1.43327e+00	5.00000e-02	3.72556e-01	5.00000e-02	9.32803e-01	1.00000e-01
-1.38987e+00	5.00000e-02	2.52544e-01	5.00000e-02	8.84686e-01	1.00000e-01
-1.01686e+00	5.00000e-02	1.65399e-01	5.00000e-02	9.17159e-01	1.00000e-01
-5.42497e-01	5.00000e-02	5.37588e-02	5.00000e-02	1.00328e+00	1.00000e-01
-1.57639e+00	5.00000e-02	3.37514e-01	5.00000e-02	9.09660e-01	1.00000e-01
-1.07267e+00	5.00000e-02	1.78107e-01	5.00000e-02	9.81739e-01	1.00000e-01
-8.68450e-01	5.00000e-02	1.78527e-01	5.00000e-02	9.17740e-01	1.00000e-01
-1.07169e+00	5.00000e-02	2.70327e-01	5.00000e-02	1.08873e+00	1.00000e-01
-9.69167e-01	5.00000e-02	1.41746e-01	5.00000e-02	9.52755e-01	1.00000e-01
-6.13522e-01	5.00000e-02	9.23823e-02	5.00000e-02	8.94076e-01	1.00000e-01
-4.41198e-01	5.00000e-02	-4.70441e-02	5.00000e-02	5.98809e-01	1.00000e-01
-4.69020e-01	5.00000e-02	-1.11035e-01	5.00000e-02	7.83832e-01	1.00000e-01
-1.09997e+00	5.00000e-02	1.12763e-01	5.00000e-02	1.04507e+00	1.00000e-01
-1.14064e+00	5.00000e-02	2.48952e-01	5.00000e-02	9.52075e-01	1.00000e-01
-8.90807e-01	5.00000e-02	1.68306e-01	5.00000e-02	1.06771e+00	1.00000e-01
-1.11923e+00	5.00000e-02	1.81910e-01	5.00000e-02	1.11782e+00	1.00000e-01
-7.82380e-01	5.00000e-02	8.54502e-02	5.00000e-02	7.97593e-01	1.00000e-01
-1.18964e+00	5.00000e-02	2.25383e-01	5.00000e-02	1.12120e+00	1.00000e-01
-6.81253e-01	5.00000e-02	1.06810e-01	5.00000e-02	8.20089e-01	1.00000e-01
-9.27623e-01	5.00000e-02	1.59630e-01	5.00000e-02	9.64421e-01	1.00000e-01
-1.37814e+00	5.00000e-02	3.51019e-01	5.00000e-02	1.18289e+00	1.00000e-01
-8.33684e-01	5.00000e-02	2.08889e-01	5.00000e-02	9.03228e-01	1.00000e-01
-9.88562e-01	5.00000e-02	1.81809e-01	5.00000e-02	9.30772e-01	1.00000e-01
-1.60539e+00	5.00000e-02	3.43687e-01	5.00000e-02	1.10058e+00	1.00000e-01
-6.49619e-01	5.00000e-02	7.47600e-02	5.00000e-02	9.08813e-01	1.00000e-01
-1.50547e+00	5.00000e-02	3.55241e-01	5.00000e-02	1.23333e+00	1.00000e-01
-7.68561e-01	5.00000e-02	1.41405e-01	5.00000e-02	8.57085e-01	1.00000e-01
-9.10489e-01	5.00000e-02	1.24688e-01	5.00000e-02	8.82477e-01	1.00000e-01
-3.94312e-01	5.00000e-02	6.25651e-02	5.00000e-02	7.39552e-01	1.00000e-01
-6.27814e-01	5.00000e-02	5.82676e-02	5.00000e-02	8.13155e-01	1.00000e-01
-8.23547e-01	5.00000e-02	1.14231e-01	5.00000e-02	1.15334e+00	1.00000e-01
-1.04631e+00	5.00000e-02	1.75317e-01	5.00000e-02	9.84738e-01	1.00000e-01
-7.86978e-01	5.00000e-02	1.65988e-01	5.00000e-02	9.68600e-01	1.00000e-01
-1.17087e+00	5.00000e-02	1.67124e-01	5.00000e-02	9.80337e-01	1.00000e-01
-1.60884e+00	5.00000e-02	2.70041e-01	5.00000e-02	9.55444e-01	1.00000e-01
-1.04713e+00	5.00000e-02	1.99896e-01	5.00000e-02	1.01929e+00	1.00000e-01
-1.90003e+00	5.00000e-02	4.03651e-01	5.00000e-02	9.97266e-01	1.00000e-01
-8.41827e-01	5.00000e-02	2.39995e-01	5.00000e-02	9.25036e-01	1.00000e-01
-8.62490e-01	5.00000e-02	1.25853e-01	5.00000e-02	7.73946e-01	1.00000e-01
-1.44947e+00	5.00000e-02	3.67431e-01	5.00000e-02	1.12630e+00	1.00000e-01
-9.04440e-01	5.00000e-02	2.09279e-01	5.00000e-02	9.39163e-01	1.00000e-01
-1.37994e+00	5.00000e-02	2.95025e-01	5.00000e-02	1.19675e+00	1.00000e-01
-4.78904e-01	5.00000e-02	2.61160e-02	5.00000e-02	7.20141e-01	1.00000e-01
-1.06255e+00	5.00000e-02	1.72692e-01	5.00000e-02	1.14812e+00	1.00000e-01
-1.45216e+00	5.00000e-02	3.72528e-01	5.00000e-02	1.19029e+00	1.00000e-01
-1.40054e+00	5.00000e-02	2.94199e-01	5.00000e-02	1.15561e+00	1.00000e-01
-2.12039e+00	5.00000e-02	4.63317e-01	5.00000e-02	1.14745e+00	1.00000e-01
-6.86882e-01	5.00000e-02	1.74990e-01	5.00000e-02	8.52126e-01	1.00000e-01
-5.53211e-01	5.00000e-02	1.18651e-01	5.00000e-02	7.58103e-01	1.00000e-01
-1.20769e+00	5.00000e-02	2.64410e-01	5.00000e-02	9.35957e-01	1.00000e-01
-8.18802e-01	5.00000e-02	1.93975e-01	5.00000e-02	1.07003e+00	1.00000e-01
-6.79436e-01	5.00000e-02	1.67347e-01	5.00000e-02	7.35864e-01	1.00000e-01
-9.04734e-01	5.00000e-02	1.07948e-01	5.00000e-02	9.62207e-01	1.00000e-01
-1.50501e+00	5.00000e-02	2.45200e-01	5.00000e-02	1.10541e+00	1.00000e-01
-7.57414e-01	5.00000e-02	1.92723e-01	5.00000e-02	1.04103e+00	1.00000e-01
-7.66005e-01	5.00000e-02	1.13859e-01	5.00000e-02	1.04688e+00	1.00000e-01
-9.22352e-01	5.00000e-02	2.90297e-01	5.00000e-02	1.21369e+00	1.00000e-01
-1.14156e+00	5.00000e-02	2.95044e-01	5.00000e-02	1.07115e+00	1.00000e-01
-4.59819e-01	5.00000e-02	1.31637e-01	5.00000e-02	1.01793e+00	1.00000e-01
-2.36868e+00	5.00000e-02	4.68295e-01	5.00000e-02	9.99173e-01	1.00000e-01
-9.71084e-01	5.00000e-02	2.21138e-01	5.00000e-02	8.93453e-01	1.00000e-01
-1.22908e+00	5.00000e-02	2.66514e-01	5.00000e-02	1.02427e+00	1.00000e-01
-2.03241e+00	5.00000e-02	4.77303e-01	5.00000e-02	1.04749e+00	1.00000e-01
-1.18952e+00	5.00000e-02	3.31704e-01	5.00000e-02	1.10316e+00	1.00000e-01
-4.50004e-01	5.00000e-02	-1.06475e-01	5.00000e-02	6.22133e-01	1.00000e-01
-1.78460e+00	5.00000e-02	2.72168e-01	5.00000e-02	9.87411e-01	1.00000e-01
-1.19076e+00	5.00000e-02	1.46829e-01	5.00000e-02	1.18325e+00	1.00000e-01
-1.12314e+00	5.00000e-02	2.31917e-01	5.00000e-02	1.01509e+00	1.00000e-01
-9.04277e-01	5.00000e-02	1.51094e-01	5.00000e-02	9.45852e-01	1.00000e-01
-1.24726e+00	5.00000e-02	2.17699e-01	5.00000e-02	1.08530e+00	1.00000e-01
-5.43902e-01	5.00000e-02	1.75716e-02	5.00000e-02	7.24307e-01	1.00000e-01
-8.07362e-01	5.00000e-02	1.23070e-01	5.00000e-02	1.04680e+00	1.00000e-01
-1.35498e+00	5.00000e-02	2.04162e-01	5.00000e-02	9.34300e-01	1.00000e-01
-1.20489e+00	5.00000e-02	2.05406e-01	5.00000e-02	1.11053e+00	1.00000e-01
-1.29201e+00	5.00000e-02	2.00241e-01	5.00000e-02	1.19402e+00	1.00000e-01
-1.27077e+00	5.00000e-02	2.65946e-01	5.00000e-02	1.24698e+00	1.00000e-01
-9.07783e-01	5.00000e-02	2.11621e-01	5.00000e-02	9.60788e-01	1.00000e-01
-7.72709e-01	5.00000e-02	1.20287e-01	5.00000e-02	1.06230e+00	1.00000e-01
-1.02883e+00	5.00000e-02	1.77776e-01	5.00000e-02	1.04252e+00	1.00000e-01
-9.39022e-01	5.00000e-02	1.79266e-01	5.00000e-02	1.04805e+00	1.00000e-01
-1.78463e+00	5.00000e-02	4.01461e-01	5.00000e-02	1.04083e+00	1.00000e-01
-8.01864e-01	5.00000e-02	8.09073e-02	5.00000e-02	8.19242e-01	1.00000e-01
-1.45178e+00	5.00000e-02	3.58116e-01	5.00000e-02	1.01555e+00	1.00000e-01
-4.57518e-01	5.00000e-02	-8.49030e-03	5.00000e-02	8.36122e-01	1.00000e-01
-1.35381e+00	5.00000e-02	2.74356e-01	5.00000e-02	1.00309e+00	1.00000e-01
-1.54814e+00	5.00000e-02	3.50057e-01	5.00000e-02	1.15102e+00	1.00000e-01
-1.06140e+00	5.00000e-02	2.55191e-01	5.00000e-02	1.03914e+00	1.00000e-01
-1.24584e+00	5.00000e-02	2.61201e-01	5.00000e-02	9.89159e-01	1.00000e-01
-1.07500e+00	5.00000e-02	2.68065e-01	5.00000e-02	1.20099e+00	1.00000e-01
-1.27279e+00	5.00000e-02	2.88910e-01	5.00000e-02	1.09660e+00	1.00000e-01
-8.87299e-01	5.00000e-02	1.35382e-01	5.00000e-02	9.15600e-01	1.00000e-01
-1.04883e+00	5.00000e-02	1.48120e-01	5.00000e-02	9.53271e-01	1.00000e-01
-9.05990e-01	5.00000e-02	1.53818e-01	5.00000e-02	1.06377e+00	1.00000e-01
-9.78188e-01	5.00000e-02	1.65217e-01	5.00000e-02	1.06310e+00	1.00000e-01
-9.63844e-01	5.00000e-02	5.59356e-02	5.00000e-02	8.91576e-01	1.00000e-01
-1.39638e+00	5.00000e-02	2.69620e-01	5.00000e-02	9.37951e-01	1.00000e-01
-1.83450e+00	5.00000e-02	3.93096e-01	5.00000e-02	1.14503e+00	1.00000e-01
-1.28708e+00	5.00000e-02	2.51124e-01	5.00000e-02	1.13584e+00	1.00000e-01
-1.21030e+00	5.00000e-02	1.89219e-01	5.00000e-02	1.21721e+00	1.00000e-01
-1.11453e+00	5.00000e-02	2.88284e-01	5.00000e-02	1.14086e+00	1.00000e-01
-9.17180e-01	5.00000e-02	2.36853e-01	5.00000e-02	1.01654e+00	1.00000e-01
-1.21245e+00	5.00000e-02	2.88821e-01	5.00000e-02	1.04595e+00	1.00000e-01
-9.37903e-01	5.00000e-02	2.41777e-01	5.00000e-02	1.01865e+00	1.00000e-01
-6.47220e-01	5.00000e-02	1.26894e-02	5.00000e-02	8.13462e-01	1.00000e-01
-6.67095e-01	5.00000e-02	1.34026e-02	5.00000e-02	1.01299e+00	1.00000e-01
-8.82428e-01	5.00000e-02	1.19896e-01	5.00000e-02	1.08948e+00	1.00000e-01
-1.45299e+00	5.00000e-02	2.13328e-01	5.00000e-02	1.12135e+00	1.00000e-01
-1.29186e+00	5.00000e-02	2.90174e-01	5.00000e-02	1.01276e+00	1.00000e-01
-1.32694e+00	5.00000e-02	3.34156e-01	5.00000e-02	1.06471e+00	1.00000e-01
-1.07347e+00	5.00000e-02	2.38096e-01	5.00000e-02	1.06049e+00	1.00000e-01
-8.61257e-01	5.00000e-02	1.73711e-01	5.00000e-02	8.40738e-01	1.00000e-01
-1.49566e+00	5.00000e-02	3.72607e-01	5.00000e-02	1.06155e+00	1.00000e-01
-1.29465e+00	5.00000e-02	2.31790e-01	5.00000e-02	1.08306e+00	1.00000e-01
-9.94830e-01	5.00000e-02	1.24615e-01	5.00000e-02	1.14330e+00	1.00000e-01
-9.07789e-01	5.00000e-02	1.05158e-01	5.00000e-02	8.55136e-01	1.00000e-01
-1.08443e+00	5.00000e-02	1.54256e-01	5.00000e-02	1.06124e+00	1.00000e-01
-1.72383e+00	5.00000e-02	3.86704e-01	5.00000e-02	1.21060e+00	1.00000e-01
-9.95776e-01	5.00000e-02	1.55554e-01	5.00000e-02	1.14908e+00	1.00000e-01
-9.85454e-01	5.00000e-02	1.76160e-01	5.00000e-02	8.94490e-01	1.00000e-01
-1.31787e+00	5.00000e-02	4.07420e-01	5.00000e-02	1.12314e+00	1.00000e-01
-1.75352e+00	5.00000e-02	3.57449e-01	5.00000e-02	8.99464e-01	1.00000e-01
-7.12024e-01	5.00000e-02	5.69138e-02	5.00000e-02	9.15142e-01	1.00000e-01
-5.38086e-01	5.00000e-02	5.87976e-02	5.00000e-02	8.72140e-01	1.00000e-01
-6.88583e-01	5.00000e-02	1.49899e-01	5.00000e-02	8.29214e-01	1.00000e-01
-4.16904e-01	5.00000e-02	-1.29074e-02	5.00000e-02	5.46914e-01	1.00000e-01
-1.12148e+00	5.00000e-02	1.92244e-01	5.00000e-02	9.62258e-01	1.00000e-01
-1.46381e+00	5.00000e-02	3.22786e-01	5.00000e-02	9.88448e-01	1.00000e-01
-9.16385e-01	5.00000e-02	1.67520e-01	5.00000e-02	1.04343e+00	1.00000e-01
-9.38682e-01	5.00000e-02	2.29698e-01	5.00000e-02	1.04677e+00	1.00000e-01
-4.34189e-01	5.00000e-02	1.54696e-02	5.00000e-02	7.42286e-01	1.00000e-01
-9.64866e-01	5.00000e-02	8.91205e-02	5.00000e-02	9.61640e-01	1.00000e-01
-1.11112e+00	5.00000e-02	1.92559e-01	5.00000e-02	9.44792e-01	1.00000e-01
-3.16573e-01	5.00000e-02	-1.61355e-01	5.00000e-02	6.46788e-01	1.00000e-01
-4.94481e-01	5.00000e-02	-3.48363e-02	5.00000e-02	6.60120e-01	1.00000e-01
-9.22450e-01	5.00000e-02	9.95924e-02	5.00000e-02	8.99697e-01	1.00000e-01
-1.31514e+00	5.00000e-02	2.30848e-01	5.00000e-02	9.68534e-01	1.00000e-01
-1.12893e+00	5.00000e-02	1.79926e-01	5.00000e-02	9.61183e-01	1.00000e-01
-1.15771e+00	5.00000e-02	1.32054e-01	5.00000e-02	1.05042e+00	1.00000e-01
-7.13596e-01	5.00000e-02	1.70670e-01	5.00000e-02	8.21518e-01	1.00000e-01
-1.14870e+00	5.00000e-02	2.66410e-01	5.00000e-02	9.81852e-01	1.00000e-01
-1.02977e+00	5.00000e-02	2.26975e-01	5.00000e-02	1.12848e+00	1.00000e-01
-9.07355e-01	5.00000e-02	1.25750e-01	5.00000e-02	1.14354e+00	1.00000e-01
-1.24608e+00	5.00000e-02	3.24137e-01	5.00000e-02	1.09101e+00	1.00000e-01
-1.07107e+00	5.00000e-02	1.90913e-01	5.00000e-02	8.70587e-01	1.00000e-01
-1.05744e+00	5.00000e-02	1.60723e-01	5.00000e-02	1.07271e+00	1.00000e-01
-1.04781e+00	5.00000e-02	2.55809e-01	5.00000e-02	9.24334e-01	1.00000e-01
-5.82743e-01	5.00000e-02	6.10504e-02	5.00000e-02	7.44308e-01	1.00000e-01
-5.76308e-01	5.00000e-02	5.79215e-02	5.00000e-02	6.70281e-01	1.00000e-01
-1.81937e+00	5.00000e-02	3.63226e-01	5.00000e-02	1.08717e+00	1.00000e-01
-7.86399e-01	5.00000e-02	1.99556e-01	5.00000e-02	9.65367e-01	1.00000e-01
-1.00640e+00	5.00000e-02	1.90712e-01	5.00000e-02	1.03695e+00	1.00000e-01
-1.08223e+00	5.00000e-02	2.48501e-01	5.00000e-02	1.03955e+00	1.00000e-01
-7.89253e-01	5.00000e-02	1.14618e-01	5.00000e-02	8.91425e-01	1.00000e-01
-1.11956e+00	5.00000e-02	2.72858e-01	5.00000e-02	1.21558e+00	1.00000e-01
-3.85747e-01	5.00000e-02	-4.88452e-02	5.00000e-02	7.38510e-01	1.00000e-01
-1.82186e+00	5.00000e-02	3.52836e-01	5.00000e-02	1.07452e+00	1.00000e-01
-1.16291e+00	5.00000e-02	2.71680e-01	5.00000e-02	1.17015e+00	1.00000e-01
-2.18092e+00	5.00000e-02	3.99264e-01	5.00000e-02	1.06924e+00	1.00000e-01
-1.08171e+00	5.00000e-02	2.76519e-01	5.00000e-02	1.04144e+00	1.00000e-01
-1.17272e+00	5.00000e-02	3.71002e-01	5.00000e-02	1.02126e+00	1.00000e-01
-1.84572e+00	5.00000e-02	4.23698e-01	5.00000e-02	1.08065e+00	1.00000e-01
-8.40309e-01	5.00000e-02	2.30774e-01	5.00000e-02	1.05898e+00	1.00000e-01
-7.25721e-01	5.00000e-02	9.44948e-02	5.00000e-02	9.34109e-01	1.00000e-01
-1.22974e+00	5.00000e-02	2.13630e-01	5.00000e-02	9.75068e-01	1.00000e-01
-9.52844e-01	5.00000e-02	2.24319e-01	5.00000e-02	1.00671e+00	1.00000e-01
-1.47198e+00	5.00000e-02	2.91082e-01	5.00000e-02	1.16333e+00	1.00000e-01
-1.03722e+00	5.00000e-02	3.06629e-01	5.00000e-02	1.07747e+00	1.00000e-01
-9.87936e-01	5.00000e-02	1.35629e-01	5.00000e-02	9.68688e-01	1.00000e-01
-2.00703e+00	5.00000e-02	4.35029e-01	5.00000e-02	9.87890e-01	1.00000e-01
-3.78623e-01	5.00000e-02	1.04686e-01	5.00000e-02	7.20308e-01	1.00000e-01
-1.09313e+00	5.00000e-02	3.27742e-01	5.00000e-02	9.69110e-01	1.00000e-01
-5.87930e-01	5.00000e-02	2.69001e-02	5.00000e-02	9.18260e-01	1.00000e-01
-1.09046e+00	5.00000e-02	2.42955e-01	5.00000e-02	1.14992e+00	1.00000e-01
-6.56096e-01	5.00000e-02	3.10717e-02	5.00000e-02	8.44811e-01	1.00000e-01
-1.45932e+00	5.00000e-02	3.47132e-01	5.00000e-02	9.84742e-01	1.00000e-01
-1.59572e+00	5.00000e-02	3.75132e-01	5.00000e-02	9.72471e-01	1.00000e-01
-6.36070e-01	5.00000e-02	7.99117e-02	5.00000e-02	8.83649e-01	1.00000e-01
-9.33919e-01	5.00000e-02	9.31960e-02	5.00000e-02	8.79787e-01	1.00000e-01
-1.22487e+00	5.00000e-02	2.58768e-01	5.00000e-02	1.11670e+00	1.00000e-01
-1.20108e+00	5.00000e-02	3.71596e-01	5.00000e-02	9.93877e-01	1.00000e-01
-5.87170e-01	5.00000e-02	9.11621e-02	5.00000e-02	8.52316e-01	1.00000e-01
-5.66310e-01	5.00000e-02	4.22781e-02	5.00000e-02	8.02651e-01	1.00000e-01
-1.89226e+00	5.00000e-02	4.89370e-01	5.00000e-02	1.03466e+00	1.00000e-01
-9.99002e-01	5.00000e-02	2.09896e-01	5.00000e-02	1.09326e+00	1.00000e-01
-8.32323e-01	5.00000e-02	1.53765e-01	5.00000e-02	1.04072e+00	1.00000e-01
-8.20918e-01	5.00000e-02	2.33386e-01	5.00000e-02	1.01862e+00	1.00000e-01
-8.57744e-01	5.00000e-02	2.09925e-01	5.00000e-02	7.99077e-01	1.00000e-01
-5.48105e-01	5.00000e-02	-1.73865e-02	5.00000e-02	8.47350e-01	1.00000e-01
-6.24341e-01	5.00000e-02	3.22634e-02	5.00000e-02	8.76010e-01	1.00000e-01
-1.63301e+00	5.00000e-02	3.23020e-01	5.00000e-02	9.69584e-01	1.00000e-01
-1.64695e+00	5.00000e-02	3.95211e-01	5.00000e-02	1.28170e+00	1.00000e-01
-1.13565e+00	5.00000e-02	2.27273e-01	5.00000e-02	1.23243e+00	1.00000e-01
-1.66132e+00	5.00000e-02	3.30844e-01	5.00000e-02	1.11949e+00	1.00000e-01
-6.70838e-01	5.00000e-02	1.48896e-01	5.00000e-02	8.12566e-01	1.00000e-01
-8.31056e-01	5.00000e-02	1.16840e-01	5.00000e-02	8.09108e-01	1.00000e-01
-4.60530e-01	5.00000e-02	4.22093e-02	5.00000e-02	7.15286e-01	1.00000e-01
-1.32475e+00	5.00000e-02	2.80295e-01	5.00000e-02	9.33705e-01	1.00000e-01
-1.54647e+00	5.00000e-02	3.84281e-01	5.00000e-02	9.07753e-01	1.00000e-01
-8.29796e-01	5.00000e-02	1.66735e-01	5.00000e-02	7.38317e-01	1.00000e-01
-1.12225e+00	5.00000e-02	2.64436e-01	5.00000e-02	9.46486e-01	1.00000e-01
-7.40357e-01	5.00000e-02	2.90041e-02	5.00000e-02	1.04558e+00	1.00000e-01
-9.27964e-01	5.00000e-02	1.98974e-01	5.00000e-02	9.16203e-01	1.00000e-01
-6.30967e-01	5.00000e-02	1.31348e-01	5.00000e-02	6.86045e-01	1.00000e-01
-7.80258e-01	5.00000e-02	5.52094e-02	5.00000e-02	9.59421e-01	1.00000e-01
-9.70470e-01	5.00000e-02	1.77745e-01	5.00000e-02	8.06315e-01	1.00000e-01
-6.56877e-01	5.00000e-02	1.56664e-01	5.00000e-02	7.60147e-01	1.00000e-01
-6.95826e-01	5.00000e-02	4.15214e-02	5.00000e-02	9.81701e-01	1.00000e-01
-1.39359e+00	5.00000e-02	3.90757e-01	5.00000e-02	1.04127e+00	1.00000e-01
-2.26317e+00	5.00000e-02	4.12377e-01	5.00000e-02	1.08511e+00	1.00000e-01
-7.28525e-01	5.00000e-02	1.68826e-01	5.00000e-02	1.02311e+00	1.00000e-01
-6.60175e-01	5.00000e-02	1.33318e-01	5.00000e-02	1.09431e+00	1.00000e-01
-1.18160e+00	5.00000e-02	2.64583e-01	5.00000e-02	1.00859e+00	1.00000e-01
-6.74025e-01	5.00000e-02	6.40495e-02	5.00000e-02	8.54898e-01	1.00000e-01
-1.58841e+00	5.00000e-02	2.94826e-01	5.00000e-02	1.13409e+00	1.00000e-01
-1.11949e+00	5.00000e-02	3.46843e-01	5.00000e-02	1.02939e+00	1.00000e-01
-1.12504e+00	5.00000e-02	1.71597e-01	5.00000e-02	9.61591e-01	1.00000e-01
-1.24114e+00	5.00000e-02	2.87337e-01	5.00000e-02	8.94937e-01	1.00000e-01
-7.29032e-01	5.00000e-02	-1.95649e-02	5.00000e-02	6.95098e-01	1.00000e-01
-9.39652e-01	5.00000e-02	1.57858e-01	5.00000e-02	9.39146e-01	1.00000e-01
-9.28534e-01	5.00000e-02	2.82547e-01	5.00000e-02	1.02406e+00	1.00000e-01
-9.53801e-01	5.00000e-02	1.50001e-01	5.00000e-02	1.09332e+00	1.00000e-01
-9.55801e-01	5.00000e-02	1.89001e-01	5.00000e-02	1.10380e+00	1.00000e-01
-6.78446e-01	5.00000e-02	1.05861e-01	5.00000e-02	8.74317e-01	1.00000e-01
-5.73934e-01	5.00000e-02	2.93381e-03	5.00000e-02	9.86582e-01	1.00000e-01
-7.44056e-01	5.00000e-02	1.13952e-01	5.00000e-02	7.40697e-01	1.00000e-01
-9.16712e-01	5.00000e-02	2.42793e-01	5.00000e-02	1.01384e+00	1.00000e-01
-5.71307e-01	5.00000e-02	1.15234e-01	5.00000e-02	6.96504e-01	1.00000e-01
-9.61667e-01	5.00000e-02	2.49790e-01	5.00000e-02	1.17235e+00	1.00000e-01
-1.20872e+00	5.00000e-02	2.60388e-01	5.00000e-02	1.23114e+00	1.00000e-01
-9.34462e-01	5.00000e-02	2.09644e-01	5.00000e-02	1.05119e+00	1.00000e-01
-1.01624e+00	5.00000e-02	2.00051e-01	5.00000e-02	1.07724e+00	1.00000e-01
-1.11059e+00	5.00000e-02	2.30501e-01	5.00000e-02	1.11340e+00	1.00000e-01
-5.24592e-01	5.00000e-02	-3.25608e-02	5.00000e-02	6.21253e-01	1.00000e-01
-1.21542e+00	5.00000e-02	3.04825e-01	5.00000e-02	9.12826e-01	1.00000e-01
-1.46674e+00	5.00000e-02	3.53978e-01	5.00000e-02	1.07709e+00	1.00000e-01
-1.44839e+00	5.00000e-02	2.82207e-01	5.00000e-02	1.14301e+00	1.00000e-01
-1.29468e+00	5.00000e-02	2.76766e-01	5.00000e-02	9.35107e-01	1.00000e-01
-7.19257e-01	5.00000e-02	1.42609e-01	5.00000e-02	8.42059e-01	1.00000e-01
-3.42087e-01	5.00000e-02	-1.17376e-02	5.00000e-02	6.33314e-01	1.00000e-01
-1.28594e+00	5.00000e-02	2.68856e-01	5.00000e-02	1.09018e+00	1.00000e-01
-1.50771e+00	5.00000e-02	2.26433e-01	5.00000e-02	1.23802e+00	1.00000e-01
-6.63871e-01	5.00000e-02	1.36548e-01	5.00000e-02	7.75563e-01	1.00000e-01
-1.76787e+00	5.00000e-02	3.45820e-01	5.00000e-02	1.07306e+00	1.00000e-01
-8.27461e-01	5.00000e-02	2.05415e-01	5.00000e-02	1.10166e+00	1.00000e-01
-1.35119e+00	5.00000e-02	3.73598e-01	5.00000e-02	9.76168e-01	1.00000e-01
-1.22992e+00	5.00000e-02	2.05605e-01	5.00000e-02	9.77249e-01	1.00000e-01
-1.71836e+00	5.00000e-02	4.51623e-01	5.00000e-02	1.16967e+00	1.00000e-01
-8.51415e-01	5.00000e-02	1.89328e-01	5.00000e-02	7.21816e-01	1.00000e-01
-8.61814e-01	5.00000e-02	1.37554e-01	5.00000e-02	8.37178e-01	1.00000e-01
-1.30690e+00	5.00000e-02	2.93027e-01	5.00000e-02	1.07052e+00	1.00000e-01
-7.93019e-01	5.00000e-02	1.99899e-01	5.00000e-02	9.20363e-01	1.00000e-01
-1.04612e+00	5.00000e-02	2.48134e-01	5.00000e-02	1.09565e+00	1.00000e-01
-1.12489e+00	5.00000e-02	2.74674e-01	5.00000e-02	1.04077e+00	1.00000e-01
-6.40178e-01	5.00000e-02	8.56467e-02	5.00000e-02	7.92685e-01	1.00000e-01
-1.06340e+00	5.00000e-02	2.02500e-01	5.00000e-02	9.77861e-01	1.00000e-01
-9.25702e-01	5.00000e-02	7.71503e-02	5.00000e-02	1.03958e+00	1.00000e-01
-1.46660e+00	5.00000e-02	2.96037e-01	5.00000e-02	1.16148e+00	1.00000e-01
-9.25979e-01	5.00000e-02	1.98934e-01	5.00000e-02	8.80747e-01	1.00000e-01
-1.03157e+00	5.00000e-02	2.19344e-01	5.00000e-02	8.43908e-01	1.00000e-01
-1.28827e+00	5.00000e-02	2.00273e-01	5.00000e-02	1.27437e+00	1.00000e-01
-1.12986e+00	5.00000e-02	2.62989e-01	5.00000e-02	9.45211e-01	1.00000e-01
-1.81932e+00	5.00000e-02	4.37051e-01	5.00000e-02	1.10740e+00	1.00000e-01
-1.36533e+00	5.00000e-02	3.20111e-01	5.00000e-02	9.55128e-01	1.00000e-01
-1.69874e+00	5.00000e-02	3.06411e-01	5.00000e-02	1.17106e+00	1.00000e-01
-1.42584e+00	5.00000e-02	3.18294e-01	5.00000e-02	9.24837e-01	1.00000e-01
-1.68170e+00	5.00000e-02	2.57930e-01	5.00000e-02	8.86635e-01	1.00000e-01
-5.64249e-01	5.00000e-02	4.29056e-02	5.00000e-02	8.64060e-01	1.00000e-01
-1.14916e+00	5.00000e-02	2.20968e-01	5.00000e-02	8.98948e-01	1.00000e-01
-4.85790e-01	5.00000e-02	-1.05911e-01	5.00000e-02	6.96407e-01	1.00000e-01
-9.92137e-01	5.00000e-02	1.69618e-01	5.00000e-02	8.69816e-01	1.00000e-01
-1.20365e+00	5.00000e-02	3.11983e-01	5.00000e-02	9.22665e-01	1.00000e-01
-1.15221e+00	5.00000e-02	3.22915e-01	5.00000e-02	8.95796e-01	1.00000e-01
-6.53020e-01	5.00000e-02	1.01765e-01	5.00000e-02	9.76609e-01	1.00000e-01
-8.23265e-01	5.00000e-02	1.57183e-01	5.00000e-02	9.61967e-01	1.00000e-01
-8.58148e-01	5.00000e-02	1.45271e-01	5.00000e-02	9.33424e-01	1.00000e-01
-1.73294e+00	5.00000e-02	2.94157e-01	5.00000e-02	1.07454e+00	1.00000e-01
-1.02587e+00	5.00000e-02	2.43638e-01	5.00000e-02	9.95936e-01	1.00000e-01
-1.22560e+00	5.00000e-02	2.23051e-01	5.00000e-02	1.16126e+00	1.00000e-01
-4.56641e-01	5.00000e-02	8.44473e-02	5.00000e-02	7.43531e-01	1.00000e-01
-4.79083e-01	5.00000e-02	-5.64989e-02	5.00000e-02	1.02513e+00	1.00000e-01
-1.47751e+00	5.00000e-02	3.28158e-01	5.00000e-02	1.11768e+00	1.00000e-01
-8.70014e-01	5.00000e-02	1.56193e-01	5.00000e-02	1.06819e+00	1.00000e-01
-6.16749e-01	5.00000e-02	4.32512e-02	5.00000e-02	1.11316e+00	1.00000e-01
-9.61327e-01	5.00000e-02	2.02513e-01	5.00000e-02	1.08485e+00	1.00000e-01
-1.48869e+00	5.00000e-02	2.84121e-01	5.00000e-02	1.02121e+00	1.00000e-01
-6.29621e-01	5.00000e-02	9.77882e-02	5.00000e-02	9.74204e-01	1.00000e-01
-1.15697e+00	5.00000e-02	2.09915e-01	5.00000e-02	1.06281e+00	1.00000e-01
-1.69186e+00	5.00000e-02	3.18106e-01	5.00000e-02	1.13639e+00	1.00000e-01
-9.24639e-01	5.00000e-02	1.02944e-01	5.00000e-02	1.10109e+00	1.00000e-01
-1.46630e+00	5.00000e-02	3.74394e-01	5.00000e-02	1.09155e+00	1.00000e-01
-1.01341e+00	5.00000e-02	1.55035e-01	5.00000e-02	1.12863e+00	1.00000e-01
-8.38504e-01	5.00000e-02	1.15756e-01	5.00000e-02	9.52991e-01	1.00000e-01
-9.80852e-01	5.00000e-02	2.13632e-01	5.00000e-02	9.83981e-01	1.00000e-01
-8.21338e-01	5.00000e-02	1.74018e-01	5.00000e-02	nan	nan
-8.37472e-01	5.00000e-02	2.52738e-01	5.00000e-02	nan	nan
-1.17981e+00	5.00000e-02	2.68045e-01	5.00000e-02	nan	nan
-1.85887e+00	5.00000e-02	4.05504e-01	5.00000e-02	nan	nan
-1.74203e+00	5.00000e-02	3.96722e-01	5.00000e-02	nan	nan
-1.32732e+00	5.00000e-02	4.42807e-01	5.00000e-02	nan	nan
-1.06200e+00	5.00000e-02	1.48343e-01	5.00000e-02	nan	nan
-1.30309e+00	5.00000e-02	3.06771e-01	5.00000e-02	nan	nan
-1.15392e+00	5.00000e-02	1.12785e-01	5.00000e-02	nan	nan
-1.42177e+00	5.00000e-02	3.20476e-01	5.00000e-02	nan	nan
-1.49888e+00	5.00000e-02	3.12738e-01	5.00000e-02	nan	nan
-1.30136e+00	5.00000e-02	2.87528e-01	5.00000e-02	nan	nan
-2.22588e+00	5.00000e-02	3.46825e-01	5.00000e-02	nan	nan
-1.00467e+00	5.00000e-02	2.00852e-01	5.00000e-02	nan	nan
-8.36593e-01	5.00000e-02	1.93103e-01	5.00000e-02	nan	nan
-1.00899e+00	5.00000e-02	2.05018e-01	5.00000e-02	nan	nan
-6.12140e-01	5.00000e-02	7.71994e-02	5.00000e-02	nan	nan
-7.19353e-01	5.00000e-02	1.02917e-01	5.00000e-02	nan	nan
-1.01870e+00	5.00000e-02	1.22914e-01	5.00000e-02	nan	nan
-9.36458e-01	5.00000e-02	1.91271e-01	5.00000e-02	nan	nan
-1.49446e+00	5.00000e-02	2.39695e-01	5.00000e-02	nan	nan
-1.53527e+00	5.00000e-02	3.03236e-01	5.00000e-02	nan	nan
-1.46413e+00	5.00000e-02	2.83899e-01	5.00000e-02	nan	nan
-1.29369e+00	5.00000e-02	1.87394e-01	5.00000e-02	nan	nan
-8.00479e-01	5.00000e-02	1.22279e-01	5.00000e-02	nan	nan
-3.85710e-01	5.00000e-02	2.32197e-03	5.00000e-02	nan	nan
-7.57614e-01	5.00000e-02	1.83048e-01	5.00000e-02	nan	nan
-4.92339e-01	5.00000e-02	1.10358e-02	5.00000e-02	nan	nan
-1.09565e+00	5.00000e-02	2.94147e-01	5.00000e-02	nan	nan
-5.13717e-01	5.00000e-02	-2.06768e-02	5.00000e-02	nan	nan
-1.07587e+00	5.00000e-02	2.83486e-01	5.00000e-02	nan	nan
-1.50061e+00	5.00000e-02	3.65851e-01	5.00000e-02	nan	nan
-1.20830e+00	5.00000e-02	1.55063e-01	5.00000e-02	nan	nan
-8.25591e-01	5.00000e-02	9.91359e-02	5.00000e-02	nan	nan
-7.32217e-01	5.00000e-02	6.08847e-02	5.00000e-02	nan	nan
-1.28094e+00	5.00000e-02	2.87453e-01	5.00000e-02	nan	nan
-1.01516e+00	5.00000e-02	2.85684e-01	5.00000e-02	nan	nan
-1.43640e+00	5.00000e-02	2.17643e-01	5.00000e-02	nan	nan
-1.64675e+00	5.00000e-02	3.16423e-01	5.00000e-02	nan	nan
-3.90617e-01	5.00000e-02	-1.46026e-01	5.00000e-02	nan	nan
-1.48230e+00	5.00000e-02	2.71580e-01	5.00000e-02	nan	nan
-1.04945e+00	5.00000e-02	2.16096e-01	5.00000e-02	nan	nan
-2.24242e+00	5.00000e-02	4.60806e-01	5.00000e-02	nan	nan
-8.16235e-01	5.00000e-02	1.36780e-01	5.00000e-02	nan	nan
-1.16971e+00	5.00000e-02	2.11526e-01	5.00000e-02	nan	nan
-1.46032e+00	5.00000e-02	2.79219e-01	5.00000e-02	nan	nan
-1.23075e+00	5.00000e-02	2.58224e-01	5.00000e-02	nan	nan
-1.53496e+00	5.00000e-02	3.67520e-01	5.00000e-02	nan	nan
-1.32715e+00	5.00000e-02	2.89752e-01	5.00000e-02	nan	nan
-5.18546e-01	5.00000e-02	-5.68910e-02	5.00000e-02	nan	nan
-5.14637e-01	5.00000e-02	4.96657e-02	5.00000e-02	nan	nan
-2.92964e-01	5.00000e-02	7.35973e-02	5.00000e-02	nan	nan
-1.68371e+00	5.00000e-02	3.80885e-01	5.00000e-02	nan	nan
-7.29245e-01	5.00000e-02	1.72161e-01	5.00000e-02	nan	nan
-8.59618e-01	5.00000e-02	1.81664e-01	5.00000e-02	nan	nan
-9.13434e-01	5.00000e-02	1.22132e-01	5.00000e-02	nan	nan
-9.29465e-01	5.00000e-02	1.17516e-01	5.00000e-02	nan	nan
-8.20980e-01	5.00000e-02	2.01151e-01	5.00000e-02	nan	nan
-1.07705e+00	5.00000e-02	1.44017e-01	5.00000e-02	nan	nan
-8.14384e-01	5.00000e-02	2.92947e-01	5.00000e-02	nan	nan
-8.35661e-01	5.00000e-02	8.65579e-02	5.00000e-02	nan	nan
-4.30995e-01	5.00000e-02	-5.55596e-02	5.00000e-02	nan	nan
-1.62169e+00	5.00000e-02	2.66687e-01	5.00000e-02	nan	nan
-6.51603e-01	5.00000e-02	6.75884e-02	5.00000e-02	nan	nan
-1.27384e+00	5.00000e-02	3.27639e-01	5.00000e-02	nan	nan
-1.21884e+00	5.00000e-02	1.92494e-01	5.00000e-02	nan	nan
-7.20369e-01	5.00000e-02	-8.84238e-03	5.00000e-02	nan	nan
-1.15680e+00	5.00000e-02	1.74706e-01	5.00000e-02	nan	nan
-3.17368e-01	5.00000e-02	-1.33219e-01	5.00000e-02	nan	nan
-9.28714e-01	5.00000e-02	8.03526e-02	5.00000e-02	nan	nan
-6.29672e-01	5.00000e-02	1.53218e-01	5.00000e-02	nan	nan
-8.82096e-01	5.00000e-02	1.42518e-01	5.00000e-02	nan	nan
-9.64773e-01	5.00000e-02	2.10338e-01	5.00000e-02	nan	nan
-1.49906e+00	5.00000e-02	2.73791e-01	5.00000e-02	nan	nan
-1.32461e+00	5.00000e-02	3.25052e-01	5.00000e-02	nan	nan
-1.13144e+00	5.00000e-02	2.59324e-01	5.00000e-02	nan	nan
-1.38089e+00	5.00000e-02	2.04433e-01	5.00000e-02	nan	nan
-1.12285e+00	5.00000e-02	2.53157e-01	5.00000e-02	nan	nan
-1.73456e+00	5.00000e-02	3.87661e-01	5.00000e-02	nan	nan
-1.01524e+00	5.00000e-02	2.36784e-01	5.00000e-02	nan	nan
-6.27257e-01	5.00000e-02	6.51263e-02	5.00000e-02	nan	nan
-1.16244e+00	5.00000e-02	2.76582e-01	5.00000e-02	nan	nan
-1.04997e+00	5.00000e-02	1.86804e-01	5.00000e-02	nan	nan
-1.09679e+00	5.00000e-02	2.27750e-01	5.00000e-02	nan	nan
-8.39193e-01	5.00000e-02	8.85894e-02	5.00000e-02	nan	nan
-1.48814e+00	5.00000e-02	3.49403e-01	5.00000e-02	nan	nan
-1.15363e+00	5.00000e-02	2.37826e-01	5.00000e-02	nan	nan
-1.20689e+00	5.00000e-02	3.41382e-01	5.00000e-02	nan	nan
-2.28306e+00	5.00000e-02	5.19754e-01	5.00000e-02	nan	nan
-1.96732e+00	5.00000e-02	4.51864e-01	5.00000e-02	nan	nan
-1.21338e+00	5.00000e-02	2.57310e-01	5.00000e-02	nan	nan
-1.05363e+00	5.00000e-02	2.79163e-01	5.00000e-02	nan	nan
-1.98502e+00	5.00000e-02	4.26723e-01	5.00000e-02	nan	nan
-1.11503e+00	5.00000e-02	1.95217e-01	5.00000e-02	nan	nan
-2.03988e+00	5.00000e-02	3.53430e-01	5.00000e-02	nan	nan
-1.05246e+00	5.00000e-02	1.63748e-01	5.00000e-02	nan	nan
-9.98497e-01	5.00000e-02	2.48478e-01	5.00000e-02	nan	nan
-1.15989e+00	5.00000e-02	3.30027e-01	5.00000e-02	nan	nan
-5.19498e-01	5.00000e-02	1.14160e-01	5.00000e-02	nan	nan
-4.60459e-01	5.00000e-02	1.16303e-01	5.00000e-02	nan	nan
