# [Fe/H]	[Fe/H]_err	[O/Fe]	[O/Fe]_err	Log(age/Gyr)	Log(age/Gyr)_err
-8.48003e-01	5.00000e-02	1.94609e-01	5.00000e-02	1.07780e+00	1.00000e-01
-1.08625e+00	5.00000e-02	2.14027e-01	5.00000e-02	1.09854e+00	1.00000e-01
-9.47288e-01	5.00000e-02	1.89422e-01	5.00000e-02	1.08295e+00	1.00000e-01
-1.42437e+00	5.00000e-02	2.72276e-01	5.00000e-02	1.14472e+00	1.00000e-01
-9.81680e-01	5.00000e-02	1.03253e-01	5.00000e-02	1.16418e+00	1.00000e-01
-1.17395e+00	5.00000e-02	2.56843e-01	5.00000e-02	1.06820e+00	1.00000e-01
-9.12834e-01	5.00000e-02	1.65447e-01	5.00000e-02	1.02747e+00	1.00000e-01
-1.34640e+00	5.00000e-02	3.76479e-01	5.00000e-02	1.04905e+00	1.00000e-01
-1.21770e+00	5.00000e-02	2.58362e-01	5.00000e-02	1.10313e+00	1.00000e-01
-1.27127e+00	5.00000e-02	3.03014e-01	5.00000e-02	1.15995e+00	1.00000e-01
-1.01374e+00	5.00000e-02	2.29394e-01	5.00000e-02	8.58890e-01	1.00000e-01
-4.48397e-01	5.00000e-02	-3.12811e-02	5.00000e-02	8.47328e-01	1.00000e-01
-6.41179e-01	5.00000e-02	8.68443e-02	5.00000e-02	8.28571e-01	1.00000e-01
-7.29348e-01	5.00000e-02	2.18748e-02	5.00000e-02	9.48543e-01	1.00000e-01
-1.22678e+00	5.00000e-02	2.89406e-01	5.00000e-02	9.50770e-01	1.00000e-01
-8.22051e-01	5.00000e-02	1.73715e-01	5.00000e-02	1.00847e+00	1.00000e-01
-8.74604e-01	5.00000e-02	1.68454e-01	5.00000e-02	9.83452e-01	1.00000e-01
-1.51595e+00	5.00000e-02	3.11979e-01	5.00000e-02	1.12923e+00	1.00000e-01
-1.54514e+00	5.00000e-02	4.04357e-01	5.00000e-02	1.16718e+00	1.00000e-01
-9.57027e-01	5.00000e-02	1.54074e-01	5.00000e-02	6.66787e-01	1.00000e-01
-3.44235e-01	5.00000e-02	-9.29375e-02	5.00000e-02	6.60688e-01	1.00000e-01
-1.09816e+00	5.00000e-02	2.10389e-01	5.00000e-02	1.00226e+00	1.00000e-01
-1.89698e+00	5.00000e-02	4.93072e-01	5.00000e-02	1.01858e+00	1.00000e-01
-7.07590e-01	5.00000e-02	9.55248e-02	5.00000e-02	9.93191e-01	1.00000e-01
-2.24728e+00	5.00000e-02	4.60613e-01	5.00000e-02	1.00474e+00	1.00000e-01
-1.86831e+00	5.00000e-02	3.98091e-01	5.00000e-02	1.21606e+00	1.00000e-01
-9.23596e-01	5.00000e-02	2.27385e-01	5.00000e-02	8.77947e-01	1.00000e-01
-6.89601e-01	5.00000e-02	9.45421e-02	5.00000e-02	9.97954e-01	1.00000e-01
-9.45773e-01	5.00000e-02	1.40130e-01	5.00000e-02	1.00395e+00	1.00000e-01
-6.33364e-01	5.00000e-02	-1.14260e-02	5.00000e-02	8.37821e-01	1.00000e-01
-1.42150e+00	5.00000e-02	3.25676e-01	5.00000e-02	9.94348e-01	1.00000e-01
-1.01900e+00	5.00000e-02	2.65130e-01	5.00000e-02	1.14995e+00	1.00000e-01
-1.50651e+00	5.00000e-02	3.37706e-01	5.00000e-02	1.14293e+00	1.00000e-01
-1.13152e+00	5.00000e-02	2.11546e-01	5.00000e-02	1.03892e+00	1.00000e-01
-1.04809e+00	5.00000e-02	1.58200e-01	5.00000e-02	1.03593e+00	1.00000e-01
-1.89595e+00	5.00000e-02	4.77902e-01	5.00000e-02	1.23275e+00	1.00000e-01
-2.11608e+00	5.00000e-02	4.87165e-01	5.00000e-02	1.22796e+00	1.00000e-01
-8.72909e-01	5.00000e-02	2.44244e-01	5.00000e-02	9.93875e-01	1.00000e-01
-1.00779e+00	5.00000e-02	2.56067e-01	5.00000e-02	8.46468e-01	1.00000e-01
-7.10595e-01	5.00000e-02	9.42978e-02	5.00000e-02	9.41161e-01	1.00000e-01
-8.11150e-01	5.00000e-02	9.44125e-02	5.00000e-02	1.03735e+00	1.00000e-01
-1.67122e+00	5.00000e-02	4.53701e-01	5.00000e-02	8.99131e-01	1.00000e-01
-2.04855e+00	5.00000e-02	3.52168e-01	5.00000e-02	1.05806e+00	1.00000e-01
-8.49524e-01	5.00000e-02	2.31019e-01	5.00000e-02	9.93515e-01	1.00000e-01
-7.44396e-01	5.00000e-02	1.48660e-01	5.00000e-02	8.22978e-01	1.00000e-01
-1.77313e+00	5.00000e-02	4.73936e-01	5.00000e-02	1.01545e+00	1.00000e-01
-1.84920e+00	5.00000e-02	4.17977e-01	5.00000e-02	1.09097e+00	1.00000e-01
-7.86757e-01	5.00000e-02	1.57807e-01	5.00000e-02	1.03134e+00	1.00000e-01
-1.13529e+00	5.00000e-02	1.73751e-01	5.00000e-02	1.10701e+00	1.00000e-01
-1.29983e+00	5.00000e-02	3.00097e-01	5.00000e-02	1.05423e+00	1.00000e-01
-1.40162e+00	5.00000e-02	2.39565e-01	5.00000e-02	9.61773e-01	1.00000e-01
-1.16434e+00	5.00000e-02	2.38525e-01	5.00000e-02	9.56477e-01	1.00000e-01
-1.40935e+00	5.00000e-02	3.74565e-01	5.00000e-02	1.09619e+00	1.00000e-01
-1.65681e+00	5.00000e-02	3.72243e-01	5.00000e-02	1.12205e+00	1.00000e-01
-9.39433e-01	5.00000e-02	1.64538e-01	5.00000e-02	1.01567e+00	1.00000e-01
-1.56575e+00	5.00000e-02	3.53545e-01	5.00000e-02	8.63220e-01	1.00000e-01
-7.59153e-01	5.00000e-02	1.06077e-01	5.00000e-02	8.38387e-01	1.00000e-01
-1.46461e+00	5.00000e-02	3.25727e-01	5.00000e-02	1.10737e+00	1.00000e-01
-8.61778e-01	5.00000e-02	2.41981e-01	5.00000e-02	1.09055e+00	1.00000e-01
-1.38972e+00	5.00000e-02	2.89977e-01	5.00000e-02	1.11453e+00	1.00000e-01
-3.00164e-01	5.00000e-02	-9.68119e-02	5.00000e-02	4.72074e-01	1.00000e-01
-5.05594e-01	5.00000e-02	-5.72872e-02	5.00000e-02	7.68006e-01	1.00000e-01
-1.23810e+00	5.00000e-02	2.33385e-01	5.00000e-02	1.01945e+00	1.00000e-01
-1.59581e+00	5.00000e-02	3.31236e-01	5.00000e-02	1.25568e+00	1.00000e-01
-1.84768e+00	5.00000e-02	3.03384e-01	5.00000e-02	9.91023e-01	1.00000e-01
-8.17504e-01	5.00000e-02	1.61048e-01	5.00000e-02	9.26950e-01	1.00000e-01
-3.24447e-01	5.00000e-02	-3.45881e-02	5.00000e-02	4.54202e-01	1.00000e-01
-8.67149e-01	5.00000e-02	2.28757e-01	5.00000e-02	1.04225e+00	1.00000e-01
-1.57557e+00	5.00000e-02	3.45117e-01	5.00000e-02	9.81561e-01	1.00000e-01
-1.07501e+00	5.00000e-02	2.48531e-01	5.00000e-02	1.05920e+00	1.00000e-01
-6.41600e-01	5.00000e-02	8.55381e-02	5.00000e-02	7.17235e-01	1.00000e-01
-1.02578e+00	5.00000e-02	1.78804e-01	5.00000e-02	9.59380e-01	1.00000e-01
-1.16237e+00	5.00000e-02	2.41535e-01	5.00000e-02	1.06302e+00	1.00000e-01
-9.00134e-01	5.00000e-02	2.81738e-01	5.00000e-02	8.80604e-01	1.00000e-01
-1.28675e+00	5.00000e-02	2.22875e-01	5.00000e-02	1.03650e+00	1.00000e-01
-1.06595e+00	5.00000e-02	2.17567e-01	5.00000e-02	9.61257e-01	1.00000e-01
-1.11793e+00	5.00000e-02	2.07387e-01	5.00000e-02	1.05666e+00	1.00000e-01
-1.10673e+00	5.00000e-02	2.00195e-01	5.00000e-02	1.07460e+00	1.00000e-01
-1.07349e+00	5.00000e-02	1.10796e-01	5.00000e-02	9.38506e-01	1.00000e-01
-1.31209e+00	5.00000e-02	3.24216e-01	5.00000e-02	1.03817e+00	1.00000e-01
-1.57882e+00	5.00000e-02	2.78277e-01	5.00000e-02	1.22718e+00	1.00000e-01
-2.56413e+00	5.00000e-02	4.16305e-01	5.00000e-02	1.15586e+00	1.00000e-01
-7.09479e-01	5.00000e-02	1.76565e-01	5.00000e-02	8.35317e-01	1.00000e-01
-4.69190e-01	5.00000e-02	-3.38310e-02	5.00000e-02	7.81374e-01	1.00000e-01
-1.09978e+00	5.00000e-02	1.93105e-01	5.00000e-02	9.29306e-01	1.00000e-01
-1.40691e+00	5.00000e-02	2.68712e-01	5.00000e-02	1.10079e+00	1.00000e-01
-8.94336e-01	5.00000e-02	2.40460e-01	5.00000e-02	9.74034e-01	1.00000e-01
-6.68957e-01	5.00000e-02	1.33010e-01	5.00000e-02	9.68618e-01	1.00000e-01
-1.15506e+00	5.00000e-02	2.38938e-01	5.00000e-02	1.29200e+00	1.00000e-01
-1.69257e+00	5.00000e-02	4.17761e-01	5.00000e-02	1.28625e+00	1.00000e-01
-4.87759e-01	5.00000e-02	2.46647e-02	5.00000e-02	6.86551e-01	1.00000e-01
-1.72232e+00	5.00000e-02	3.87433e-01	5.00000e-02	1.20486e+00	1.00000e-01
-5.94190e-01	5.00000e-02	7.01550e-02	5.00000e-02	8.72498e-01	1.00000e-01
-1.08290e+00	5.00000e-02	2.57489e-01	5.00000e-02	8.95764e-01	1.00000e-01
-1.00037e+00	5.00000e-02	1.72105e-01	5.00000e-02	9.54725e-01	1.00000e-01
-1.05412e+00	5.00000e-02	3.06582e-01	5.00000e-02	9.88369e-01	1.00000e-01
-1.54153e+00	5.00000e-02	4.23412e-01	5.00000e-02	1.05107e+00	1.00000e-01
-1.22801e+00	5.00000e-02	1.41593e-01	5.00000e-02	1.19222e+00	1.00000e-01
-1.64004e+00	5.00000e-02	2.78192e-01	5.00000e-02	1.20530e+00	1.00000e-01
-8.42262e-01	5.00000e-02	2.33247e-01	5.00000e-02	8.33398e-01	1.00000e-01
-1.37028e+00	5.00000e-02	3.56505e-01	5.00000e-02	1.18494e+00	1.00000e-01
-1.33910e+00	5.00000e-02	3.37648e-01	5.00000e-02	8.71155e-01	1.00000e-01
-7.42328e-01	5.00000e-02	6.72779e-02	5.00000e-02	9.44082e-01	1.00000e-01
-1.87298e+00	5.00000e-02	3.67619e-01	5.00000e-02	1.01667e+00	1.00000e-01
-9.80413e-01	5.00000e-02	2.07675e-01	5.00000e-02	7.98829e-01	1.00000e-01
-1.20324e+00	5.00000e-02	2.16027e-01	5.00000e-02	1.30590e+00	1.00000e-01
-1.21953e+00	5.00000e-02	3.01014e-01	5.00000e-02	9.75310e-01	1.00000e-01
-8.46894e-01	5.00000e-02	1.27433e-01	5.00000e-02	1.01547e+00	1.00000e-01
-1.27180e+00	5.00000e-02	2.47042e-01	5.00000e-02	1.15590e+00	1.00000e-01
-8.20135e-01	5.00000e-02	1.42439e-01	5.00000e-02	9.40335e-01	1.00000e-01
-7.49031e-01	5.00000e-02	9.53105e-02	5.00000e-02	1.02821e+00	1.00000e-01
-1.19183e+00	5.00000e-02	1.69086e-01	5.00000e-02	1.03525e+00	1.00000e-01
-1.23585e+00	5.00000e-02	2.51857e-01	5.00000e-02	1.14077e+00	1.00000e-01
-1.51954e+00	5.00000e-02	3.25954e-01	5.00000e-02	1.21267e+00	1.00000e-01
-1.19613e+00	5.00000e-02	2.67683e-01	5.00000e-02	9.77211e-01	1.00000e-01
-1.02094e+00	5.00000e-02	2.66745e-01	5.00000e-02	9.15470e-01	1.00000e-01
-1.00379e+00	5.00000e-02	2.06335e-01	5.00000e-02	1.04526e+00	1.00000e-01
-1.71368e+00	5.00000e-02	3.85200e-01	5.00000e-02	1.12084e+00	1.00000e-01
-7.79214e-01	5.00000e-02	1.95671e-01	5.00000e-02	9.12475e-01	1.00000e-01
-1.26894e+00	5.00000e-02	1.90289e-01	5.00000e-02	1.11437e+00	1.00000e-01
-1.20927e+00	5.00000e-02	1.78375e-01	5.00000e-02	1.14866e+00	1.00000e-01
-8.89300e-01	5.00000e-02	1.53419e-01	5.00000e-02	9.70699e-01	1.00000e-01
-1.08914e+00	5.00000e-02	2.33580e-01	5.00000e-02	1.10942e+00	1.00000e-01
-1.84692e+00	5.00000e-02	4.36094e-01	5.00000e-02	1.11908e+00	1.00000e-01
-1.04608e+00	5.00000e-02	2.20109e-01	5.00000e-02	9.31893e-01	1.00000e-01
-1.14947e+00	5.00000e-02	2.46515e-01	5.00000e-02	1.16006e+00	1.00000e-01
-7.13379e-01	5.00000e-02	6.42043e-02	5.00000e-02	8.66739e-01	1.00000e-01
-1.36837e+00	5.00000e-02	2.65413e-01	5.00000e-02	1.18549e+00	1.00000e-01
-7.78059e-01	5.00000e-02	1.41390e-01	5.00000e-02	8.71388e-01	1.00000e-01
-7.39544e-01	5.00000e-02	1.54569e-01	5.00000e-02	1.03532e+00	1.00000e-01
-6.60548e-01	5.00000e-02	1.13552e-01	5.00000e-02	6.49269e-01	1.00000e-01
-9.37005e-01	5.00000e-02	2.55040e-01	5.00000e-02	9.49039e-01	1.00000e-01
-1.77787e+00	5.00000e-02	3.30745e-01	5.00000e-02	1.20845e+00	1.00000e-01
-5.68460e-01	5.00000e-02	1.28177e-01	5.00000e-02	9.19381e-01	1.00000e-01
-9.35727e-01	5.00000e-02	2.05809e-01	5.00000e-02	1.03009e+00	1.00000e-01
-1.06894e+00	5.00000e-02	2.25182e-01	5.00000e-02	1.09127e+00	1.00000e-01
-9.72708e-01	5.00000e-02	1.63950e-01	5.00000e-02	1.01581e+00	1.00000e-01
-1.02794e+00	5.00000e-02	2.13150e-01	5.00000e-02	1.17597e+00	1.00000e-01
-6.18101e-01	5.00000e-02	8.67828e-02	5.00000e-02	8.61683e-01	1.00000e-01
-2.36768e+00	5.00000e-02	5.41188e-01	5.00000e-02	1.14656e+00	1.00000e-01
-1.59296e+00	5.00000e-02	4.83518e-01	5.00000e-02	9.16518e-01	1.00000e-01
-1.34334e+00	5.00000e-02	2.45072e-01	5.00000e-02	1.13610e+00	1.00000e-01
-1.03750e+00	5.00000e-02	2.32540e-01	5.00000e-02	1.15218e+00	1.00000e-01
-8.51079e-01	5.00000e-02	1.61013e-01	5.00000e-02	9.23004e-01	1.00000e-01
-1.03466e+00	5.00000e-02	1.61234e-01	5.00000e-02	1.00037e+00	1.00000e-01
-9.52237e-01	5.00000e-02	2.18366e-01	5.00000e-02	8.89339e-01	1.00000e-01
-6.27521e-01	5.00000e-02	1.04236e-01	5.00000e-02	8.49520e-01	1.00000e-01
-1.86498e+00	5.00000e-02	4.43100e-01	5.00000e-02	1.11737e+00	1.00000e-01
-8.17852e-01	5.00000e-02	8.71749e-02	5.00000e-02	1.00172e+00	1.00000e-01
-1.46509e+00	5.00000e-02	2.64243e-01	5.00000e-02	1.12845e+00	1.00000e-01
-9.65330e-01	5.00000e-02	1.40602e-01	5.00000e-02	8.20587e-01	1.00000e-01
-5.81724e-01	5.00000e-02	-3.91652e-02	5.00000e-02	8.97745e-01	1.00000e-01
-1.24505e+00	5.00000e-02	2.68372e-01	5.00000e-02	1.01761e+00	1.00000e-01
-1.54660e+00	5.00000e-02	2.82158e-01	5.00000e-02	9.25089e-01	1.00000e-01
-9.30654e-01	5.00000e-02	2.41589e-01	5.00000e-02	9.77290e-01	1.00000e-01
-1.75526e+00	5.00000e-02	4.56761e-01	5.00000e-02	1.08737e+00	1.00000e-01
-9.27163e-01	5.00000e-02	2.24126e-01	5.00000e-02	7.56156e-01	1.00000e-01
-6.72092e-01	5.00000e-02	1.22316e-01	5.00000e-02	1.15741e+00	1.00000e-01
-9.58340e-01	5.00000e-02	2.12880e-01	5.00000e-02	1.13642e+00	1.00000e-01
-8.93774e-01	5.00000e-02	1.80609e-01	5.00000e-02	8.40733e-01	1.00000e-01
-6.60700e-01	5.00000e-02	1.53086e-01	5.00000e-02	9.41331e-01	1.00000e-01
-1.27137e+00	5.00000e-02	1.85316e-01	5.00000e-02	9.43726e-01	1.00000e-01
-8.60719e-01	5.00000e-02	1.38205e-01	5.00000e-02	7.15001e-01	1.00000e-01
-1.36069e+00	5.00000e-02	3.47555e-01	5.00000e-02	1.13091e+00	1.00000e-01
-9.59496e-01	5.00000e-02	1.78850e-01	5.00000e-02	8.89886e-01	1.00000e-01
-6.88409e-01	5.00000e-02	1.70919e-01	5.00000e-02	9.88669e-01	1.00000e-01
-1.43713e+00	5.00000e-02	3.35097e-01	5.00000e-02	1.06083e+00	1.00000e-01
-1.03541e+00	5.00000e-02	2.15045e-01	5.00000e-02	9.94022e-01	1.00000e-01
-1.22730e+00	5.00000e-02	1.38498e-01	5.00000e-02	1.08329e+00	1.00000e-01
-8.68673e-01	5.00000e-02	7.57538e-02	5.00000e-02	1.05095e+00	1.00000e-01
-1.63151e+00	5.00000e-02	2.10976e-01	5.00000e-02	9.76121e-01	1.00000e-01
-1.30436e+00	5.00000e-02	2.24126e-01	5.00000e-02	1.03162e+00	1.00000e-01
-1.61428e+00	5.00000e-02	2.88426e-01	5.00000e-02	1.00053e+00	1.00000e-01
-1.85045e+00	5.00000e-02	3.66448e-01	5.00000e-02	1.04458e+00	1.00000e-01
-1.68185e+00	5.00000e-02	3.69314e-01	5.00000e-02	1.15347e+00	1.00000e-01
-1.72661e+00	5.00000e-02	4.20895e-01	5.00000e-02	1.01749e+00	1.00000e-01
-1.67923e+00	5.00000e-02	4.31973e-01	5.00000e-02	1.12384e+00	1.00000e-01
-9.34677e-01	5.00000e-02	1.94925e-01	5.00000e-02	1.11976e+00	1.00000e-01
-7.76189e-01	5.00000e-02	1.59206e-01	5.00000e-02	8.91903e-01	1.00000e-01
-1.40747e+00	5.00000e-02	2.36562e-01	5.00000e-02	1.12427e+00	1.00000e-01
-1.13661e+00	5.00000e-02	2.24646e-01	5.00000e-02	1.05620e+00	1.00000e-01
-1.58336e+00	5.00000e-02	3.50746e-01	5.00000e-02	1.08271e+00	1.00000e-01
-1.34844e+00	5.00000e-02	2.90677e-01	5.00000e-02	1.01323e+00	1.00000e-01
-2.15922e+00	5.00000e-02	4.10841e-01	5.00000e-02	1.28298e+00	1.00000e-01
-1.45797e+00	5.00000e-02	2.66425e-01	5.00000e-02	9.77997e-01	1.00000e-01
-9.70627e-01	5.00000e-02	2.10600e-01	5.00000e-02	9.77660e-01	1.00000e-01
-1.49489e+00	5.00000e-02	3.57857e-01	5.00000e-02	1.18678e+00	1.00000e-01
-1.16761e+00	5.00000e-02	2.63715e-01	5.00000e-02	9.75753e-01	1.00000e-01
-4.02935e-01	5.00000e-02	5.79570e-02	5.00000e-02	5.77711e-01	1.00000e-01
-1.62992e+00	5.00000e-02	3.93803e-01	5.00000e-02	1.17665e+00	1.00000e-01
-9.52035e-01	5.00000e-02	7.17631e-02	5.00000e-02	9.38606e-01	1.00000e-01
-1.12087e+00	5.00000e-02	2.48370e-01	5.00000e-02	1.12056e+00	1.00000e-01
-1.57599e+00	5.00000e-02	2.23060e-01	5.00000e-02	1.25036e+00	1.00000e-01
-6.68932e-01	5.00000e-02	2.76877e-01	5.00000e-02	9.18898e-01	1.00000e-01
-6.27396e-01	5.00000e-02	1.04743e-01	5.00000e-02	8.81154e-01	1.00000e-01
-6.43429e-01	5.00000e-02	7.54132e-02	5.00000e-02	1.03840e+00	1.00000e-01
-1.07150e+00	5.00000e-02	2.25707e-01	5.00000e-02	9.18098e-01	1.00000e-01
-1.10043e+00	5.00000e-02	1.79303e-01	5.00000e-02	9.09656e-01	1.00000e-01
-1.30205e+00	5.00000e-02	2.98248e-01	5.00000e-02	1.10887e+00	1.00000e-01
-5.54268e-01	5.00000e-02	6.27339e-02	5.00000e-02	5.61332e-01	1.00000e-01
-1.77188e+00	5.00000e-02	3.38238e-01	5.00000e-02	1.00625e+00	1.00000e-01
-7.49143e-01	5.00000e-02	1.77835e-01	5.00000e-02	8.43119e-01	1.00000e-01
-1.49194e+00	5.00000e-02	3.66682e-01	5.00000e-02	9.81777e-01	1.00000e-01
-1.60181e+00	5.00000e-02	3.37006e-01	5.00000e-02	1.06646e+00	1.00000e-01
-1.48440e+00	5.00000e-02	3.96025e-01	5.00000e-02	1.29520e+00	1.00000e-01
-5.16214e-01	5.00000e-02	3.29588e-02	5.00000e-02	8.55162e-01	1.00000e-01
-1.30008e+00	5.00000e-02	1.78298e-01	5.00000e-02	1.09120e+00	1.00000e-01
-1.45117e+00	5.00000e-02	2.86493e-01	5.00000e-02	1.26721e+00	1.00000e-01
-8.50389e-01	5.00000e-02	1.33323e-01	5.00000e-02	1.05705e+00	1.00000e-01
-2.47367e-01	5.00000e-02	-7.67073e-02	5.00000e-02	5.58732e-01	1.00000e-01
-1.34217e+00	5.00000e-02	4.32862e-01	5.00000e-02	9.02121e-01	1.00000e-01
-2.07974e+00	5.00000e-02	4.15266e-01	5.00000e-02	1.27663e+00	1.00000e-01
-8.43351e-01	5.00000e-02	6.23653e-02	5.00000e-02	7.40388e-01	1.00000e-01
-1.14391e+00	5.00000e-02	2.72283e-01	5.00000e-02	1.08344e+00	1.00000e-01
-1.64582e+00	5.00000e-02	4.10925e-01	5.00000e-02	1.12939e+00	1.00000e-01
-8.40076e-01	5.00000e-02	9.81817e-02	5.00000e-02	8.83049e-01	1.00000e-01
-1.14438e+00	5.00000e-02	2.26629e-01	5.00000e-02	1.05094e+00	1.00000e-01
-1.51961e+00	5.00000e-02	3.88053e-01	5.00000e-02	1.13291e+00	1.00000e-01
-8.70171e-01	5.00000e-02	1.35736e-01	5.00000e-02	1.07086e+00	1.00000e-01
-1.09652e+00	5.00000e-02	2.89509e-01	5.00000e-02	9.96517e-01	1.00000e-01
-6.22555e-01	5.00000e-02	4.53812e-02	5.00000e-02	8.20385e-01	1.00000e-01
-1.31243e+00	5.00000e-02	2.13730e-01	5.00000e-02	1.10131e+00	1.00000e-01
-8.78252e-01	5.00000e-02	1.50855e-01	5.00000e-02	1.01777e+00	1.00000e-01
-6.88891e-01	5.00000e-02	3.20299e-02	5.00000e-02	7.20350e-01	1.00000e-01
-1.65091e+00	5.00000e-02	3.72950e-01	5.00000e-02	1.18292e+00	1.00000e-01
-1.62986e+00	5.00000e-02	3.53954e-01	5.00000e-02	1.12149e+00	1.00000e-01
-1.11460e+00	5.00000e-02	2.35337e-01	5.00000e-02	9.72743e-01	1.00000e-01
-1.38842e+00	5.00000e-02	2.65001e-01	5.00000e-02	9.09353e-01	1.00000e-01
-1.41596e+00	5.00000e-02	3.61998e-01	5.00000e-02	9.56376e-01	1.00000e-01
-1.48024e+00	5.00000e-02	3.72967e-01	5.00000e-02	1.10875e+00	1.00000e-01
-2.03542e+00	5.00000e-02	4.28506e-01	5.00000e-02	1.17482e+00	1.00000e-01
-7.31232e-01	5.00000e-02	-2.28138e-02	5.00000e-02	9.18998e-01	1.00000e-01
-6.24048e-01	5.00000e-02	-3.74382e-02	5.00000e-02	8.21070e-01	1.00000e-01
-1.30549e+00	5.00000e-02	2.94241e-01	5.00000e-02	8.40670e-01	1.00000e-01
-1.17321e+00	5.00000e-02	2.05127e-01	5.00000e-02	9.82300e-01	1.00000e-01
-7.33073e-01	5.00000e-02	4.42739e-02	5.00000e-02	1.01409e+00	1.00000e-01
-2.17755e+00	5.00000e-02	4.71452e-01	5.00000e-02	1.08462e+00	1.00000e-01
-7.69197e-01	5.00000e-02	1.19236e-01	5.00000e-02	8.30650e-01	1.00000e-01
-8.60616e-01	5.00000e-02	1.63007e-01	5.00000e-02	1.07664e+00	1.00000e-01
-1.01300e+00	5.00000e-02	2.61437e-01	5.00000e-02	1.05324e+00	1.00000e-01
-1.94340e+00	5.00000e-02	3.26732e-01	5.00000e-02	1.08519e+00	1.00000e-01
-1.18582e+00	5.00000e-02	3.03537e-01	5.00000e-02	1.00156e+00	1.00000e-01
-7.05796e-01	5.00000e-02	1.08617e-01	5.00000e-02	1.00106e+00	1.00000e-01
-9.16446e-01	5.00000e-02	1.72730e-01	5.00000e-02	1.06538e+00	1.00000e-01
-9.99744e-01	5.00000e-02	1.88392e-01	5.00000e-02	1.01260e+00	1.00000e-01
-5.16676e-01	5.00000e-02	2.54634e-02	5.00000e-02	5.95653e-01	1.00000e-01
-1.72767e+00	5.00000e-02	3.05703e-01	5.00000e-02	1.06202e+00	1.00000e-01
-8.15631e-01	5.00000e-02	1.24707e-01	5.00000e-02	1.10248e+00	1.00000e-01
-1.44266e+00	5.00000e-02	3.15824e-01	5.00000e-02	1.02888e+00	1.00000e-01
-2.48884e+00	5.00000e-02	4.51839e-01	5.00000e-02	1.16046e+00	1.00000e-01
-1.55100e+00	5.00000e-02	3.13656e-01	5.00000e-02	1.15689e+00	1.00000e-01
-1.12580e+00	5.00000e-02	2.99009e-01	5.00000e-02	9.38469e-01	1.00000e-01
-5.94284e-01	5.00000e-02	1.69730e-02	5.00000e-02	8.73825e-01	1.00000e-01
-1.53711e+00	5.00000e-02	3.31362e-01	5.00000e-02	9.50630e-01	1.00000e-01
-8.08462e-01	5.00000e-02	1.51670e-01	5.00000e-02	1.06988e+00	1.00000e-01
-7.93356e-01	5.00000e-02	6.35702e-02	5.00000e-02	8.46689e-01	1.00000e-01
-1.70168e+00	5.00000e-02	3.39180e-01	5.00000e-02	1.01785e+00	1.00000e-01
-1.03385e+00	5.00000e-02	2.39216e-01	5.00000e-02	1.12019e+00	1.00000e-01
-9.21033e-01	5.00000e-02	1.09214e-01	5.00000e-02	8.43095e-01	1.00000e-01
-1.30689e+00	5.00000e-02	3.47616e-01	5.00000e-02	9.32388e-01	1.00000e-01
-1.05334e+00	5.00000e-02	2.03611e-01	5.00000e-02	9.65579e-01	1.00000e-01
-2.99043e-01	5.00000e-02	-9.21714e-02	5.00000e-02	5.01094e-01	1.00000e-01
-5.98202e-01	5.00000e-02	6.78516e-02	5.00000e-02	9.50871e-01	1.00000e-01
-1.04710e+00	5.00000e-02	2.96996e-01	5.00000e-02	1.00295e+00	1.00000e-01
-1.36153e+00	5.00000e-02	3.93041e-01	5.00000e-02	7.73056e-01	1.00000e-01
-1.64941e+00	5.00000e-02	3.86795e-01	5.00000e-02	1.13194e+00	1.00000e-01
-3.07395e-01	5.00000e-02	-1.79476e-01	5.00000e-02	5.18653e-01	1.00000e-01
-7.46170e-01	5.00000e-02	1.24342e-01	5.00000e-02	8.78763e-01	1.00000e-01
-4.94375e-01	5.00000e-02	4.03749e-02	5.00000e-02	7.64949e-01	1.00000e-01
-8.19993e-01	5.00000e-02	4.06629e-02	5.00000e-02	1.14695e+00	1.00000e-01
-8.04917e-01	5.00000e-02	1.15276e-01	5.00000e-02	9.43152e-01	1.00000e-01
-1.78421e+00	5.00000e-02	3.56724e-01	5.00000e-02	1.06014e+00	1.00000e-01
-8.13341e-01	5.00000e-02	1.40437e-01	5.00000e-02	8.28026e-01	1.00000e-01
-1.07082e+00	5.00000e-02	2.22626e-01	5.00000e-02	1.02698e+00	1.00000e-01
-1.35398e+00	5.00000e-02	2.80429e-01	5.00000e-02	1.12427e+00	1.00000e-01
-3.99829e-01	5.00000e-02	-9.60121e-02	5.00000e-02	8.60215e-01	1.00000e-01
-1.51144e+00	5.00000e-02	3.33712e-01	5.00000e-02	1.02166e+00	1.00000e-01
-1.58586e+00	5.00000e-02	3.74955e-01	5.00000e-02	1.10444e+00	1.00000e-01
-1.06149e+00	5.00000e-02	2.20522e-01	5.00000e-02	9.76028e-01	1.00000e-01
-1.27857e+00	5.00000e-02	2.71961e-01	5.00000e-02	7.80090e-01	1.00000e-01
-4.85621e-01	5.00000e-02	-3.17427e-03	5.00000e-02	7.12367e-01	1.00000e-01
-7.47735e-01	5.00000e-02	1.50266e-01	5.00000e-02	9.35455e-01	1.00000e-01
-1.39062e+00	5.00000e-02	2.38215e-01	5.00000e-02	1.01112e+00	1.00000e-01
-7.99829e-01	5.00000e-02	8.83725e-02	5.00000e-02	8.26198e-01	1.00000e-01
-1.30785e+00	5.00000e-02	3.08406e-01	5.00000e-02	1.17946e+00	1.00000e-01
-1.45000e+00	5.00000e-02	3.78346e-01	5.00000e-02	9.78240e-01	1.00000e-01
-1.04685e+00	5.00000e-02	2.05701e-01	5.00000e-02	1.14191e+00	1.00000e-01
-3.09190e-01	5.00000e-02	-6.79730e-02	5.00000e-02	3.72430e-01	1.00000e-01
-7.86892e-01	5.00000e-02	2.06171e-01	5.00000e-02	8.70000e-01	1.00000e-01
-7.70458e-01	5.00000e-02	1.67293e-01	5.00000e-02	1.09027e+00	1.00000e-01
-1.00669e+00	5.00000e-02	2.73064e-01	5.00000e-02	8.62606e-01	1.00000e-01
-9.30621e-01	5.00000e-02	1.59667e-01	5.00000e-02	9.81229e-01	1.00000e-01
-1.14602e+00	5.00000e-02	2.00492e-01	5.00000e-02	1.10188e+00	1.00000e-01
-1.70004e+00	5.00000e-02	4.26778e-01	5.00000e-02	1.23175e+00	1.00000e-01
-1.07215e+00	5.00000e-02	2.10699e-01	5.00000e-02	8.84476e-01	1.00000e-01
-1.07998e+00	5.00000e-02	3.22152e-01	5.00000e-02	8.65481e-01	1.00000e-01
-8.73295e-01	5.00000e-02	1.70420e-01	5.00000e-02	8.98503e-01	1.00000e-01
-1.14782e+00	5.00000e-02	2.48197e-01	5.00000e-02	8.58718e-01	1.00000e-01
-1.03693e+00	5.00000e-02	1.96906e-01	5.00000e-02	1.26834e+00	1.00000e-01
-9.22148e-01	5.00000e-02	1.04619e-01	5.00000e-02	1.12944e+00	1.00000e-01
-1.40777e+00	5.00000e-02	2.98982e-01	5.00000e-02	9.75455e-01	1.00000e-01
-1.63244e+00	5.00000e-02	2.17699e-01	5.00000e-02	1.03076e+00	1.00000e-01
-4.66544e-01	5.00000e-02	5.69667e-02	5.00000e-02	8.27146e-01	1.00000e-01
-6.46832e-01	5.00000e-02	1.49183e-01	5.00000e-02	9.68838e-01	1.00000e-01
-7.50316e-01	5.00000e-02	5.98807e-02	5.00000e-02	9.39524e-01	1.00000e-01
-1.39043e+00	5.00000e-02	2.43549e-01	5.00000e-02	1.04862e+00	1.00000e-01
-7.52938e-01	5.00000e-02	1.38961e-01	5.00000e-02	9.92289e-01	1.00000e-01
-1.42202e+00	5.00000e-02	2.30498e-01	5.00000e-02	1.07462e+00	1.00000e-01
-1.41447e+00	5.00000e-02	2.90881e-01	5.00000e-02	1.38384e+00	1.00000e-01
-1.91458e+00	5.00000e-02	4.28032e-01	5.00000e-02	1.08855e+00	1.00000e-01
-1.87283e+00	5.00000e-02	4.14322e-01	5.00000e-02	1.04173e+00	1.00000e-01
-8.88059e-01	5.00000e-02	5.14334e-02	5.00000e-02	7.99752e-01	1.00000e-01
-1.27140e+00	5.00000e-02	3.12864e-01	5.00000e-02	1.07043e+00	1.00000e-01
-1.03036e+00	5.00000e-02	2.98110e-01	5.00000e-02	1.09214e+00	1.00000e-01
-8.56939e-01	5.00000e-02	2.25991e-01	5.00000e-02	9.29468e-01	1.00000e-01
-1.09802e+00	5.00000e-02	2.38499e-01	5.00000e-02	1.01340e+00	1.00000e-01
-1.07510e+00	5.00000e-02	1.76784e-01	5.00000e-02	9.41799e-01	1.00000e-01
-8.60000e-01	5.00000e-02	9.43544e-02	5.00000e-02	1.11920e+00	1.00000e-01
-2.13943e+00	5.00000e-02	3.81914e-01	5.00000e-02	1.13021e+00	1.00000e-01
-9.24186e-01	5.00000e-02	9.39256e-02	5.00000e-02	8.88538e-01	1.00000e-01
-1.04771e+00	5.00000e-02	1.89940e-01	5.00000e-02	9.13771e-01	1.00000e-01
-6.93290e-01	5.00000e-02	3.79848e-02	5.00000e-02	8.10502e-01	1.00000e-01
-8.73324e-01	5.00000e-02	1.12309e-01	5.00000e-02	1.02368e+00	1.00000e-01
-9.15272e-01	5.00000e-02	2.08882e-01	5.00000e-02	7.46086e-01	1.00000e-01
-1.35991e+00	5.00000e-02	3.54542e-01	5.00000e-02	9.71636e-01	1.00000e-01
-9.98186e-01	5.00000e-02	3.69093e-02	5.00000e-02	1.10122e+00	1.00000e-01
-1.17817e+00	5.00000e-02	1.80890e-01	5.00000e-02	1.17196e+00	1.00000e-01
-1.00548e+00	5.00000e-02	2.64335e-01	5.00000e-02	9.42350e-01	1.00000e-01
-7.71186e-01	5.00000e-02	8.75226e-02	5.00000e-02	9.97065e-01	1.00000e-01
-1.08599e+00	5.00000e-02	2.65364e-01	5.00000e-02	1.18352e+00	1.00000e-01
-7.43082e-01	5.00000e-02	1.30014e-01	5.00000e-02	9.07325e-01	1.00000e-01
-1.29859e+00	5.00000e-02	3.41485e-01	5.00000e-02	1.05703e+00	1.00000e-01
-7.27334e-01	5.00000e-02	1.99381e-01	5.00000e-02	9.46678e-01	1.00000e-01
-9.45769e-01	5.00000e-02	2.46500e-01	5.00000e-02	1.16782e+00	1.00000e-01
-1.22705e+00	5.00000e-02	2.10135e-01	5.00000e-02	1.11753e+00	1.00000e-01
-7.56714e-01	5.00000e-02	1.59743e-01	5.00000e-02	7.87927e-01	1.00000e-01
-1.08166e+00	5.00000e-02	1.83885e-01	5.00000e-02	9.18181e-01	1.00000e-01
-1.12433e+00	5.00000e-02	1.89777e-01	5.00000e-02	9.94012e-01	1.00000e-01
-1.58606e+00	5.00000e-02	3.32272e-01	5.00000e-02	1.23400e+00	1.00000e-01
-1.32389e+00	5.00000e-02	2.64546e-01	5.00000e-02	1.10975e+00	1.00000e-01
-4.63894e-01	5.00000e-02	-7.62097e-02	5.00000e-02	8.21928e-01	1.00000e-01
-1.21004e+00	5.00000e-02	2.85635e-01	5.00000e-02	9.42618e-01	1.00000e-01
-1.01034e+00	5.00000e-02	1.54265e-01	5.00000e-02	9.60450e-01	1.00000e-01
-1.47570e+00	5.00000e-02	3.64218e-01	5.00000e-02	1.11725e+00	1.00000e-01
-8.00114e-01	5.00000e-02	2.05060e-01	5.00000e-02	1.01157e+00	1.00000e-01
-1.48934e+00	5.00000e-02	2.81393e-01	5.00000e-02	1.02816e+00	1.00000e-01
-1.34596e+00	5.00000e-02	3.52144e-01	5.00000e-02	1.00381e+00	1.00000e-01
-6.92625e-01	5.00000e-02	6.78506e-02	5.00000e-02	9.95453e-01	1.00000e-01
-7.92715e-01	5.00000e-02	1.15606e-01	5.00000e-02	1.00709e+00	1.00000e-01
-9.56265e-01	5.00000e-02	1.44416e-01	5.00000e-02	1.09458e+00	1.00000e-01
-1.84221e+00	5.00000e-02	4.60981e-01	5.00000e-02	1.30619e+00	1.00000e-01
-3.55172e-01	5.00000e-02	7.13279e-03	5.00000e-02	7.43329e-01	1.00000e-01
-6.47705e-01	5.00000e-02	9.16222e-02	5.00000e-02	7.41821e-01	1.00000e-01
-1.21011e+00	5.00000e-02	2.78012e-01	5.00000e-02	9.35630e-01	1.00000e-01
-7.96167e-01	5.00000e-02	1.73395e-01	5.00000e-02	9.79904e-01	1.00000e-01
-1.45153e+00	5.00000e-02	3.29415e-01	5.00000e-02	1.08057e+00	1.00000e-01
-3.99235e-01	5.00000e-02	-1.41194e-01	5.00000e-02	6.78273e-01	1.00000e-01
-8.05282e-01	5.00000e-02	4.89837e-02	5.00000e-02	7.45295e-01	1.00000e-01
-8.20946e-01	5.00000e-02	1.12162e-01	5.00000e-02	1.08321e+00	1.00000e-01
-1.20328e+00	5.00000e-02	3.06335e-01	5.00000e-02	1.15905e+00	1.00000e-01
-1.02810e+00	5.00000e-02	8.54580e-02	5.00000e-02	8.83276e-01	1.00000e-01
-1.50294e+00	5.00000e-02	3.89025e-01	5.00000e-02	1.14403e+00	1.00000e-01
-5.86687e-01	5.00000e-02	7.27581e-02	5.00000e-02	9.34978e-01	1.00000e-01
-1.63773e+00	5.00000e-02	3.63781e-01	5.00000e-02	9.77998e-01	1.00000e-01
-8.27139e-01	5.00000e-02	1.49110e-01	5.00000e-02	8.87599e-01	1.00000e-01
-6.15438e-01	5.00000e-02	7.94910e-02	5.00000e-02	8.93505e-01	1.00000e-01
-8.09468e-01	5.00000e-02	1.68493e-01	5.00000e-02	1.07347e+00	1.00000e-01
-2.20648e+00	5.00000e-02	4.01212e-01	5.00000e-02	1.14900e+00	1.00000e-01
-9.34061e-01	5.00000e-02	1.87008e-01	5.00000e-02	9.87578e-01	1.00000e-01
-2.05224e+00	5.00000e-02	4.76448e-01	5.00000e-02	1.13708e+00	1.00000e-01
-9.98495e-01	5.00000e-02	1.50998e-01	5.00000e-02	1.17887e+00	1.00000e-01
-8.99140e-01	5.00000e-02	1.12396e-01	5.00000e-02	1.02002e+00	1.00000e-01
-1.25718e+00	5.00000e-02	2.69906e-01	5.00000e-02	1.13325e+00	1.00000e-01
-1.08670e+00	5.00000e-02	3.40274e-01	5.00000e-02	9.48698e-01	1.00000e-01
-6.54513e-01	5.00000e-02	6.30809e-02	5.00000e-02	8.86569e-01	1.00000e-01
-1.23470e+00	5.00000e-02	2.36967e-01	5.00000e-02	9.24787e-01	1.00000e-01
-4.51579e-01	5.00000e-02	9.37423e-03	5.00000e-02	7.72136e-01	1.00000e-01
-6.69716e-01	5.00000e-02	1.13447e-01	5.00000e-02	8.82489e-01	1.00000e-01
-3.47490e-01	5.00000e-02	-7.11158e-02	5.00000e-02	7.74793e-01	1.00000e-01
-8.84697e-01	5.00000e-02	1.50904e-01	5.00000e-02	9.45684e-01	1.00000e-01
-8.16889e-01	5.00000e-02	1.41467e-01	5.00000e-02	8.79526e-01	1.00000e-01
-1.33240e+00	5.00000e-02	3.39228e-01	5.00000e-02	9.95665e-01	1.00000e-01
-8.26414e-01	5.00000e-02	1.55261e-01	5.00000e-02	9.82389e-01	1.00000e-01
-6.61192e-01	5.00000e-02	1.09603e-01	5.00000e-02	9.26142e-01	1.00000e-01
-6.88029e-01	5.00000e-02	8.59535e-02	5.00000e-02	8.43461e-01	1.00000e-01
-7.61022e-01	5.00000e-02	4.87830e-02	5.00000e-02	9.69380e-01	1.00000e-01
-1.33552e+00	5.00000e-02	3.32127e-01	5.00000e-02	8.62581e-01	1.00000e-01
-7.95522e-01	5.00000e-02	1.61504e-01	5.00000e-02	9.50046e-01	1.00000e-01
-1.62535e+00	5.00000e-02	3.62801e-01	5.00000e-02	1.15383e+00	1.00000e-01
-1.05384e+00	5.00000e-02	1.01995e-01	5.00000e-02	1.11940e+00	1.00000e-01
-1.05313e+00	5.00000e-02	1.03045e-01	5.00000e-02	8.43233e-01	1.00000e-01
-1.19156e+00	5.00000e-02	1.60515e-01	5.00000e-02	1.11179e+00	1.00000e-01
-8.48028e-01	5.00000e-02	1.34690e-01	5.00000e-02	9.64003e-01	1.00000e-01
-9.09221e-01	5.00000e-02	1.91596e-01	5.00000e-02	9.37853e-01	1.00000e-01
-1.69521e+00	5.00000e-02	3.78196e-01	5.00000e-02	1.04550e+00	1.00000e-01
-8.88789e-01	5.00000e-02	1.11617e-01	5.00000e-02	1.01461e+00	1.00000e-01
-9.62173e-01	5.00000e-02	9.71630e-02	5.00000e-02	9.85961e-01	1.00000e-01
-1.12633e+00	5.00000e-02	2.76625e-01	5.00000e-02	9.38887e-01	1.00000e-01
-1.09781e+00	5.00000e-02	2.78181e-01	5.00000e-02	1.06680e+00	1.00000e-01
-1.09494e+00	5.00000e-02	2.57079e-01	5.00000e-02	1.00553e+00	1.00000e-01
-1.75309e+00	5.00000e-02	3.33298e-01	5.00000e-02	9.67217e-01	1.00000e-01
-1.30144e+00	5.00000e-02	2.59449e-01	5.00000e-02	1.09476e+00	1.00000e-01
-6.92913e-01	5.00000e-02	9.41692e-02	5.00000e-02	9.31506e-01	1.00000e-01
-8.81500e-01	5.00000e-02	2.19797e-01	5.00000e-02	8.61183e-01	1.00000e-01
-1.24652e+00	5.00000e-02	2.65723e-01	5.00000e-02	1.09081e+00	1.00000e-01
-6.07515e-01	5.00000e-02	4.81725e-02	5.00000e-02	7.05708e-01	1.00000e-01
-1.66839e+00	5.00000e-02	2.92241e-01	5.00000e-02	1.02041e+00	1.00000e-01
-5.64880e-01	5.00000e-02	3.69544e-02	5.00000e-02	6.25437e-01	1.00000e-01
-8.72012e-01	5.00000e-02	7.75762e-02	5.00000e-02	8.49597e-01	1.00000e-01
-7.62996e-01	5.00000e-02	1.15455e-01	5.00000e-02	7.62390e-01	1.00000e-01
-6.39211e-01	5.00000e-02	1.15845e-01	5.00000e-02	6.96263e-01	1.00000e-01
-1.19423e+00	5.00000e-02	2.21058e-01	5.00000e-02	1.08316e+00	1.00000e-01
-9.35210e-01	5.00000e-02	2.35274e-01	5.00000e-02	1.06860e+00	1.00000e-01
-9.38165e-01	5.00000e-02	9.14493e-02	5.00000e-02	9.85137e-01	1.00000e-01
-7.25112e-01	5.00000e-02	8.38804e-02	5.00000e-02	8.90433e-01	1.00000e-01
-9.13126e-01	5.00000e-02	1.98276e-01	5.00000e-02	9.70321e-01	1.00000e-01
-1.67053e+00	5.00000e-02	3.90584e-01	5.00000e-02	1.17483e+00	1.00000e-01
-1.27910e+00	5.00000e-02	3.28325e-01	5.00000e-02	1.05818e+00	1.00000e-01
-1.27121e+00	5.00000e-02	2.23664e-01	5.00000e-02	1.02941e+00	1.00000e-01
-4.26972e-01	5.00000e-02	-4.71869e-02	5.00000e-02	7.52100e-01	1.00000e-01
-1.00277e+00	5.00000e-02	1.42202e-01	5.00000e-02	9.02340e-01	1.00000e-01
-1.00810e+00	5.00000e-02	2.17070e-01	5.00000e-02	8.88090e-01	1.00000e-01
-1.73200e+00	5.00000e-02	3.20138e-01	5.00000e-02	9.84024e-01	1.00000e-01
-1.40667e+00	5.00000e-02	3.60489e-01	5.00000e-02	1.05221e+00	1.00000e-01
-1.15714e+00	5.00000e-02	1.63600e-01	5.00000e-02	9.36152e-01	1.00000e-01
-9.12920e-01	5.00000e-02	2.34225e-01	5.00000e-02	8.66258e-01	1.00000e-01
-1.09260e+00	5.00000e-02	2.19589e-01	5.00000e-02	1.02424e+00	1.00000e-01
-1.44621e+00	5.00000e-02	3.33215e-01	5.00000e-02	9.95746e-01	1.00000e-01
-6.91673e-01	5.00000e-02	8.84320e-02	5.00000e-02	9.06093e-01	1.00000e-01
-5.29727e-01	5.00000e-02	-9.09399e-02	5.00000e-02	7.42563e-01	1.00000e-01
-2.13938e+00	5.00000e-02	4.39694e-01	5.00000e-02	1.11075e+00	1.00000e-01
-1.60617e+00	5.00000e-02	2.79834e-01	5.00000e-02	1.01848e+00	1.00000e-01
-7.19270e-01	5.00000e-02	7.69978e-02	5.00000e-02	9.25807e-01	1.00000e-01
-7.93866e-01	5.00000e-02	1.50817e-01	5.00000e-02	9.65786e-01	1.00000e-01
-5.98532e-01	5.00000e-02	6.67443e-02	5.00000e-02	8.90209e-01	1.00000e-01
-1.00977e+00	5.00000e-02	2.03593e-01	5.00000e-02	9.41092e-01	1.00000e-01
-1.32888e+00	5.00000e-02	3.24767e-01	5.00000e-02	9.99680e-01	1.00000e-01
-1.08025e+00	5.00000e-02	2.62355e-01	5.00000e-02	1.03398e+00	1.00000e-01
-8.45062e-01	5.00000e-02	1.91937e-01	5.00000e-02	9.42138e-01	1.00000e-01
-1.57898e+00	5.00000e-02	2.83364e-01	5.00000e-02	9.92216e-01	1.00000e-01
-1.09345e+00	5.00000e-02	2.30128e-01	5.00000e-02	9.91779e-01	1.00000e-01
-5.84190e-01	5.00000e-02	1.01326e-01	5.00000e-02	8.88150e-01	1.00000e-01
-1.10837e+00	5.00000e-02	1.43623e-01	5.00000e-02	9.53901e-01	1.00000e-01
-1.68186e+00	5.00000e-02	3.46872e-01	5.00000e-02	1.33900e+00	1.00000e-01
-9.01518e-01	5.00000e-02	1.30139e-01	5.00000e-02	8.66148e-01	1.00000e-01
-9.61294e-01	5.00000e-02	1.69102e-01	5.00000e-02	1.13131e+00	1.00000e-01
-4.35559e-01	5.00000e-02	-9.31842e-03	5.00000e-02	7.72009e-01	1.00000e-01
-1.35226e+00	5.00000e-02	2.74891e-01	5.00000e-02	1.09103e+00	1.00000e-01
-9.95006e-01	5.00000e-02	2.52675e-01	5.00000e-02	1.18816e+00	1.00000e-01
-1.55705e+00	5.00000e-02	3.51713e-01	5.00000e-02	1.11637e+00	1.00000e-01
-1.96821e+00	5.00000e-02	3.37042e-01	5.00000e-02	nan	nan
-1.53985e+00	5.00000e-02	4.00550e-01	5.00000e-02	nan	nan
-1.39348e+00	5.00000e-02	2.83347e-01	5.00000e-02	nan	nan
-4.92336e-01	5.00000e-02	2.99081e-02	5.00000e-02	nan	nan
-1.03823e+00	5.00000e-02	2.02265e-01	5.00000e-02	nan	nan
-5.90671e-01	5.00000e-02	-6.09804e-03	5.00000e-02	nan	nan
-1.45160e+00	5.00000e-02	3.28588e-01	5.00000e-02	nan	nan
-7.91955e-01	5.00000e-02	1.32479e-01	5.00000e-02	nan	nan
-3.16108e+00	5.00000e-02	5.24625e-01	5.00000e-02	nan	nan
-9.54515e-01	5.00000e-02	2.04906e-01	5.00000e-02	nan	nan
-1.39938e+00	5.00000e-02	2.85127e-01	5.00000e-02	nan	nan
-1.30683e+00	5.00000e-02	2.79860e-01	5.00000e-02	nan	nan
-1.04659e+00	5.00000e-02	8.76844e-02	5.00000e-02	nan	nan
-4.69459e-01	5.00000e-02	-3.09360e-02	5.00000e-02	nan	nan
-1.36647e+00	5.00000e-02	2.97470e-01	5.00000e-02	nan	nan
-9.82249e-01	5.00000e-02	2.13724e-01	5.00000e-02	nan	nan
-6.94732e-01	5.00000e-02	4.39216e-02	5.00000e-02	nan	nan
-1.37503e+00	5.00000e-02	3.12534e-01	5.00000e-02	nan	nan
-1.41551e+00	5.00000e-02	3.05757e-01	5.00000e-02	nan	nan
-1.02219e+00	5.00000e-02	1.48752e-01	5.00000e-02	nan	nan
-1.10364e+00	5.00000e-02	1.68861e-01	5.00000e-02	nan	nan
-1.66931e+00	5.00000e-02	2.76117e-01	5.00000e-02	nan	nan
-5.15686e-01	5.00000e-02	2.05688e-02	5.00000e-02	nan	nan
-7.07686e-01	5.00000e-02	4.35600e-02	5.00000e-02	nan	nan
-1.93083e+00	5.00000e-02	3.94789e-01	5.00000e-02	nan	nan
-1.40246e+00	5.00000e-02	2.51326e-01	5.00000e-02	nan	nan
-6.52523e-01	5.00000e-02	1.97445e-01	5.00000e-02	nan	nan
-9.48808e-01	5.00000e-02	1.28401e-01	5.00000e-02	nan	nan
-1.08521e+00	5.00000e-02	1.67749e-01	5.00000e-02	nan	nan
-4.58199e-01	5.00000e-02	-9.77589e-02	5.00000e-02	nan	nan
-1.81843e+00	5.00000e-02	4.51826e-01	5.00000e-02	nan	nan
-1.58087e+00	5.00000e-02	2.66960e-01	5.00000e-02	nan	nan
-1.23551e+00	5.00000e-02	2.28999e-01	5.00000e-02	nan	nan
-1.91558e+00	5.00000e-02	3.04936e-01	5.00000e-02	nan	nan
-9.66141e-01	5.00000e-02	9.99394e-02	5.00000e-02	nan	nan
-2.25914e+00	5.00000e-02	4.84429e-01	5.00000e-02	nan	nan
-8.67363e-01	5.00000e-02	9.62208e-02	5.00000e-02	nan	nan
-1.44685e+00	5.00000e-02	2.44691e-01	5.00000e-02	nan	nan
-1.04607e+00	5.00000e-02	1.47831e-01	5.00000e-02	nan	nan
-2.17837e+00	5.00000e-02	4.37439e-01	5.00000e-02	nan	nan
-1.18120e+00	5.00000e-02	1.97406e-01	5.00000e-02	nan	nan
-1.27671e+00	5.00000e-02	2.48015e-01	5.00000e-02	nan	nan
-2.06678e+00	5.00000e-02	4.03021e-01	5.00000e-02	nan	nan
-8.76819e-01	5.00000e-02	9.37897e-02	5.00000e-02	nan	nan
-9.45767e-01	5.00000e-02	1.43426e-01	5.00000e-02	nan	nan
-1.56799e+00	5.00000e-02	2.82601e-01	5.00000e-02	nan	nan
-1.23436e+00	5.00000e-02	2.85689e-01	5.00000e-02	nan	nan
-1.88715e+00	5.00000e-02	4.01644e-01	5.00000e-02	nan	nan
-2.11577e+00	5.00000e-02	4.22861e-01	5.00000e-02	nan	nan
-9.51038e-01	5.00000e-02	1.91351e-01	5.00000e-02	nan	nan
