# [Fe/H]	[Fe/H]_err	[O/Fe]	[O/Fe]_err	Log(age/Gyr)	Log(age/Gyr)_err
-8.01642e-01	5.00000e-02	1.58785e-01	5.00000e-02	9.40770e-01	1.00000e-01
-1.38535e+00	5.00000e-02	3.73581e-01	5.00000e-02	9.59196e-01	1.00000e-01
-1.26671e+00	5.00000e-02	2.34240e-01	5.00000e-02	1.16643e+00	1.00000e-01
-8.59086e-01	5.00000e-02	1.72399e-01	5.00000e-02	1.00340e+00	1.00000e-01
-8.35301e-01	5.00000e-02	1.49488e-01	5.00000e-02	1.01537e+00	1.00000e-01
-8.34208e-01	5.00000e-02	1.57416e-01	5.00000e-02	8.72841e-01	1.00000e-01
-6.88115e-01	5.00000e-02	5.87255e-02	5.00000e-02	8.06640e-01	1.00000e-01
-7.68167e-01	5.00000e-02	1.09663e-01	5.00000e-02	9.95499e-01	1.00000e-01
-1.23465e+00	5.00000e-02	2.84517e-01	5.00000e-02	8.61731e-01	1.00000e-01
-8.26081e-01	5.00000e-02	1.70677e-01	5.00000e-02	9.80878e-01	1.00000e-01
-9.15202e-01	5.00000e-02	2.28128e-01	5.00000e-02	9.88735e-01	1.00000e-01
-1.08188e+00	5.00000e-02	2.46331e-01	5.00000e-02	1.07370e+00	1.00000e-01
-8.22621e-01	5.00000e-02	1.10744e-01	5.00000e-02	9.26115e-01	1.00000e-01
-9.76522e-01	5.00000e-02	1.68031e-01	5.00000e-02	7.87431e-01	1.00000e-01
-1.00030e+00	5.00000e-02	2.49247e-01	5.00000e-02	8.62761e-01	1.00000e-01
-6.44467e-01	5.00000e-02	4.34293e-02	5.00000e-02	9.56956e-01	1.00000e-01
-1.48518e+00	5.00000e-02	3.30637e-01	5.00000e-02	1.07824e+00	1.00000e-01
-1.10768e+00	5.00000e-02	2.71403e-01	5.00000e-02	1.20903e+00	1.00000e-01
-7.72732e-01	5.00000e-02	1.24617e-01	5.00000e-02	8.53712e-01	1.00000e-01
-1.03856e+00	5.00000e-02	2.00725e-01	5.00000e-02	1.12130e+00	1.00000e-01
-7.15227e-01	5.00000e-02	1.30255e-02	5.00000e-02	9.29744e-01	1.00000e-01
-1.10882e+00	5.00000e-02	2.68099e-01	5.00000e-02	1.14922e+00	1.00000e-01
-1.22930e+00	5.00000e-02	2.30863e-01	5.00000e-02	1.14233e+00	1.00000e-01
-1.52870e+00	5.00000e-02	2.83979e-01	5.00000e-02	1.10541e+00	1.00000e-01
-1.17137e+00	5.00000e-02	2.46250e-01	5.00000e-02	1.09288e+00	1.00000e-01
-9.94220e-01	5.00000e-02	1.84159e-01	5.00000e-02	9.77761e-01	1.00000e-01
-5.78112e-01	5.00000e-02	7.96664e-02	5.00000e-02	6.82655e-01	1.00000e-01
-1.71533e+00	5.00000e-02	3.59707e-01	5.00000e-02	1.10129e+00	1.00000e-01
-1.22566e+00	5.00000e-02	2.94645e-01	5.00000e-02	1.07123e+00	1.00000e-01
-1.23685e+00	5.00000e-02	2.69195e-01	5.00000e-02	9.52440e-01	1.00000e-01
-6.51353e-01	5.00000e-02	1.79114e-01	5.00000e-02	9.32553e-01	1.00000e-01
-2.38837e+00	5.00000e-02	4.91066e-01	5.00000e-02	1.01586e+00	1.00000e-01
-8.85317e-01	5.00000e-02	1.65579e-01	5.00000e-02	1.12218e+00	1.00000e-01
-7.19025e-01	5.00000e-02	4.92755e-02	5.00000e-02	9.17372e-01	1.00000e-01
-1.24523e+00	5.00000e-02	3.10270e-01	5.00000e-02	1.04394e+00	1.00000e-01
-1.63829e+00	5.00000e-02	3.37142e-01	5.00000e-02	1.18224e+00	1.00000e-01
-7.30656e-01	5.00000e-02	1.37105e-01	5.00000e-02	8.94357e-01	1.00000e-01
-4.08629e-01	5.00000e-02	1.29441e-02	5.00000e-02	8.75494e-01	1.00000e-01
-7.84989e-01	5.00000e-02	1.58739e-01	5.00000e-02	7.74796e-01	1.00000e-01
-9.09528e-01	5.00000e-02	1.90082e-01	5.00000e-02	1.11760e+00	1.00000e-01
-8.16630e-01	5.00000e-02	1.03146e-01	5.00000e-02	1.09804e+00	1.00000e-01
-5.46689e-01	5.00000e-02	-3.35441e-02	5.00000e-02	7.66927e-01	1.00000e-01
-7.35304e-01	5.00000e-02	1.42187e-01	5.00000e-02	1.04836e+00	1.00000e-01
-9.65710e-01	5.00000e-02	1.30079e-01	5.00000e-02	1.01362e+00	1.00000e-01
-2.03558e+00	5.00000e-02	4.36265e-01	5.00000e-02	1.08524e+00	1.00000e-01
-5.53620e-01	5.00000e-02	2.20211e-02	5.00000e-02	7.14613e-01	1.00000e-01
-1.36917e+00	5.00000e-02	3.09466e-01	5.00000e-02	1.07191e+00	1.00000e-01
-8.37831e-01	5.00000e-02	1.17284e-01	5.00000e-02	9.85834e-01	1.00000e-01
-4.23791e-01	5.00000e-02	-8.85591e-02	5.00000e-02	5.89237e-01	1.00000e-01
-4.39106e-01	5.00000e-02	5.70636e-03	5.00000e-02	6.88019e-01	1.00000e-01
-1.41645e+00	5.00000e-02	2.32884e-01	5.00000e-02	8.88288e-01	1.00000e-01
-1.33355e+00	5.00000e-02	2.95406e-01	5.00000e-02	8.94371e-01	1.00000e-01
-7.79976e-01	5.00000e-02	1.88852e-01	5.00000e-02	7.36549e-01	1.00000e-01
-1.05179e+00	5.00000e-02	2.74029e-01	5.00000e-02	1.16741e+00	1.00000e-01
-1.65728e+00	5.00000e-02	3.05422e-01	5.00000e-02	1.13348e+00	1.00000e-01
-5.72275e-01	5.00000e-02	5.25848e-02	5.00000e-02	8.93337e-01	1.00000e-01
-1.48004e+00	5.00000e-02	2.88988e-01	5.00000e-02	1.08225e+00	1.00000e-01
-6.27286e-01	5.00000e-02	-1.18741e-03	5.00000e-02	7.88494e-01	1.00000e-01
-1.08211e+00	5.00000e-02	2.58587e-01	5.00000e-02	9.17386e-01	1.00000e-01
-1.73978e+00	5.00000e-02	4.56948e-01	5.00000e-02	1.36227e+00	1.00000e-01
-7.99575e-01	5.00000e-02	1.51398e-01	5.00000e-02	9.24557e-01	1.00000e-01
-9.45429e-01	5.00000e-02	2.14917e-01	5.00000e-02	8.94114e-01	1.00000e-01
-9.13858e-01	5.00000e-02	1.68141e-01	5.00000e-02	6.84264e-01	1.00000e-01
-6.89763e-01	5.00000e-02	5.26577e-02	5.00000e-02	9.57823e-01	1.00000e-01
-1.29925e+00	5.00000e-02	2.39226e-01	5.00000e-02	9.54915e-01	1.00000e-01
-1.23869e+00	5.00000e-02	2.03002e-01	5.00000e-02	1.16697e+00	1.00000e-01
-9.09861e-01	5.00000e-02	1.96231e-01	5.00000e-02	9.07378e-01	1.00000e-01
-1.80505e+00	5.00000e-02	3.53859e-01	5.00000e-02	1.06093e+00	1.00000e-01
-7.82870e-01	5.00000e-02	9.04041e-02	5.00000e-02	9.81832e-01	1.00000e-01
-7.36720e-01	5.00000e-02	9.52146e-02	5.00000e-02	1.06675e+00	1.00000e-01
-1.01439e+00	5.00000e-02	1.76489e-01	5.00000e-02	1.15554e+00	1.00000e-01
-1.16179e+00	5.00000e-02	2.66093e-01	5.00000e-02	9.84186e-01	1.00000e-01
-1.10438e+00	5.00000e-02	2.27637e-01	5.00000e-02	1.18975e+00	1.00000e-01
-1.51558e+00	5.00000e-02	2.75259e-01	5.00000e-02	1.24199e+00	1.00000e-01
-1.15464e+00	5.00000e-02	2.81397e-01	5.00000e-02	1.33334e+00	1.00000e-01
-1.81461e+00	5.00000e-02	5.02012e-01	5.00000e-02	9.73316e-01	1.00000e-01
-8.86842e-01	5.00000e-02	1.65157e-01	5.00000e-02	9.05729e-01	1.00000e-01
-6.88340e-01	5.00000e-02	9.56912e-02	5.00000e-02	9.76579e-01	1.00000e-01
-1.35000e+00	5.00000e-02	2.48686e-01	5.00000e-02	1.11471e+00	1.00000e-01
-9.66913e-01	5.00000e-02	1.77858e-01	5.00000e-02	8.84682e-01	1.00000e-01
-1.34203e+00	5.00000e-02	2.65586e-01	5.00000e-02	1.03276e+00	1.00000e-01
-4.94341e-01	5.00000e-02	6.16816e-02	5.00000e-02	7.63645e-01	1.00000e-01
-9.06670e-01	5.00000e-02	2.37682e-01	5.00000e-02	1.00290e+00	1.00000e-01
-9.73548e-01	5.00000e-02	3.47084e-01	5.00000e-02	1.05824e+00	1.00000e-01
-1.27317e+00	5.00000e-02	2.73205e-01	5.00000e-02	1.00903e+00	1.00000e-01
-1.92894e+00	5.00000e-02	3.67074e-01	5.00000e-02	1.05689e+00	1.00000e-01
-1.27085e+00	5.00000e-02	2.57377e-01	5.00000e-02	1.02737e+00	1.00000e-01
-1.06123e+00	5.00000e-02	3.21974e-01	5.00000e-02	9.44292e-01	1.00000e-01
-8.76220e-01	5.00000e-02	1.48060e-01	5.00000e-02	1.04261e+00	1.00000e-01
-1.67435e+00	5.00000e-02	4.41171e-01	5.00000e-02	8.88923e-01	1.00000e-01
-1.50350e+00	5.00000e-02	3.62315e-01	5.00000e-02	1.03301e+00	1.00000e-01
-1.72961e+00	5.00000e-02	3.36135e-01	5.00000e-02	1.13192e+00	1.00000e-01
-2.10838e+00	5.00000e-02	5.01364e-01	5.00000e-02	1.20122e+00	1.00000e-01
-4.61796e-01	5.00000e-02	-9.07208e-02	5.00000e-02	6.83242e-01	1.00000e-01
-7.77666e-01	5.00000e-02	2.45770e-01	5.00000e-02	1.04262e+00	1.00000e-01
-1.18893e+00	5.00000e-02	2.32703e-01	5.00000e-02	1.17542e+00	1.00000e-01
-2.25054e+00	5.00000e-02	3.58969e-01	5.00000e-02	1.06614e+00	1.00000e-01
-1.66370e+00	5.00000e-02	3.38405e-01	5.00000e-02	1.16198e+00	1.00000e-01
-9.23838e-01	5.00000e-02	1.24921e-01	5.00000e-02	1.01294e+00	1.00000e-01
-1.73040e+00	5.00000e-02	3.91979e-01	5.00000e-02	1.22109e+00	1.00000e-01
-1.44596e+00	5.00000e-02	3.71345e-01	5.00000e-02	1.13724e+00	1.00000e-01
-1.48907e+00	5.00000e-02	3.33724e-01	5.00000e-02	1.06382e+00	1.00000e-01
-4.13059e-01	5.00000e-02	-2.07274e-02	5.00000e-02	7.21556e-01	1.00000e-01
-1.94774e+00	5.00000e-02	4.45566e-01	5.00000e-02	1.23065e+00	1.00000e-01
-1.43255e+00	5.00000e-02	2.24439e-01	5.00000e-02	1.13849e+00	1.00000e-01
-9.68469e-01	5.00000e-02	2.47118e-01	5.00000e-02	1.04974e+00	1.00000e-01
-1.57278e+00	5.00000e-02	2.65684e-01	5.00000e-02	1.05417e+00	1.00000e-01
-9.05625e-01	5.00000e-02	1.75707e-01	5.00000e-02	8.95674e-01	1.00000e-01
-7.03480e-01	5.00000e-02	9.94431e-02	5.00000e-02	8.28863e-01	1.00000e-01
-9.36265e-01	5.00000e-02	2.25059e-01	5.00000e-02	1.05621e+00	1.00000e-01
-1.15312e+00	5.00000e-02	2.25574e-01	5.00000e-02	1.03429e+00	1.00000e-01
-1.07306e+00	5.00000e-02	8.61297e-02	5.00000e-02	1.00505e+00	1.00000e-01
-8.08301e-01	5.00000e-02	1.08687e-01	5.00000e-02	1.10026e+00	1.00000e-01
-7.08168e-01	5.00000e-02	1.71516e-01	5.00000e-02	9.45257e-01	1.00000e-01
-9.84532e-01	5.00000e-02	1.29421e-01	5.00000e-02	9.95904e-01	1.00000e-01
-7.07821e-01	5.00000e-02	3.77632e-02	5.00000e-02	8.90263e-01	1.00000e-01
-1.54612e+00	5.00000e-02	4.05039e-01	5.00000e-02	1.11640e+00	1.00000e-01
-1.84715e+00	5.00000e-02	3.70694e-01	5.00000e-02	1.09623e+00	1.00000e-01
-1.14617e+00	5.00000e-02	2.30093e-01	5.00000e-02	1.03297e+00	1.00000e-01
-7.52514e-01	5.00000e-02	1.03464e-01	5.00000e-02	9.17889e-01	1.00000e-01
-8.44900e-01	5.00000e-02	1.32807e-01	5.00000e-02	9.07118e-01	1.00000e-01
-2.63600e-01	5.00000e-02	-2.24636e-01	5.00000e-02	4.78613e-01	1.00000e-01
-1.11280e+00	5.00000e-02	2.90565e-01	5.00000e-02	9.90531e-01	1.00000e-01
-1.34524e+00	5.00000e-02	2.01220e-01	5.00000e-02	1.16893e+00	1.00000e-01
-1.17219e+00	5.00000e-02	2.02324e-01	5.00000e-02	1.10975e+00	1.00000e-01
-6.47759e-01	5.00000e-02	7.24548e-04	5.00000e-02	8.38028e-01	1.00000e-01
-9.69616e-01	5.00000e-02	2.63330e-01	5.00000e-02	9.74381e-01	1.00000e-01
-1.51383e+00	5.00000e-02	2.72939e-01	5.00000e-02	9.93586e-01	1.00000e-01
-1.56123e+00	5.00000e-02	2.99808e-01	5.00000e-02	1.04679e+00	1.00000e-01
-1.42356e+00	5.00000e-02	3.62039e-01	5.00000e-02	1.16972e+00	1.00000e-01
-1.07438e+00	5.00000e-02	2.04693e-01	5.00000e-02	9.67925e-01	1.00000e-01
-1.43200e+00	5.00000e-02	3.40453e-01	5.00000e-02	9.60348e-01	1.00000e-01
-1.07088e+00	5.00000e-02	1.97065e-01	5.00000e-02	1.02402e+00	1.00000e-01
-7.69212e-01	5.00000e-02	9.85961e-02	5.00000e-02	1.01495e+00	1.00000e-01
-1.27818e+00	5.00000e-02	2.51553e-01	5.00000e-02	1.16238e+00	1.00000e-01
-1.04143e+00	5.00000e-02	1.73389e-01	5.00000e-02	1.17384e+00	1.00000e-01
-5.45449e-01	5.00000e-02	1.35644e-03	5.00000e-02	8.54506e-01	1.00000e-01
-9.24900e-01	5.00000e-02	1.54318e-01	5.00000e-02	9.96531e-01	1.00000e-01
-6.50572e-01	5.00000e-02	8.33592e-02	5.00000e-02	7.60929e-01	1.00000e-01
-1.09165e+00	5.00000e-02	2.66176e-01	5.00000e-02	9.16762e-01	1.00000e-01
-1.92466e+00	5.00000e-02	3.58080e-01	5.00000e-02	1.09410e+00	1.00000e-01
-5.15907e-01	5.00000e-02	4.81949e-02	5.00000e-02	8.88985e-01	1.00000e-01
-1.49971e+00	5.00000e-02	3.35149e-01	5.00000e-02	1.20568e+00	1.00000e-01
-8.74271e-01	5.00000e-02	2.11515e-01	5.00000e-02	9.99335e-01	1.00000e-01
-1.73030e+00	5.00000e-02	4.03719e-01	5.00000e-02	1.28215e+00	1.00000e-01
-1.46829e+00	5.00000e-02	3.63882e-01	5.00000e-02	1.18322e+00	1.00000e-01
-9.65723e-01	5.00000e-02	2.07125e-01	5.00000e-02	1.09826e+00	1.00000e-01
-6.69919e-01	5.00000e-02	1.12668e-02	5.00000e-02	9.04152e-01	1.00000e-01
-7.01547e-01	5.00000e-02	1.66586e-01	5.00000e-02	7.97165e-01	1.00000e-01
-9.63148e-01	5.00000e-02	1.70210e-01	5.00000e-02	9.92798e-01	1.00000e-01
-7.84199e-01	5.00000e-02	1.17221e-01	5.00000e-02	8.93237e-01	1.00000e-01
-2.44936e-01	5.00000e-02	-9.41347e-02	5.00000e-02	5.28893e-01	1.00000e-01
-7.24025e-01	5.00000e-02	2.76272e-03	5.00000e-02	9.34459e-01	1.00000e-01
-7.78575e-01	5.00000e-02	1.44480e-01	5.00000e-02	8.69276e-01	1.00000e-01
-1.40299e+00	5.00000e-02	3.58372e-01	5.00000e-02	1.03851e+00	1.00000e-01
-3.61701e-01	5.00000e-02	-5.53174e-02	5.00000e-02	1.05170e+00	1.00000e-01
-2.67420e+00	5.00000e-02	4.74479e-01	5.00000e-02	1.24036e+00	1.00000e-01
-8.34796e-01	5.00000e-02	1.59264e-01	5.00000e-02	7.08633e-01	1.00000e-01
-1.17675e+00	5.00000e-02	3.06477e-01	5.00000e-02	1.17865e+00	1.00000e-01
-8.44488e-01	5.00000e-02	1.83581e-01	5.00000e-02	9.29074e-01	1.00000e-01
-8.89587e-01	5.00000e-02	1.36235e-01	5.00000e-02	1.14901e+00	1.00000e-01
-2.39249e+00	5.00000e-02	4.63264e-01	5.00000e-02	9.53511e-01	1.00000e-01
-8.61445e-01	5.00000e-02	1.12762e-01	5.00000e-02	9.49741e-01	1.00000e-01
-1.02996e+00	5.00000e-02	2.73301e-01	5.00000e-02	1.11180e+00	1.00000e-01
-7.05926e-01	5.00000e-02	1.37180e-01	5.00000e-02	8.05295e-01	1.00000e-01
-1.55664e+00	5.00000e-02	2.79821e-01	5.00000e-02	1.12273e+00	1.00000e-01
-1.49362e+00	5.00000e-02	2.58376e-01	5.00000e-02	9.34016e-01	1.00000e-01
-3.98900e-01	5.00000e-02	3.89015e-02	5.00000e-02	6.91835e-01	1.00000e-01
-6.61985e-01	5.00000e-02	8.60494e-02	5.00000e-02	8.61071e-01	1.00000e-01
-1.31812e+00	5.00000e-02	3.78155e-01	5.00000e-02	1.10555e+00	1.00000e-01
-1.78723e+00	5.00000e-02	4.51945e-01	5.00000e-02	1.12759e+00	1.00000e-01
-1.10812e+00	5.00000e-02	2.15532e-01	5.00000e-02	9.73182e-01	1.00000e-01
-1.29122e+00	5.00000e-02	2.90539e-01	5.00000e-02	1.28957e+00	1.00000e-01
-5.55646e-01	5.00000e-02	4.41783e-02	5.00000e-02	8.64406e-01	1.00000e-01
-1.02079e+00	5.00000e-02	2.63934e-01	5.00000e-02	8.45813e-01	1.00000e-01
-1.14710e+00	5.00000e-02	2.44402e-01	5.00000e-02	9.61860e-01	1.00000e-01
-9.80260e-01	5.00000e-02	2.06809e-01	5.00000e-02	1.03796e+00	1.00000e-01
-5.26304e-01	5.00000e-02	2.65308e-02	5.00000e-02	6.64322e-01	1.00000e-01
-7.79053e-01	5.00000e-02	2.18808e-01	5.00000e-02	1.04483e+00	1.00000e-01
-4.48847e-01	5.00000e-02	7.70721e-03	5.00000e-02	6.77858e-01	1.00000e-01
-9.21419e-01	5.00000e-02	2.74088e-01	5.00000e-02	9.93191e-01	1.00000e-01
-6.55081e-01	5.00000e-02	8.66932e-02	5.00000e-02	7.21211e-01	1.00000e-01
-1.85087e+00	5.00000e-02	4.53088e-01	5.00000e-02	1.13568e+00	1.00000e-01
-1.00736e+00	5.00000e-02	2.17516e-01	5.00000e-02	9.08525e-01	1.00000e-01
-6.95714e-01	5.00000e-02	1.87866e-01	5.00000e-02	8.86684e-01	1.00000e-01
-9.45511e-01	5.00000e-02	1.28397e-01	5.00000e-02	9.72563e-01	1.00000e-01
-1.22719e+00	5.00000e-02	2.57095e-01	5.00000e-02	1.04117e+00	1.00000e-01
-1.33063e+00	5.00000e-02	4.42772e-01	5.00000e-02	1.16932e+00	1.00000e-01
-4.43977e-01	5.00000e-02	-4.63699e-02	5.00000e-02	5.68558e-01	1.00000e-01
-1.23731e+00	5.00000e-02	2.37838e-01	5.00000e-02	1.10236e+00	1.00000e-01
-7.44831e-01	5.00000e-02	1.02574e-01	5.00000e-02	1.05296e+00	1.00000e-01
-9.00921e-01	5.00000e-02	1.72620e-01	5.00000e-02	1.09378e+00	1.00000e-01
-1.00312e+00	5.00000e-02	1.77564e-01	5.00000e-02	1.08465e+00	1.00000e-01
-1.07239e+00	5.00000e-02	2.64014e-01	5.00000e-02	9.65419e-01	1.00000e-01
-5.76161e-01	5.00000e-02	3.37135e-03	5.00000e-02	1.00400e+00	1.00000e-01
-1.16632e+00	5.00000e-02	1.88019e-01	5.00000e-02	1.03684e+00	1.00000e-01
-1.10060e+00	5.00000e-02	2.58046e-01	5.00000e-02	9.85425e-01	1.00000e-01
-1.53762e+00	5.00000e-02	3.20235e-01	5.00000e-02	1.12392e+00	1.00000e-01
-8.51898e-01	5.00000e-02	1.03524e-01	5.00000e-02	8.03819e-01	1.00000e-01
-1.46970e+00	5.00000e-02	3.17742e-01	5.00000e-02	1.10215e+00	1.00000e-01
-6.58345e-01	5.00000e-02	-2.18743e-02	5.00000e-02	7.55537e-01	1.00000e-01
-1.32545e+00	5.00000e-02	2.65931e-01	5.00000e-02	1.10316e+00	1.00000e-01
-1.57495e+00	5.00000e-02	3.53177e-01	5.00000e-02	1.22125e+00	1.00000e-01
-1.05196e+00	5.00000e-02	1.76456e-01	5.00000e-02	1.03215e+00	1.00000e-01
-1.41984e+00	5.00000e-02	3.34919e-01	5.00000e-02	9.76886e-01	1.00000e-01
-1.05756e+00	5.00000e-02	2.62334e-01	5.00000e-02	9.58401e-01	1.00000e-01
-6.96355e-01	5.00000e-02	8.07074e-02	5.00000e-02	8.13418e-01	1.00000e-01
-8.05453e-01	5.00000e-02	1.31467e-01	5.00000e-02	1.00071e+00	1.00000e-01
-1.50678e+00	5.00000e-02	3.05797e-01	5.00000e-02	1.08540e+00	1.00000e-01
-2.46379e+00	5.00000e-02	4.18187e-01	5.00000e-02	1.03196e+00	1.00000e-01
-1.19413e+00	5.00000e-02	2.22106e-01	5.00000e-02	9.69778e-01	1.00000e-01
-8.16257e-01	5.00000e-02	7.39204e-02	5.00000e-02	8.99348e-01	1.00000e-01
-2.06826e+00	5.00000e-02	3.82048e-01	5.00000e-02	1.21488e+00	1.00000e-01
-2.01011e+00	5.00000e-02	4.97666e-01	5.00000e-02	1.22677e+00	1.00000e-01
-1.01076e+00	5.00000e-02	1.66003e-01	5.00000e-02	9.26962e-01	1.00000e-01
-9.91599e-01	5.00000e-02	2.48951e-01	5.00000e-02	9.17095e-01	1.00000e-01
-4.69600e-01	5.00000e-02	1.32745e-02	5.00000e-02	7.17364e-01	1.00000e-01
-8.96548e-01	5.00000e-02	1.69886e-01	5.00000e-02	1.11494e+00	1.00000e-01
-8.61064e-01	5.00000e-02	8.07358e-02	5.00000e-02	9.72395e-01	1.00000e-01
-8.46670e-01	5.00000e-02	2.30208e-01	5.00000e-02	1.05256e+00	1.00000e-01
-6.78224e-01	5.00000e-02	6.79533e-02	5.00000e-02	9.81990e-01	1.00000e-01
-6.42397e-01	5.00000e-02	4.45987e-02	5.00000e-02	7.91273e-01	1.00000e-01
-5.07968e-01	5.00000e-02	3.75561e-02	5.00000e-02	8.32963e-01	1.00000e-01
-1.04805e+00	5.00000e-02	2.14907e-01	5.00000e-02	9.77036e-01	1.00000e-01
-5.63498e-01	5.00000e-02	1.32052e-01	5.00000e-02	9.70747e-01	1.00000e-01
-8.05804e-01	5.00000e-02	1.10791e-01	5.00000e-02	1.06254e+00	1.00000e-01
-1.04263e+00	5.00000e-02	2.25812e-01	5.00000e-02	9.59810e-01	1.00000e-01
-1.39716e+00	5.00000e-02	3.08245e-01	5.00000e-02	1.14149e+00	1.00000e-01
-1.08959e+00	5.00000e-02	2.58204e-01	5.00000e-02	9.42864e-01	1.00000e-01
-7.16986e-01	5.00000e-02	1.31813e-01	5.00000e-02	8.95617e-01	1.00000e-01
-1.28115e+00	5.00000e-02	3.03197e-01	5.00000e-02	1.04514e+00	1.00000e-01
-9.80453e-01	5.00000e-02	1.26959e-01	5.00000e-02	1.13646e+00	1.00000e-01
-1.50917e+00	5.00000e-02	2.27149e-01	5.00000e-02	1.12319e+00	1.00000e-01
-8.47206e-01	5.00000e-02	9.03167e-02	5.00000e-02	9.44831e-01	1.00000e-01
-8.68581e-01	5.00000e-02	1.74853e-01	5.00000e-02	9.83441e-01	1.00000e-01
-5.83534e-01	5.00000e-02	-3.34419e-03	5.00000e-02	8.40207e-01	1.00000e-01
-1.57829e+00	5.00000e-02	3.22425e-01	5.00000e-02	1.14800e+00	1.00000e-01
-4.35279e-01	5.00000e-02	-2.18581e-02	5.00000e-02	7.75080e-01	1.00000e-01
-1.24396e+00	5.00000e-02	2.51612e-01	5.00000e-02	1.10509e+00	1.00000e-01
-7.29621e-01	5.00000e-02	1.04584e-01	5.00000e-02	9.74809e-01	1.00000e-01
-8.78161e-01	5.00000e-02	1.34929e-01	5.00000e-02	1.04873e+00	1.00000e-01
-8.10334e-01	5.00000e-02	1.08948e-01	5.00000e-02	1.02400e+00	1.00000e-01
-8.81151e-01	5.00000e-02	8.57264e-02	5.00000e-02	1.00617e+00	1.00000e-01
-1.56665e+00	5.00000e-02	3.45397e-01	5.00000e-02	1.03337e+00	1.00000e-01
-6.75971e-01	5.00000e-02	1.05277e-01	5.00000e-02	8.88398e-01	1.00000e-01
-1.10484e+00	5.00000e-02	1.99571e-01	5.00000e-02	1.03498e+00	1.00000e-01
-8.68425e-01	5.00000e-02	1.40512e-01	5.00000e-02	7.17689e-01	1.00000e-01
-7.00990e-01	5.00000e-02	2.01214e-01	5.00000e-02	7.22172e-01	1.00000e-01
-1.03442e+00	5.00000e-02	1.91666e-01	5.00000e-02	7.89515e-01	1.00000e-01
-1.68619e+00	5.00000e-02	2.86382e-01	5.00000e-02	1.07721e+00	1.00000e-01
-7.78925e-01	5.00000e-02	6.33536e-02	5.00000e-02	1.00147e+00	1.00000e-01
-5.77865e-01	5.00000e-02	-2.05200e-03	5.00000e-02	6.55276e-01	1.00000e-01
-8.39675e-01	5.00000e-02	1.97262e-01	5.00000e-02	1.03311e+00	1.00000e-01
-5.62182e-01	5.00000e-02	1.79627e-01	5.00000e-02	9.09044e-01	1.00000e-01
-1.32137e+00	5.00000e-02	3.22308e-01	5.00000e-02	9.80246e-01	1.00000e-01
-1.47062e+00	5.00000e-02	3.27181e-01	5.00000e-02	1.03981e+00	1.00000e-01
-4.05727e-01	5.00000e-02	-8.16444e-02	5.00000e-02	4.23675e-01	1.00000e-01
-7.37008e-01	5.00000e-02	2.01497e-01	5.00000e-02	1.05095e+00	1.00000e-01
-9.10711e-01	5.00000e-02	2.13392e-01	5.00000e-02	1.02542e+00	1.00000e-01
-1.45936e+00	5.00000e-02	2.95103e-01	5.00000e-02	1.09938e+00	1.00000e-01
-1.16168e+00	5.00000e-02	2.48075e-01	5.00000e-02	1.10189e+00	1.00000e-01
-1.43964e+00	5.00000e-02	2.39433e-01	5.00000e-02	9.97929e-01	1.00000e-01
-1.09470e+00	5.00000e-02	1.83014e-01	5.00000e-02	8.02393e-01	1.00000e-01
-1.11785e+00	5.00000e-02	1.78974e-01	5.00000e-02	8.51853e-01	1.00000e-01
-1.72522e+00	5.00000e-02	4.37566e-01	5.00000e-02	1.03968e+00	1.00000e-01
-9.36177e-01	5.00000e-02	1.91873e-01	5.00000e-02	9.73493e-01	1.00000e-01
-1.24318e+00	5.00000e-02	3.33894e-01	5.00000e-02	1.05443e+00	1.00000e-01
-5.87278e-01	5.00000e-02	1.59089e-01	5.00000e-02	9.76526e-01	1.00000e-01
-7.18022e-01	5.00000e-02	1.34968e-01	5.00000e-02	8.34642e-01	1.00000e-01
-9.10303e-01	5.00000e-02	2.05444e-01	5.00000e-02	9.15055e-01	1.00000e-01
-1.37995e+00	5.00000e-02	2.57291e-01	5.00000e-02	1.19274e+00	1.00000e-01
-8.86385e-01	5.00000e-02	2.03747e-01	5.00000e-02	1.04895e+00	1.00000e-01
-8.87245e-01	5.00000e-02	2.21717e-01	5.00000e-02	8.82259e-01	1.00000e-01
-1.01161e+00	5.00000e-02	2.68804e-01	5.00000e-02	9.06280e-01	1.00000e-01
-7.92589e-01	5.00000e-02	1.34548e-01	5.00000e-02	9.59220e-01	1.00000e-01
-9.96834e-01	5.00000e-02	7.14095e-02	5.00000e-02	8.69073e-01	1.00000e-01
-9.50584e-01	5.00000e-02	1.98885e-01	5.00000e-02	8.69924e-01	1.00000e-01
-1.21490e+00	5.00000e-02	2.77201e-01	5.00000e-02	1.08612e+00	1.00000e-01
-1.73063e+00	5.00000e-02	4.14220e-01	5.00000e-02	1.05523e+00	1.00000e-01
-1.71010e+00	5.00000e-02	3.40801e-01	5.00000e-02	9.50789e-01	1.00000e-01
-6.70802e-01	5.00000e-02	7.39176e-02	5.00000e-02	7.30332e-01	1.00000e-01
-3.72284e-01	5.00000e-02	-6.26769e-02	5.00000e-02	3.88888e-01	1.00000e-01
-8.69392e-01	5.00000e-02	1.70631e-01	5.00000e-02	8.78769e-01	1.00000e-01
-8.17954e-01	5.00000e-02	8.38821e-02	5.00000e-02	8.50081e-01	1.00000e-01
-1.91962e+00	5.00000e-02	4.04190e-01	5.00000e-02	1.02157e+00	1.00000e-01
-3.60493e-01	5.00000e-02	-1.14832e-01	5.00000e-02	6.84440e-01	1.00000e-01
-9.00143e-01	5.00000e-02	1.66610e-01	5.00000e-02	9.58086e-01	1.00000e-01
-1.32595e+00	5.00000e-02	2.74417e-01	5.00000e-02	7.71892e-01	1.00000e-01
-1.28990e+00	5.00000e-02	2.94425e-01	5.00000e-02	1.05951e+00	1.00000e-01
-1.47015e+00	5.00000e-02	3.45088e-01	5.00000e-02	1.11434e+00	1.00000e-01
-7.62105e-01	5.00000e-02	1.74602e-01	5.00000e-02	1.08211e+00	1.00000e-01
-7.72906e-01	5.00000e-02	1.16585e-01	5.00000e-02	1.02082e+00	1.00000e-01
-1.10350e+00	5.00000e-02	1.92162e-01	5.00000e-02	9.07908e-01	1.00000e-01
-1.45123e+00	5.00000e-02	2.00601e-01	5.00000e-02	1.02415e+00	1.00000e-01
-8.61195e-01	5.00000e-02	1.41744e-01	5.00000e-02	9.50032e-01	1.00000e-01
-1.44678e+00	5.00000e-02	3.39148e-01	5.00000e-02	1.10960e+00	1.00000e-01
-8.49139e-01	5.00000e-02	1.04122e-01	5.00000e-02	9.43332e-01	1.00000e-01
-9.10146e-01	5.00000e-02	1.70416e-01	5.00000e-02	1.06922e+00	1.00000e-01
-9.85801e-01	5.00000e-02	2.45127e-01	5.00000e-02	1.03512e+00	1.00000e-01
-6.11090e-01	5.00000e-02	4.00806e-02	5.00000e-02	9.21509e-01	1.00000e-01
-1.19334e+00	5.00000e-02	2.74194e-01	5.00000e-02	nan	nan
-7.29363e-01	5.00000e-02	8.91562e-02	5.00000e-02	nan	nan
-1.33146e+00	5.00000e-02	2.63880e-01	5.00000e-02	nan	nan
-9.49716e-01	5.00000e-02	1.64353e-01	5.00000e-02	nan	nan
-1.05759e+00	5.00000e-02	2.13241e-01	5.00000e-02	nan	nan
-1.36701e+00	5.00000e-02	2.79813e-01	5.00000e-02	nan	nan
-1.13306e+00	5.00000e-02	2.64709e-01	5.00000e-02	nan	nan
-1.54254e+00	5.00000e-02	4.04380e-01	5.00000e-02	nan	nan
-6.54852e-01	5.00000e-02	1.28012e-01	5.00000e-02	nan	nan
-8.74451e-01	5.00000e-02	1.33359e-01	5.00000e-02	nan	nan
-1.23291e+00	5.00000e-02	2.41207e-01	5.00000e-02	nan	nan
-1.57574e+00	5.00000e-02	3.18610e-01	5.00000e-02	nan	nan
-8.47463e-01	5.00000e-02	4.10323e-02	5.00000e-02	nan	nan
-1.61547e+00	5.00000e-02	3.37329e-01	5.00000e-02	nan	nan
-1.67608e+00	5.00000e-02	3.97085e-01	5.00000e-02	nan	nan
-1.09341e+00	5.00000e-02	1.82498e-01	5.00000e-02	nan	nan
-4.12446e-01	5.00000e-02	-6.50329e-02	5.00000e-02	nan	nan
-6.81595e-01	5.00000e-02	1.06636e-01	5.00000e-02	nan	nan
-9.00149e-01	5.00000e-02	9.73391e-02	5.00000e-02	nan	nan
-5.90925e-01	5.00000e-02	7.90728e-02	5.00000e-02	nan	nan
-1.17161e+00	5.00000e-02	2.25702e-01	5.00000e-02	nan	nan
-1.57130e+00	5.00000e-02	3.92629e-01	5.00000e-02	nan	nan
-1.04606e+00	5.00000e-02	6.54950e-02	5.00000e-02	nan	nan
-8.32955e-01	5.00000e-02	1.20295e-01	5.00000e-02	nan	nan
-8.52735e-01	5.00000e-02	1.71136e-01	5.00000e-02	nan	nan
-1.06945e+00	5.00000e-02	1.00271e-01	5.00000e-02	nan	nan
-2.07198e-01	5.00000e-02	-1.20094e-01	5.00000e-02	nan	nan
-6.67724e-01	5.00000e-02	1.12575e-01	5.00000e-02	nan	nan
-1.02161e+00	5.00000e-02	2.42862e-01	5.00000e-02	nan	nan
-7.25584e-01	5.00000e-02	5.98166e-02	5.00000e-02	nan	nan
-8.73167e-01	5.00000e-02	2.80768e-01	5.00000e-02	nan	nan
-6.66489e-01	5.00000e-02	3.90163e-02	5.00000e-02	nan	nan
-1.24343e+00	5.00000e-02	3.20292e-01	5.00000e-02	nan	nan
-8.37547e-01	5.00000e-02	1.41247e-01	5.00000e-02	nan	nan
-1.21003e+00	5.00000e-02	2.34275e-01	5.00000e-02	nan	nan
-7.37054e-01	5.00000e-02	1.32973e-01	5.00000e-02	nan	nan
-8.46033e-01	5.00000e-02	1.16663e-01	5.00000e-02	nan	nan
-1.29100e+00	5.00000e-02	2.71976e-01	5.00000e-02	nan	nan
-5.95237e-01	5.00000e-02	5.60643e-02	5.00000e-02	nan	nan
-3.88231e-01	5.00000e-02	-2.83613e-02	5.00000e-02	nan	nan
-5.27116e-01	5.00000e-02	6.00968e-02	5.00000e-02	nan	nan
-1.05318e+00	5.00000e-02	2.99389e-01	5.00000e-02	nan	nan
-9.26064e-01	5.00000e-02	2.27989e-01	5.00000e-02	nan	nan
-1.90758e+00	5.00000e-02	3.80231e-01	5.00000e-02	nan	nan
-8.85522e-01	5.00000e-02	1.56861e-01	5.00000e-02	nan	nan
-2.35760e+00	5.00000e-02	4.28224e-01	5.00000e-02	nan	nan
-1.48175e+00	5.00000e-02	3.60322e-01	5.00000e-02	nan	nan
-9.67890e-01	5.00000e-02	1.50010e-01	5.00000e-02	nan	nan
-1.77321e+00	5.00000e-02	4.39227e-01	5.00000e-02	nan	nan
-1.11266e+00	5.00000e-02	1.51174e-01	5.00000e-02	nan	nan
-4.79151e-01	5.00000e-02	4.18018e-02	5.00000e-02	nan	nan
-7.09284e-01	5.00000e-02	1.00637e-01	5.00000e-02	nan	nan
-1.59921e+00	5.00000e-02	3.66852e-01	5.00000e-02	nan	nan
-6.88339e-01	5.00000e-02	7.41333e-02	5.00000e-02	nan	nan
-1.62390e+00	5.00000e-02	4.48206e-01	5.00000e-02	nan	nan
-8.08658e-01	5.00000e-02	1.35308e-01	5.00000e-02	nan	nan
-1.20630e+00	5.00000e-02	2.70320e-01	5.00000e-02	nan	nan
-1.06792e+00	5.00000e-02	2.54079e-01	5.00000e-02	nan	nan
-8.44990e-01	5.00000e-02	1.10373e-01	5.00000e-02	nan	nan
-1.38250e+00	5.00000e-02	2.32170e-01	5.00000e-02	nan	nan
-8.18086e-01	5.00000e-02	8.22019e-02	5.00000e-02	nan	nan
-7.69402e-01	5.00000e-02	1.83152e-01	5.00000e-02	nan	nan
-1.15230e+00	5.00000e-02	2.03389e-01	5.00000e-02	nan	nan
-7.95862e-01	5.00000e-02	8.77487e-02	5.00000e-02	nan	nan
-7.55586e-01	5.00000e-02	4.44120e-02	5.00000e-02	nan	nan
-3.89954e-01	5.00000e-02	-7.40965e-02	5.00000e-02	nan	nan
-1.07791e+00	5.00000e-02	2.50805e-01	5.00000e-02	nan	nan
-1.08433e+00	5.00000e-02	1.68448e-01	5.00000e-02	nan	nan
-5.86979e-01	5.00000e-02	1.37890e-03	5.00000e-02	nan	nan
-1.15653e+00	5.00000e-02	2.29035e-01	5.00000e-02	nan	nan
-1.43715e+00	5.00000e-02	2.22555e-01	5.00000e-02	nan	nan
-1.13431e+00	5.00000e-02	2.29306e-01	5.00000e-02	nan	nan
-1.51753e+00	5.00000e-02	3.28602e-01	5.00000e-02	nan	nan
-3.32966e-01	5.00000e-02	-1.14799e-01	5.00000e-02	nan	nan
-1.28126e+00	5.00000e-02	1.91667e-01	5.00000e-02	nan	nan
-1.01809e+00	5.00000e-02	1.36108e-01	5.00000e-02	nan	nan
-1.10615e+00	5.00000e-02	2.13074e-01	5.00000e-02	nan	nan
-1.31783e+00	5.00000e-02	3.10772e-01	5.00000e-02	nan	nan
-9.20486e-01	5.00000e-02	2.29597e-01	5.00000e-02	nan	nan
-5.53635e-01	5.00000e-02	4.24837e-02	5.00000e-02	nan	nan
-1.21969e+00	5.00000e-02	2.66796e-01	5.00000e-02	nan	nan
-1.06261e+00	5.00000e-02	2.42393e-01	5.00000e-02	nan	nan
-1.25457e+00	5.00000e-02	2.88569e-01	5.00000e-02	nan	nan
-1.13828e+00	5.00000e-02	3.36559e-01	5.00000e-02	nan	nan
-6.11221e-01	5.00000e-02	8.40805e-02	5.00000e-02	nan	nan
-1.04375e+00	5.00000e-02	2.87654e-01	5.00000e-02	nan	nan
-2.31655e+00	5.00000e-02	4.57942e-01	5.00000e-02	nan	nan
-6.60953e-01	5.00000e-02	2.44029e-02	5.00000e-02	nan	nan
-7.92068e-01	5.00000e-02	-1.73383e-02	5.00000e-02	nan	nan
-1.39701e+00	5.00000e-02	2.88743e-01	5.00000e-02	nan	nan
-6.93342e-01	5.00000e-02	1.11411e-01	5.00000e-02	nan	nan
-2.48361e+00	5.00000e-02	4.56221e-01	5.00000e-02	nan	nan
-6.88606e-01	5.00000e-02	3.72311e-02	5.00000e-02	nan	nan
-1.32920e+00	5.00000e-02	2.07958e-01	5.00000e-02	nan	nan
-7.93705e-01	5.00000e-02	1.28739e-01	5.00000e-02	nan	nan
-1.42851e+00	5.00000e-02	2.69414e-01	5.00000e-02	nan	nan
-4.15035e-01	5.00000e-02	-1.45582e-01	5.00000e-02	nan	nan
-6.94265e-01	5.00000e-02	1.07718e-01	5.00000e-02	nan	nan
-1.15429e+00	5.00000e-02	2.41705e-01	5.00000e-02	nan	nan
-1.77534e+00	5.00000e-02	3.25946e-01	5.00000e-02	nan	nan
-5.84580e-01	5.00000e-02	8.75358e-02	5.00000e-02	nan	nan
-6.07444e-01	5.00000e-02	1.26297e-02	5.00000e-02	nan	nan
-1.58434e+00	5.00000e-02	3.91317e-01	5.00000e-02	nan	nan
-1.79549e+00	5.00000e-02	4.61744e-01	5.00000e-02	nan	nan
-8.77717e-01	5.00000e-02	1.70032e-01	5.00000e-02	nan	nan
-1.54890e+00	5.00000e-02	3.15234e-01	5.00000e-02	nan	nan
-1.52733e+00	5.00000e-02	2.85022e-01	5.00000e-02	nan	nan
-1.27518e+00	5.00000e-02	3.99332e-01	5.00000e-02	nan	nan
-1.13177e+00	5.00000e-02	2.99281e-01	5.00000e-02	nan	nan
-1.25943e+00	5.00000e-02	2.32473e-01	5.00000e-02	nan	nan
-4.68715e-01	5.00000e-02	-1.23163e-01	5.00000e-02	nan	nan
-5.44935e-01	5.00000e-02	1.95595e-04	5.00000e-02	nan	nan
-1.06326e+00	5.00000e-02	1.74863e-01	5.00000e-02	nan	nan
-7.26896e-01	5.00000e-02	1.73404e-01	5.00000e-02	nan	nan
-6.18145e-01	5.00000e-02	1.63328e-02	5.00000e-02	nan	nan
-9.46991e-01	5.00000e-02	1.91367e-01	5.00000e-02	nan	nan
-1.55886e+00	5.00000e-02	4.19874e-01	5.00000e-02	nan	nan
-1.15212e+00	5.00000e-02	2.08752e-01	5.00000e-02	nan	nan
-8.12871e-01	5.00000e-02	2.36624e-01	5.00000e-02	nan	nan
-1.04725e+00	5.00000e-02	1.90678e-01	5.00000e-02	nan	nan
-1.96588e+00	5.00000e-02	4.23938e-01	5.00000e-02	nan	nan
-9.68440e-01	5.00000e-02	8.79277e-02	5.00000e-02	nan	nan
-8.54733e-01	5.00000e-02	2.19829e-01	5.00000e-02	nan	nan
-5.39878e-01	5.00000e-02	9.72517e-02	5.00000e-02	nan	nan
-6.95715e-01	5.00000e-02	1.30193e-01	5.00000e-02	nan	nan
-5.69610e-01	5.00000e-02	-2.21437e-02	5.00000e-02	nan	nan
-1.18705e+00	5.00000e-02	1.94584e-01	5.00000e-02	nan	nan
-9.21678e-01	5.00000e-02	1.90522e-01	5.00000e-02	nan	nan
-1.25719e+00	5.00000e-02	2.30640e-01	5.00000e-02	nan	nan
-7.73918e-01	5.00000e-02	1.73659e-01	5.00000e-02	nan	nan
-2.37547e+00	5.00000e-02	4.43203e-01	5.00000e-02	nan	nan
-7.44672e-01	5.00000e-02	1.28274e-01	5.00000e-02	nan	nan
-8.82492e-01	5.00000e-02	2.10638e-01	5.00000e-02	nan	nan
-8.38476e-01	5.00000e-02	1.76023e-01	5.00000e-02	nan	nan
-5.95685e-01	5.00000e-02	3.23425e-02	5.00000e-02	nan	nan
-8.74507e-01	5.00000e-02	2.20790e-01	5.00000e-02	nan	nan
-1.38957e+00	5.00000e-02	3.49612e-01	5.00000e-02	nan	nan
-1.80922e+00	5.00000e-02	3.37921e-01	5.00000e-02	nan	nan
-6.18995e-01	5.00000e-02	6.27560e-02	5.00000e-02	nan	nan
-7.69579e-01	5.00000e-02	1.00787e-01	5.00000e-02	nan	nan
-1.78619e+00	5.00000e-02	3.57506e-01	5.00000e-02	nan	nan
-1.02217e+00	5.00000e-02	2.58308e-01	5.00000e-02	nan	nan
-1.08462e+00	5.00000e-02	2.21369e-01	5.00000e-02	nan	nan
-1.67783e+00	5.00000e-02	3.73677e-01	5.00000e-02	nan	nan
-1.03969e+00	5.00000e-02	1.25754e-01	5.00000e-02	nan	nan
-1.79675e+00	5.00000e-02	4.63554e-01	5.00000e-02	nan	nan
-6.65148e-01	5.00000e-02	1.94262e-01	5.00000e-02	nan	nan
-1.16773e+00	5.00000e-02	1.82265e-01	5.00000e-02	nan	nan
-1.49502e+00	5.00000e-02	3.04807e-01	5.00000e-02	nan	nan
-7.63221e-01	5.00000e-02	7.02159e-02	5.00000e-02	nan	nan
-1.40011e+00	5.00000e-02	3.01160e-01	5.00000e-02	nan	nan
-1.27949e+00	5.00000e-02	1.98193e-01	5.00000e-02	nan	nan
-8.95025e-01	5.00000e-02	1.52855e-01	5.00000e-02	nan	nan
-8.12705e-01	5.00000e-02	1.81106e-01	5.00000e-02	nan	nan
-1.38219e+00	5.00000e-02	3.10934e-01	5.00000e-02	nan	nan
-9.47696e-01	5.00000e-02	1.67941e-01	5.00000e-02	nan	nan
-1.15213e+00	5.00000e-02	2.54390e-01	5.00000e-02	nan	nan
-1.22190e+00	5.00000e-02	2.16229e-01	5.00000e-02	nan	nan
-8.94266e-01	5.00000e-02	2.42205e-01	5.00000e-02	nan	nan
-1.41301e+00	5.00000e-02	3.93488e-01	5.00000e-02	nan	nan
-1.41253e+00	5.00000e-02	2.87640e-01	5.00000e-02	nan	nan
-8.51262e-01	5.00000e-02	2.38812e-01	5.00000e-02	nan	nan
-1.12292e+00	5.00000e-02	2.32521e-01	5.00000e-02	nan	nan
-1.25244e+00	5.00000e-02	2.43570e-01	5.00000e-02	nan	nan
-8.42999e-01	5.00000e-02	1.51827e-01	5.00000e-02	nan	nan
-2.09332e+00	5.00000e-02	3.81233e-01	5.00000e-02	nan	nan
-6.34603e-01	5.00000e-02	8.96307e-02	5.00000e-02	nan	nan
-9.85028e-01	5.00000e-02	2.33748e-01	5.00000e-02	nan	nan
-8.06784e-01	5.00000e-02	2.99932e-02	5.00000e-02	nan	nan
-6.52554e-01	5.00000e-02	1.66247e-02	5.00000e-02	nan	nan
-1.23584e+00	5.00000e-02	3.56774e-01	5.00000e-02	nan	nan
-6.74242e-01	5.00000e-02	3.51068e-02	5.00000e-02	nan	nan
-1.74600e+00	5.00000e-02	4.11163e-01	5.00000e-02	nan	nan
-1.56817e+00	5.00000e-02	4.22452e-01	5.00000e-02	nan	nan
-1.09715e+00	5.00000e-02	1.97783e-01	5.00000e-02	nan	nan
-9.21786e-01	5.00000e-02	2.02081e-01	5.00000e-02	nan	nan
-1.23599e+00	5.00000e-02	3.28623e-01	5.00000e-02	nan	nan
-1.18963e+00	5.00000e-02	2.56920e-01	5.00000e-02	nan	nan
-1.13022e+00	5.00000e-02	2.87546e-01	5.00000e-02	nan	nan
-1.76160e+00	5.00000e-02	4.23843e-01	5.00000e-02	nan	nan
-5.69219e-01	5.00000e-02	3.22023e-02	5.00000e-02	nan	nan
-5.90347e-01	5.00000e-02	5.44506e-02	5.00000e-02	nan	nan
-7.82725e-01	5.00000e-02	1.54309e-01	5.00000e-02	nan	nan
-8.54876e-01	5.00000e-02	1.66114e-01	5.00000e-02	nan	nan
-7.19984e-01	5.00000e-02	1.24850e-01	5.00000e-02	nan	nan
-1.66577e+00	5.00000e-02	3.77944e-01	5.00000e-02	nan	nan
-7.93628e-01	5.00000e-02	3.39097e-02	5.00000e-02	nan	nan
-1.40121e+00	5.00000e-02	2.38870e-01	5.00000e-02	nan	nan
-6.83755e-01	5.00000e-02	1.17691e-01	5.00000e-02	nan	nan
-7.82289e-01	5.00000e-02	7.87939e-02	5.00000e-02	nan	nan
-1.12215e+00	5.00000e-02	9.17924e-02	5.00000e-02	nan	nan
-1.37559e+00	5.00000e-02	3.79805e-01	5.00000e-02	nan	nan
-1.72764e+00	5.00000e-02	3.62546e-01	5.00000e-02	nan	nan
-1.16760e+00	5.00000e-02	3.14631e-01	5.00000e-02	nan	nan
-6.38000e-01	5.00000e-02	2.06003e-02	5.00000e-02	nan	nan
-6.63872e-01	5.00000e-02	5.47280e-02	5.00000e-02	nan	nan
-1.49357e+00	5.00000e-02	2.81878e-01	5.00000e-02	nan	nan
-1.53922e+00	5.00000e-02	3.42164e-01	5.00000e-02	nan	nan
-9.44799e-01	5.00000e-02	2.02822e-01	5.00000e-02	nan	nan
-1.41057e+00	5.00000e-02	2.29791e-01	5.00000e-02	nan	nan
