# [Fe/H]	[Fe/H]_err	[O/Fe]	[O/Fe]_err	Log(age/Gyr)	Log(age/Gyr)_err
-5.89208e-01	5.00000e-02	1.14710e-02	5.00000e-02	8.57484e-01	1.00000e-01
-1.27341e+00	5.00000e-02	2.58207e-01	5.00000e-02	1.24655e+00	1.00000e-01
-1.09088e+00	5.00000e-02	1.42780e-01	5.00000e-02	1.03143e+00	1.00000e-01
-6.50691e-01	5.00000e-02	5.67859e-02	5.00000e-02	8.74560e-01	1.00000e-01
-4.71022e-01	5.00000e-02	2.44380e-02	5.00000e-02	7.95456e-01	1.00000e-01
-9.18566e-01	5.00000e-02	9.56126e-02	5.00000e-02	9.38092e-01	1.00000e-01
-9.32126e-01	5.00000e-02	1.45479e-01	5.00000e-02	1.04442e+00	1.00000e-01
-1.30938e+00	5.00000e-02	2.84575e-01	5.00000e-02	1.13998e+00	1.00000e-01
-1.24047e+00	5.00000e-02	2.38909e-01	5.00000e-02	1.01374e+00	1.00000e-01
-1.08815e+00	5.00000e-02	1.96024e-01	5.00000e-02	9.63656e-01	1.00000e-01
-1.19141e+00	5.00000e-02	2.06585e-01	5.00000e-02	1.03775e+00	1.00000e-01
-1.02414e+00	5.00000e-02	1.53585e-01	5.00000e-02	1.07915e+00	1.00000e-01
-1.04347e+00	5.00000e-02	2.14521e-01	5.00000e-02	9.97981e-01	1.00000e-01
-2.29465e+00	5.00000e-02	4.30651e-01	5.00000e-02	1.02509e+00	1.00000e-01
-8.29704e-01	5.00000e-02	1.36822e-01	5.00000e-02	9.60937e-01	1.00000e-01
-6.96239e-01	5.00000e-02	1.11431e-02	5.00000e-02	8.92460e-01	1.00000e-01
-8.15995e-01	5.00000e-02	1.89777e-01	5.00000e-02	1.05989e+00	1.00000e-01
-1.13252e+00	5.00000e-02	1.62992e-01	5.00000e-02	1.14089e+00	1.00000e-01
-6.36009e-01	5.00000e-02	4.85173e-02	5.00000e-02	8.10571e-01	1.00000e-01
-1.08141e+00	5.00000e-02	2.27033e-01	5.00000e-02	9.27752e-01	1.00000e-01
-1.46759e+00	5.00000e-02	3.06278e-01	5.00000e-02	9.97078e-01	1.00000e-01
-9.43103e-01	5.00000e-02	1.90010e-01	5.00000e-02	1.11064e+00	1.00000e-01
-9.25075e-01	5.00000e-02	2.11570e-01	5.00000e-02	1.00476e+00	1.00000e-01
-8.07535e-01	5.00000e-02	1.34625e-01	5.00000e-02	8.63035e-01	1.00000e-01
-1.00739e+00	5.00000e-02	1.81199e-01	5.00000e-02	1.02693e+00	1.00000e-01
-1.26473e+00	5.00000e-02	2.76043e-01	5.00000e-02	1.23289e+00	1.00000e-01
-1.50581e+00	5.00000e-02	3.19711e-01	5.00000e-02	1.06808e+00	1.00000e-01
-8.42809e-01	5.00000e-02	6.11624e-02	5.00000e-02	8.14910e-01	1.00000e-01
-1.13229e+00	5.00000e-02	2.54158e-01	5.00000e-02	1.09588e+00	1.00000e-01
-7.49414e-01	5.00000e-02	1.67449e-01	5.00000e-02	9.27795e-01	1.00000e-01
-1.55684e+00	5.00000e-02	3.00122e-01	5.00000e-02	1.27277e+00	1.00000e-01
-9.90308e-01	5.00000e-02	1.94825e-01	5.00000e-02	1.12591e+00	1.00000e-01
-1.48126e+00	5.00000e-02	2.63877e-01	5.00000e-02	9.86293e-01	1.00000e-01
-1.15206e+00	5.00000e-02	2.85627e-01	5.00000e-02	1.00154e+00	1.00000e-01
-4.06106e-01	5.00000e-02	9.97198e-02	5.00000e-02	8.13992e-01	1.00000e-01
-1.39311e+00	5.00000e-02	2.50045e-01	5.00000e-02	1.02634e+00	1.00000e-01
-7.08385e-01	5.00000e-02	1.42159e-01	5.00000e-02	9.81983e-01	1.00000e-01
-1.94735e+00	5.00000e-02	3.54808e-01	5.00000e-02	1.10165e+00	1.00000e-01
-1.43712e+00	5.00000e-02	3.58812e-01	5.00000e-02	9.10300e-01	1.00000e-01
-4.08236e-01	5.00000e-02	-8.82808e-02	5.00000e-02	6.70492e-01	1.00000e-01
-7.68009e-01	5.00000e-02	2.71907e-01	5.00000e-02	1.11054e+00	1.00000e-01
-1.34664e+00	5.00000e-02	3.16894e-01	5.00000e-02	1.14913e+00	1.00000e-01
-1.36371e+00	5.00000e-02	2.89466e-01	5.00000e-02	1.16363e+00	1.00000e-01
-1.60463e+00	5.00000e-02	3.97554e-01	5.00000e-02	1.10964e+00	1.00000e-01
-5.75489e-01	5.00000e-02	1.65564e-01	5.00000e-02	7.30709e-01	1.00000e-01
-2.07694e+00	5.00000e-02	4.35247e-01	5.00000e-02	9.78906e-01	1.00000e-01
-2.68371e+00	5.00000e-02	4.55664e-01	5.00000e-02	9.46497e-01	1.00000e-01
-1.49907e+00	5.00000e-02	3.95403e-01	5.00000e-02	1.06961e+00	1.00000e-01
-7.73361e-01	5.00000e-02	2.56418e-01	5.00000e-02	6.54764e-01	1.00000e-01
-7.53144e-01	5.00000e-02	1.09213e-01	5.00000e-02	7.82582e-01	1.00000e-01
-9.62239e-01	5.00000e-02	1.74569e-01	5.00000e-02	1.06812e+00	1.00000e-01
-7.08420e-01	5.00000e-02	4.26062e-02	5.00000e-02	9.41597e-01	1.00000e-01
-7.25777e-01	5.00000e-02	1.34125e-01	5.00000e-02	9.20124e-01	1.00000e-01
-1.60204e+00	5.00000e-02	2.82004e-01	5.00000e-02	1.10148e+00	1.00000e-01
-1.08543e+00	5.00000e-02	2.78749e-01	5.00000e-02	1.22886e+00	1.00000e-01
-5.53223e-01	5.00000e-02	4.68358e-02	5.00000e-02	1.00513e+00	1.00000e-01
-8.33515e-01	5.00000e-02	1.20146e-01	5.00000e-02	9.94840e-01	1.00000e-01
-1.14033e+00	5.00000e-02	2.92692e-01	5.00000e-02	9.61618e-01	1.00000e-01
-1.33338e+00	5.00000e-02	2.68593e-01	5.00000e-02	1.16811e+00	1.00000e-01
-1.17060e+00	5.00000e-02	2.39631e-01	5.00000e-02	1.08955e+00	1.00000e-01
-8.80326e-01	5.00000e-02	1.63958e-01	5.00000e-02	9.74775e-01	1.00000e-01
-9.61224e-01	5.00000e-02	1.49109e-01	5.00000e-02	9.26971e-01	1.00000e-01
-6.32908e-01	5.00000e-02	9.60121e-02	5.00000e-02	7.76774e-01	1.00000e-01
-8.77064e-01	5.00000e-02	1.25999e-01	5.00000e-02	1.05930e+00	1.00000e-01
-1.75069e+00	5.00000e-02	3.90723e-01	5.00000e-02	1.11003e+00	1.00000e-01
-1.12504e+00	5.00000e-02	3.10170e-01	5.00000e-02	1.01132e+00	1.00000e-01
-9.29078e-01	5.00000e-02	1.25443e-01	5.00000e-02	9.33047e-01	1.00000e-01
-1.45010e+00	5.00000e-02	4.00075e-01	5.00000e-02	1.06001e+00	1.00000e-01
-1.28571e+00	5.00000e-02	2.70017e-01	5.00000e-02	8.76914e-01	1.00000e-01
-1.04920e+00	5.00000e-02	3.08620e-01	5.00000e-02	1.02213e+00	1.00000e-01
-1.76604e+00	5.00000e-02	3.57702e-01	5.00000e-02	1.19863e+00	1.00000e-01
-1.16197e+00	5.00000e-02	2.89610e-01	5.00000e-02	9.38153e-01	1.00000e-01
-1.11023e+00	5.00000e-02	2.41465e-01	5.00000e-02	8.66969e-01	1.00000e-01
-1.52530e+00	5.00000e-02	3.95229e-01	5.00000e-02	1.06279e+00	1.00000e-01
-1.42304e+00	5.00000e-02	3.86621e-01	5.00000e-02	1.03937e+00	1.00000e-01
-6.07763e-01	5.00000e-02	1.87390e-02	5.00000e-02	7.82901e-01	1.00000e-01
-1.15694e+00	5.00000e-02	2.21108e-01	5.00000e-02	1.11840e+00	1.00000e-01
-6.49291e-01	5.00000e-02	5.21201e-02	5.00000e-02	8.37758e-01	1.00000e-01
-8.98431e-01	5.00000e-02	2.29721e-01	5.00000e-02	9.27737e-01	1.00000e-01
-2.52366e+00	5.00000e-02	3.65362e-01	5.00000e-02	1.12953e+00	1.00000e-01
-7.86149e-01	5.00000e-02	1.53182e-01	5.00000e-02	1.04406e+00	1.00000e-01
-3.92177e-01	5.00000e-02	5.34592e-02	5.00000e-02	8.62678e-01	1.00000e-01
-4.66313e-01	5.00000e-02	4.07352e-03	5.00000e-02	8.12519e-01	1.00000e-01
-4.75575e-01	5.00000e-02	1.20781e-02	5.00000e-02	6.96267e-01	1.00000e-01
-6.82575e-01	5.00000e-02	1.48215e-01	5.00000e-02	9.43934e-01	1.00000e-01
-1.81828e+00	5.00000e-02	4.69806e-01	5.00000e-02	1.18543e+00	1.00000e-01
-6.46367e-01	5.00000e-02	1.02409e-01	5.00000e-02	7.96688e-01	1.00000e-01
-1.80318e+00	5.00000e-02	4.19002e-01	5.00000e-02	1.08369e+00	1.00000e-01
-1.10085e+00	5.00000e-02	1.96394e-01	5.00000e-02	1.15336e+00	1.00000e-01
-3.73774e-01	5.00000e-02	-1.29215e-01	5.00000e-02	5.12455e-01	1.00000e-01
-1.37646e+00	5.00000e-02	3.05289e-01	5.00000e-02	1.01446e+00	1.00000e-01
-6.30200e-01	5.00000e-02	1.65859e-01	5.00000e-02	7.92954e-01	1.00000e-01
-1.19120e+00	5.00000e-02	1.40026e-01	5.00000e-02	1.18213e+00	1.00000e-01
-1.13250e+00	5.00000e-02	2.37194e-01	5.00000e-02	8.60479e-01	1.00000e-01
-1.42811e+00	5.00000e-02	2.88382e-01	5.00000e-02	1.21138e+00	1.00000e-01
-9.41278e-01	5.00000e-02	1.75768e-01	5.00000e-02	1.09665e+00	1.00000e-01
-7.55975e-01	5.00000e-02	1.43497e-01	5.00000e-02	9.03409e-01	1.00000e-01
-1.32659e+00	5.00000e-02	2.41876e-01	5.00000e-02	8.97095e-01	1.00000e-01
-8.91237e-01	5.00000e-02	1.07820e-01	5.00000e-02	9.93330e-01	1.00000e-01
-1.21812e+00	5.00000e-02	2.14930e-01	5.00000e-02	1.05969e+00	1.00000e-01
-1.27183e+00	5.00000e-02	2.47328e-01	5.00000e-02	8.49904e-01	1.00000e-01
-1.78670e+00	5.00000e-02	2.62300e-01	5.00000e-02	1.08019e+00	1.00000e-01
-1.42660e+00	5.00000e-02	3.21090e-01	5.00000e-02	1.08905e+00	1.00000e-01
-1.05148e+00	5.00000e-02	2.99807e-01	5.00000e-02	1.08138e+00	1.00000e-01
-1.18613e+00	5.00000e-02	2.52244e-01	5.00000e-02	1.10610e+00	1.00000e-01
-1.70204e+00	5.00000e-02	3.35274e-01	5.00000e-02	1.13322e+00	1.00000e-01
-7.96145e-01	5.00000e-02	1.52625e-01	5.00000e-02	9.94323e-01	1.00000e-01
-1.30499e+00	5.00000e-02	3.43992e-01	5.00000e-02	1.17207e+00	1.00000e-01
-6.85790e-01	5.00000e-02	5.32753e-02	5.00000e-02	7.88765e-01	1.00000e-01
-8.78037e-01	5.00000e-02	2.40124e-01	5.00000e-02	8.43639e-01	1.00000e-01
-1.31962e+00	5.00000e-02	2.99627e-01	5.00000e-02	9.15061e-01	1.00000e-01
-9.68274e-01	5.00000e-02	8.14472e-02	5.00000e-02	8.96090e-01	1.00000e-01
-6.58989e-01	5.00000e-02	1.54292e-01	5.00000e-02	8.97501e-01	1.00000e-01
-2.28319e+00	5.00000e-02	4.03259e-01	5.00000e-02	1.07129e+00	1.00000e-01
-7.28088e-01	5.00000e-02	1.68403e-01	5.00000e-02	1.02787e+00	1.00000e-01
-9.09977e-01	5.00000e-02	6.08538e-02	5.00000e-02	9.83715e-01	1.00000e-01
-1.33931e+00	5.00000e-02	2.33323e-01	5.00000e-02	1.03079e+00	1.00000e-01
-9.59759e-01	5.00000e-02	1.71739e-01	5.00000e-02	9.29322e-01	1.00000e-01
-9.95757e-01	5.00000e-02	2.08303e-01	5.00000e-02	9.03585e-01	1.00000e-01
-1.24244e+00	5.00000e-02	3.17144e-01	5.00000e-02	1.12398e+00	1.00000e-01
-8.21523e-01	5.00000e-02	1.49869e-01	5.00000e-02	9.83447e-01	1.00000e-01
-5.32758e-01	5.00000e-02	-7.40419e-02	5.00000e-02	1.05181e+00	1.00000e-01
-6.59410e-01	5.00000e-02	1.22949e-01	5.00000e-02	9.20520e-01	1.00000e-01
-1.05086e+00	5.00000e-02	2.16929e-01	5.00000e-02	9.65628e-01	1.00000e-01
-5.69917e-01	5.00000e-02	1.24959e-01	5.00000e-02	8.71542e-01	1.00000e-01
-1.91650e-01	5.00000e-02	-1.25597e-01	5.00000e-02	5.83025e-01	1.00000e-01
-1.22775e+00	5.00000e-02	2.84077e-01	5.00000e-02	1.05675e+00	1.00000e-01
-1.44885e+00	5.00000e-02	4.46569e-01	5.00000e-02	1.06618e+00	1.00000e-01
-8.82179e-01	5.00000e-02	1.14973e-01	5.00000e-02	8.68705e-01	1.00000e-01
-1.53032e+00	5.00000e-02	2.93189e-01	5.00000e-02	9.98174e-01	1.00000e-01
-5.12476e-01	5.00000e-02	4.21975e-02	5.00000e-02	9.03218e-01	1.00000e-01
-1.16768e+00	5.00000e-02	1.98064e-01	5.00000e-02	1.14837e+00	1.00000e-01
-5.61300e-01	5.00000e-02	1.14674e-01	5.00000e-02	6.09610e-01	1.00000e-01
-7.72320e-01	5.00000e-02	1.78049e-01	5.00000e-02	1.01007e+00	1.00000e-01
-7.67386e-01	5.00000e-02	8.00287e-02	5.00000e-02	6.70176e-01	1.00000e-01
-9.89185e-01	5.00000e-02	2.05860e-01	5.00000e-02	1.03675e+00	1.00000e-01
-8.44845e-01	5.00000e-02	1.57566e-01	5.00000e-02	9.39822e-01	1.00000e-01
-1.37247e+00	5.00000e-02	3.34556e-01	5.00000e-02	1.15021e+00	1.00000e-01
-1.58133e+00	5.00000e-02	3.17427e-01	5.00000e-02	1.22639e+00	1.00000e-01
-1.29888e+00	5.00000e-02	2.85349e-01	5.00000e-02	9.30246e-01	1.00000e-01
-1.01350e+00	5.00000e-02	2.19555e-01	5.00000e-02	7.12876e-01	1.00000e-01
-1.41519e+00	5.00000e-02	2.01328e-01	5.00000e-02	1.00408e+00	1.00000e-01
-1.25352e+00	5.00000e-02	2.70546e-01	5.00000e-02	1.05365e+00	1.00000e-01
-1.43038e+00	5.00000e-02	2.51598e-01	5.00000e-02	1.23005e+00	1.00000e-01
-8.78812e-01	5.00000e-02	1.71834e-01	5.00000e-02	1.10733e+00	1.00000e-01
-8.52737e-01	5.00000e-02	1.48200e-01	5.00000e-02	9.18832e-01	1.00000e-01
-1.55261e+00	5.00000e-02	2.66470e-01	5.00000e-02	1.06101e+00	1.00000e-01
-1.91435e+00	5.00000e-02	3.75024e-01	5.00000e-02	1.09498e+00	1.00000e-01
-1.85278e+00	5.00000e-02	4.72160e-01	5.00000e-02	1.03657e+00	1.00000e-01
-1.78602e+00	5.00000e-02	3.75333e-01	5.00000e-02	9.29501e-01	1.00000e-01
-1.20090e+00	5.00000e-02	2.95374e-01	5.00000e-02	9.47360e-01	1.00000e-01
-1.43715e+00	5.00000e-02	3.32410e-01	5.00000e-02	1.08397e+00	1.00000e-01
-1.32583e+00	5.00000e-02	2.31730e-01	5.00000e-02	1.00550e+00	1.00000e-01
-1.12841e+00	5.00000e-02	1.35733e-01	5.00000e-02	9.22211e-01	1.00000e-01
-1.10057e+00	5.00000e-02	1.67005e-01	5.00000e-02	9.11629e-01	1.00000e-01
-8.90692e-01	5.00000e-02	1.52887e-01	5.00000e-02	1.04694e+00	1.00000e-01
-1.37385e+00	5.00000e-02	3.37880e-01	5.00000e-02	9.48000e-01	1.00000e-01
-4.89268e-01	5.00000e-02	-6.04260e-02	5.00000e-02	4.85845e-01	1.00000e-01
-1.53585e+00	5.00000e-02	3.23610e-01	5.00000e-02	1.10952e+00	1.00000e-01
-1.18069e+00	5.00000e-02	1.67006e-01	5.00000e-02	1.14134e+00	1.00000e-01
-6.25019e-01	5.00000e-02	3.85061e-02	5.00000e-02	7.93590e-01	1.00000e-01
-1.26353e+00	5.00000e-02	2.59617e-01	5.00000e-02	1.09207e+00	1.00000e-01
-8.47467e-01	5.00000e-02	1.20251e-01	5.00000e-02	9.28539e-01	1.00000e-01
-1.53799e+00	5.00000e-02	2.69473e-01	5.00000e-02	1.19624e+00	1.00000e-01
-1.07705e+00	5.00000e-02	1.93008e-01	5.00000e-02	1.15469e+00	1.00000e-01
-8.24548e-01	5.00000e-02	1.17358e-01	5.00000e-02	9.94896e-01	1.00000e-01
-4.94463e-01	5.00000e-02	8.41635e-02	5.00000e-02	9.65801e-01	1.00000e-01
-4.96248e-01	5.00000e-02	1.14951e-01	5.00000e-02	8.59146e-01	1.00000e-01
-6.21201e-01	5.00000e-02	1.76150e-01	5.00000e-02	8.27872e-01	1.00000e-01
-8.09625e-01	5.00000e-02	2.32821e-01	5.00000e-02	9.48932e-01	1.00000e-01
-5.63206e-01	5.00000e-02	1.61136e-01	5.00000e-02	8.38229e-01	1.00000e-01
-1.43508e+00	5.00000e-02	3.26762e-01	5.00000e-02	1.22395e+00	1.00000e-01
-1.34267e+00	5.00000e-02	2.60079e-01	5.00000e-02	1.18190e+00	1.00000e-01
-1.17849e+00	5.00000e-02	2.40278e-01	5.00000e-02	1.04874e+00	1.00000e-01
-1.39691e+00	5.00000e-02	2.57664e-01	5.00000e-02	1.01717e+00	1.00000e-01
-4.28034e-01	5.00000e-02	-2.16963e-02	5.00000e-02	6.43791e-01	1.00000e-01
-8.21393e-01	5.00000e-02	1.56679e-01	5.00000e-02	8.83995e-01	1.00000e-01
-1.25167e+00	5.00000e-02	2.04309e-01	5.00000e-02	1.07060e+00	1.00000e-01
-7.35816e-01	5.00000e-02	9.46283e-02	5.00000e-02	1.03835e+00	1.00000e-01
-1.11407e+00	5.00000e-02	1.44281e-01	5.00000e-02	8.03808e-01	1.00000e-01
-4.33025e-01	5.00000e-02	1.73717e-02	5.00000e-02	5.80549e-01	1.00000e-01
-9.54852e-01	5.00000e-02	2.14273e-01	5.00000e-02	9.46031e-01	1.00000e-01
-7.69301e-01	5.00000e-02	1.49507e-01	5.00000e-02	9.52649e-01	1.00000e-01
-1.10503e+00	5.00000e-02	2.66787e-01	5.00000e-02	9.53732e-01	1.00000e-01
-6.99963e-01	5.00000e-02	1.23319e-01	5.00000e-02	9.27180e-01	1.00000e-01
-3.26053e-01	5.00000e-02	-3.12258e-02	5.00000e-02	5.74485e-01	1.00000e-01
-6.70994e-01	5.00000e-02	5.48384e-02	5.00000e-02	9.29190e-01	1.00000e-01
-1.38642e+00	5.00000e-02	3.01148e-01	5.00000e-02	1.02056e+00	1.00000e-01
-6.57582e-01	5.00000e-02	5.78216e-02	5.00000e-02	8.39947e-01	1.00000e-01
-1.11844e+00	5.00000e-02	2.61641e-01	5.00000e-02	1.06271e+00	1.00000e-01
-8.14630e-01	5.00000e-02	1.52435e-01	5.00000e-02	9.30922e-01	1.00000e-01
-7.30992e-01	5.00000e-02	1.24118e-01	5.00000e-02	7.60330e-01	1.00000e-01
-8.64867e-01	5.00000e-02	1.61791e-01	5.00000e-02	9.69924e-01	1.00000e-01
-1.28458e+00	5.00000e-02	2.80951e-01	5.00000e-02	1.14780e+00	1.00000e-01
-3.30649e-01	5.00000e-02	-1.13502e-01	5.00000e-02	6.30525e-01	1.00000e-01
-9.13090e-01	5.00000e-02	1.62374e-01	5.00000e-02	1.02068e+00	1.00000e-01
-1.07881e+00	5.00000e-02	2.01814e-01	5.00000e-02	1.02910e+00	1.00000e-01
-1.02465e+00	5.00000e-02	2.86211e-01	5.00000e-02	8.69883e-01	1.00000e-01
-1.25632e+00	5.00000e-02	2.84173e-01	5.00000e-02	9.74462e-01	1.00000e-01
-1.15840e+00	5.00000e-02	2.93692e-01	5.00000e-02	1.11855e+00	1.00000e-01
-1.37789e+00	5.00000e-02	2.98335e-01	5.00000e-02	9.58208e-01	1.00000e-01
-1.30362e+00	5.00000e-02	1.98320e-01	5.00000e-02	1.12000e+00	1.00000e-01
-1.34968e+00	5.00000e-02	3.31846e-01	5.00000e-02	9.68082e-01	1.00000e-01
-1.23794e+00	5.00000e-02	1.85885e-01	5.00000e-02	1.13294e+00	1.00000e-01
-1.23911e+00	5.00000e-02	2.57905e-01	5.00000e-02	1.01599e+00	1.00000e-01
-6.02543e-01	5.00000e-02	1.55995e-01	5.00000e-02	7.83362e-01	1.00000e-01
-9.56084e-01	5.00000e-02	1.60056e-01	5.00000e-02	8.74705e-01	1.00000e-01
-1.54056e+00	5.00000e-02	2.99308e-01	5.00000e-02	1.16493e+00	1.00000e-01
-1.05510e+00	5.00000e-02	2.64360e-01	5.00000e-02	8.56488e-01	1.00000e-01
-9.19102e-01	5.00000e-02	1.61978e-01	5.00000e-02	9.85272e-01	1.00000e-01
-8.82418e-01	5.00000e-02	1.69599e-01	5.00000e-02	9.63439e-01	1.00000e-01
-1.15495e+00	5.00000e-02	1.97501e-01	5.00000e-02	9.67039e-01	1.00000e-01
-1.10954e+00	5.00000e-02	2.30234e-01	5.00000e-02	9.93899e-01	1.00000e-01
-1.76564e+00	5.00000e-02	3.63166e-01	5.00000e-02	1.08264e+00	1.00000e-01
-7.77858e-01	5.00000e-02	1.42238e-01	5.00000e-02	1.03413e+00	1.00000e-01
-1.63998e+00	5.00000e-02	4.21031e-01	5.00000e-02	1.30573e+00	1.00000e-01
-9.34220e-01	5.00000e-02	1.88307e-01	5.00000e-02	9.95556e-01	1.00000e-01
-1.00358e+00	5.00000e-02	2.91865e-01	5.00000e-02	1.12849e+00	1.00000e-01
-5.36289e-01	5.00000e-02	-5.38384e-02	5.00000e-02	7.94671e-01	1.00000e-01
-7.80842e-01	5.00000e-02	7.58528e-02	5.00000e-02	8.68442e-01	1.00000e-01
-8.84375e-01	5.00000e-02	8.36704e-02	5.00000e-02	9.45502e-01	1.00000e-01
-1.69495e+00	5.00000e-02	2.78468e-01	5.00000e-02	1.11212e+00	1.00000e-01
-6.28853e-01	5.00000e-02	4.70243e-02	5.00000e-02	1.04144e+00	1.00000e-01
-1.84079e+00	5.00000e-02	3.70615e-01	5.00000e-02	9.75836e-01	1.00000e-01
-5.85407e-01	5.00000e-02	-2.48639e-02	5.00000e-02	8.06685e-01	1.00000e-01
-8.07534e-01	5.00000e-02	1.16539e-01	5.00000e-02	9.12319e-01	1.00000e-01
-1.10413e+00	5.00000e-02	1.87218e-01	5.00000e-02	1.12512e+00	1.00000e-01
-1.09361e+00	5.00000e-02	2.89293e-01	5.00000e-02	8.98559e-01	1.00000e-01
-9.12212e-01	5.00000e-02	1.37074e-01	5.00000e-02	1.03457e+00	1.00000e-01
-1.06507e+00	5.00000e-02	1.00841e-01	5.00000e-02	1.03212e+00	1.00000e-01
-1.14309e+00	5.00000e-02	2.53278e-01	5.00000e-02	7.45862e-01	1.00000e-01
-7.13852e-01	5.00000e-02	7.07634e-02	5.00000e-02	9.87311e-01	1.00000e-01
-1.34618e+00	5.00000e-02	2.13975e-01	5.00000e-02	8.90038e-01	1.00000e-01
-7.10360e-01	5.00000e-02	8.98967e-02	5.00000e-02	8.93722e-01	1.00000e-01
-1.38753e+00	5.00000e-02	3.38929e-01	5.00000e-02	9.56220e-01	1.00000e-01
-1.38863e+00	5.00000e-02	2.59199e-01	5.00000e-02	9.47940e-01	1.00000e-01
-3.10665e-01	5.00000e-02	-3.29867e-02	5.00000e-02	5.86649e-01	1.00000e-01
-1.58691e+00	5.00000e-02	2.96137e-01	5.00000e-02	1.25550e+00	1.00000e-01
-1.13082e+00	5.00000e-02	1.49165e-01	5.00000e-02	1.02989e+00	1.00000e-01
-8.11166e-01	5.00000e-02	1.47357e-01	5.00000e-02	9.28944e-01	1.00000e-01
-1.51435e+00	5.00000e-02	3.90196e-01	5.00000e-02	9.35693e-01	1.00000e-01
-8.65904e-01	5.00000e-02	1.39461e-01	5.00000e-02	8.52032e-01	1.00000e-01
-6.89981e-01	5.00000e-02	1.19028e-01	5.00000e-02	1.01393e+00	1.00000e-01
-4.77211e-01	5.00000e-02	3.71066e-02	5.00000e-02	7.55679e-01	1.00000e-01
-6.04966e-01	5.00000e-02	7.50469e-02	5.00000e-02	6.31309e-01	1.00000e-01
-8.64037e-01	5.00000e-02	1.62335e-01	5.00000e-02	7.80850e-01	1.00000e-01
-1.39664e+00	5.00000e-02	3.98071e-01	5.00000e-02	8.97560e-01	1.00000e-01
-2.03362e+00	5.00000e-02	4.29389e-01	5.00000e-02	1.06519e+00	1.00000e-01
-9.35963e-01	5.00000e-02	1.74972e-01	5.00000e-02	9.84352e-01	1.00000e-01
-1.21063e+00	5.00000e-02	1.56602e-01	5.00000e-02	1.13745e+00	1.00000e-01
-7.45369e-01	5.00000e-02	1.53769e-01	5.00000e-02	1.02003e+00	1.00000e-01
-1.33812e+00	5.00000e-02	3.19129e-01	5.00000e-02	8.48530e-01	1.00000e-01
-1.14175e+00	5.00000e-02	1.74975e-01	5.00000e-02	1.07412e+00	1.00000e-01
-2.92052e-01	5.00000e-02	-2.22523e-01	5.00000e-02	7.09734e-01	1.00000e-01
-7.45810e-01	5.00000e-02	1.19966e-01	5.00000e-02	1.04426e+00	1.00000e-01
-7.54075e-01	5.00000e-02	2.04027e-01	5.00000e-02	9.88748e-01	1.00000e-01
-1.08268e+00	5.00000e-02	1.97652e-01	5.00000e-02	8.26235e-01	1.00000e-01
-1.07079e+00	5.00000e-02	2.54284e-01	5.00000e-02	9.59901e-01	1.00000e-01
-1.67174e+00	5.00000e-02	3.81345e-01	5.00000e-02	1.10173e+00	1.00000e-01
-6.93146e-01	5.00000e-02	8.81575e-02	5.00000e-02	1.07276e+00	1.00000e-01
-9.90137e-01	5.00000e-02	2.15919e-01	5.00000e-02	9.66496e-01	1.00000e-01
-1.72899e+00	5.00000e-02	3.26650e-01	5.00000e-02	1.02717e+00	1.00000e-01
-1.51910e+00	5.00000e-02	2.89500e-01	5.00000e-02	1.09862e+00	1.00000e-01
-1.27855e+00	5.00000e-02	3.00254e-01	5.00000e-02	1.04201e+00	1.00000e-01
-1.02261e+00	5.00000e-02	1.71522e-01	5.00000e-02	9.95117e-01	1.00000e-01
-1.20459e+00	5.00000e-02	3.20020e-01	5.00000e-02	1.05921e+00	1.00000e-01
-4.89928e-01	5.00000e-02	1.35985e-02	5.00000e-02	8.29319e-01	1.00000e-01
-8.04423e-01	5.00000e-02	1.59669e-01	5.00000e-02	1.02981e+00	1.00000e-01
-9.11983e-01	5.00000e-02	1.91813e-01	5.00000e-02	1.04411e+00	1.00000e-01
-7.88768e-01	5.00000e-02	9.76092e-02	5.00000e-02	9.55035e-01	1.00000e-01
-1.15748e+00	5.00000e-02	2.39953e-01	5.00000e-02	9.92992e-01	1.00000e-01
-1.29672e+00	5.00000e-02	2.04371e-01	5.00000e-02	9.39743e-01	1.00000e-01
-6.49287e-01	5.00000e-02	2.04240e-01	5.00000e-02	1.00277e+00	1.00000e-01
-1.01618e+00	5.00000e-02	2.18592e-01	5.00000e-02	1.00822e+00	1.00000e-01
-1.75580e+00	5.00000e-02	3.11997e-01	5.00000e-02	1.15359e+00	1.00000e-01
-1.27181e+00	5.00000e-02	2.56642e-01	5.00000e-02	1.09175e+00	1.00000e-01
-1.10016e+00	5.00000e-02	2.40197e-01	5.00000e-02	1.03940e+00	1.00000e-01
-9.59387e-01	5.00000e-02	2.47414e-01	5.00000e-02	8.27889e-01	1.00000e-01
-8.46487e-01	5.00000e-02	1.23092e-01	5.00000e-02	1.02925e+00	1.00000e-01
-9.36440e-01	5.00000e-02	2.00654e-01	5.00000e-02	9.05021e-01	1.00000e-01
-1.12316e+00	5.00000e-02	2.13234e-01	5.00000e-02	9.52674e-01	1.00000e-01
-5.57671e-01	5.00000e-02	1.21346e-02	5.00000e-02	9.49209e-01	1.00000e-01
-2.37822e+00	5.00000e-02	3.70490e-01	5.00000e-02	1.16692e+00	1.00000e-01
-1.16971e+00	5.00000e-02	2.18041e-01	5.00000e-02	1.05131e+00	1.00000e-01
-7.87932e-01	5.00000e-02	1.91817e-01	5.00000e-02	1.01220e+00	1.00000e-01
-9.59699e-01	5.00000e-02	1.50503e-01	5.00000e-02	9.79691e-01	1.00000e-01
-5.32544e-01	5.00000e-02	5.35643e-02	5.00000e-02	9.18487e-01	1.00000e-01
-1.39348e+00	5.00000e-02	3.24344e-01	5.00000e-02	1.04182e+00	1.00000e-01
-9.56075e-01	5.00000e-02	2.03297e-01	5.00000e-02	1.07107e+00	1.00000e-01
-8.05814e-01	5.00000e-02	1.03820e-01	5.00000e-02	9.87581e-01	1.00000e-01
-1.05665e+00	5.00000e-02	2.47471e-01	5.00000e-02	9.74997e-01	1.00000e-01
-7.39421e-01	5.00000e-02	9.01312e-02	5.00000e-02	9.27445e-01	1.00000e-01
-6.70690e-01	5.00000e-02	3.70063e-02	5.00000e-02	1.01135e+00	1.00000e-01
-3.78510e-01	5.00000e-02	-1.65671e-01	5.00000e-02	6.25948e-01	1.00000e-01
-6.08020e-01	5.00000e-02	1.08272e-01	5.00000e-02	7.94175e-01	1.00000e-01
-7.04906e-01	5.00000e-02	9.68995e-02	5.00000e-02	8.16688e-01	1.00000e-01
-7.78555e-01	5.00000e-02	2.38710e-01	5.00000e-02	9.16994e-01	1.00000e-01
-1.16477e+00	5.00000e-02	3.35601e-01	5.00000e-02	1.16872e+00	1.00000e-01
-9.03207e-01	5.00000e-02	2.25203e-01	5.00000e-02	9.47610e-01	1.00000e-01
-1.10424e+00	5.00000e-02	1.56801e-01	5.00000e-02	8.74222e-01	1.00000e-01
-1.07618e+00	5.00000e-02	2.76633e-01	5.00000e-02	1.05499e+00	1.00000e-01
-1.75085e+00	5.00000e-02	3.57116e-01	5.00000e-02	1.10754e+00	1.00000e-01
-1.77386e+00	5.00000e-02	3.72756e-01	5.00000e-02	1.20636e+00	1.00000e-01
-1.51811e+00	5.00000e-02	2.72172e-01	5.00000e-02	1.16686e+00	1.00000e-01
-9.70265e-01	5.00000e-02	2.44812e-01	5.00000e-02	1.20935e+00	1.00000e-01
-4.11477e-01	5.00000e-02	-2.99273e-02	5.00000e-02	7.37140e-01	1.00000e-01
-1.10242e+00	5.00000e-02	2.14516e-01	5.00000e-02	1.11668e+00	1.00000e-01
-1.96741e+00	5.00000e-02	4.40622e-01	5.00000e-02	1.02359e+00	1.00000e-01
-4.53090e-01	5.00000e-02	-3.73338e-02	5.00000e-02	6.80073e-01	1.00000e-01
-3.91833e-01	5.00000e-02	-1.02441e-01	5.00000e-02	3.56467e-01	1.00000e-01
-8.63776e-01	5.00000e-02	1.47278e-01	5.00000e-02	8.25755e-01	1.00000e-01
-1.26440e+00	5.00000e-02	2.49744e-01	5.00000e-02	1.09032e+00	1.00000e-01
-3.89188e-01	5.00000e-02	6.90870e-03	5.00000e-02	5.70006e-01	1.00000e-01
-7.55278e-01	5.00000e-02	1.26487e-01	5.00000e-02	8.76875e-01	1.00000e-01
-1.00545e+00	5.00000e-02	2.77890e-01	5.00000e-02	1.14375e+00	1.00000e-01
-9.73444e-01	5.00000e-02	2.18746e-01	5.00000e-02	9.73588e-01	1.00000e-01
-1.15478e+00	5.00000e-02	2.41082e-01	5.00000e-02	1.06480e+00	1.00000e-01
-1.54897e+00	5.00000e-02	3.26821e-01	5.00000e-02	1.02823e+00	1.00000e-01
-1.83533e+00	5.00000e-02	4.03859e-01	5.00000e-02	1.19794e+00	1.00000e-01
-2.18487e+00	5.00000e-02	4.67630e-01	5.00000e-02	1.10523e+00	1.00000e-01
-8.53883e-01	5.00000e-02	2.36248e-01	5.00000e-02	8.95346e-01	1.00000e-01
-9.66213e-01	5.00000e-02	1.69859e-01	5.00000e-02	1.07439e+00	1.00000e-01
-7.64445e-01	5.00000e-02	1.92041e-01	5.00000e-02	9.27223e-01	1.00000e-01
-5.62234e-01	5.00000e-02	3.25277e-02	5.00000e-02	8.55763e-01	1.00000e-01
-1.08578e+00	5.00000e-02	2.21517e-01	5.00000e-02	9.10947e-01	1.00000e-01
-8.64382e-01	5.00000e-02	2.14640e-01	5.00000e-02	8.04371e-01	1.00000e-01
-5.16738e-01	5.00000e-02	2.68970e-02	5.00000e-02	8.37832e-01	1.00000e-01
-2.32077e+00	5.00000e-02	4.63937e-01	5.00000e-02	1.05604e+00	1.00000e-01
-8.45103e-01	5.00000e-02	1.34075e-01	5.00000e-02	9.30799e-01	1.00000e-01
-1.51293e+00	5.00000e-02	4.13345e-01	5.00000e-02	1.07024e+00	1.00000e-01
-7.70775e-01	5.00000e-02	8.82098e-02	5.00000e-02	9.68898e-01	1.00000e-01
-7.60152e-01	5.00000e-02	1.74886e-01	5.00000e-02	1.04517e+00	1.00000e-01
-1.19579e+00	5.00000e-02	1.88173e-01	5.00000e-02	1.10736e+00	1.00000e-01
-8.05485e-01	5.00000e-02	1.47903e-01	5.00000e-02	9.29286e-01	1.00000e-01
-2.38324e+00	5.00000e-02	4.99695e-01	5.00000e-02	1.11980e+00	1.00000e-01
-7.93273e-01	5.00000e-02	1.29690e-01	5.00000e-02	9.90521e-01	1.00000e-01
-1.42972e+00	5.00000e-02	2.52522e-01	5.00000e-02	1.08189e+00	1.00000e-01
-9.56848e-01	5.00000e-02	2.18950e-01	5.00000e-02	9.87373e-01	1.00000e-01
-8.99635e-01	5.00000e-02	1.86519e-01	5.00000e-02	1.08488e+00	1.00000e-01
-1.23791e+00	5.00000e-02	3.19542e-01	5.00000e-02	1.02446e+00	1.00000e-01
-1.03479e+00	5.00000e-02	2.67856e-01	5.00000e-02	9.32779e-01	1.00000e-01
-9.99619e-01	5.00000e-02	2.20419e-01	5.00000e-02	1.19327e+00	1.00000e-01
-8.31768e-01	5.00000e-02	1.79429e-01	5.00000e-02	9.25729e-01	1.00000e-01
-1.30681e+00	5.00000e-02	3.19704e-01	5.00000e-02	1.07813e+00	1.00000e-01
-1.91683e+00	5.00000e-02	3.96196e-01	5.00000e-02	1.16019e+00	1.00000e-01
-1.06794e+00	5.00000e-02	2.25797e-01	5.00000e-02	1.12415e+00	1.00000e-01
-8.16376e-01	5.00000e-02	7.15824e-02	5.00000e-02	7.79743e-01	1.00000e-01
-1.04337e+00	5.00000e-02	2.15072e-01	5.00000e-02	9.75407e-01	1.00000e-01
-1.04462e+00	5.00000e-02	1.76931e-01	5.00000e-02	8.97404e-01	1.00000e-01
-1.11600e+00	5.00000e-02	2.13507e-01	5.00000e-02	1.10206e+00	1.00000e-01
-1.06940e+00	5.00000e-02	1.66935e-01	5.00000e-02	nan	nan
-1.14091e+00	5.00000e-02	1.86355e-01	5.00000e-02	nan	nan
-1.97298e+00	5.00000e-02	3.29331e-01	5.00000e-02	nan	nan
-7.72495e-01	5.00000e-02	6.18445e-02	5.00000e-02	nan	nan
-1.03223e+00	5.00000e-02	2.05291e-01	5.00000e-02	nan	nan
-7.36683e-01	5.00000e-02	8.54614e-02	5.00000e-02	nan	nan
-8.17727e-01	5.00000e-02	1.13124e-01	5.00000e-02	nan	nan
-1.08239e+00	5.00000e-02	3.33829e-01	5.00000e-02	nan	nan
-7.95169e-01	5.00000e-02	1.86307e-01	5.00000e-02	nan	nan
-1.00205e+00	5.00000e-02	1.06948e-01	5.00000e-02	nan	nan
-1.35294e+00	5.00000e-02	2.46533e-01	5.00000e-02	nan	nan
-1.64442e+00	5.00000e-02	2.49780e-01	5.00000e-02	nan	nan
-1.18247e+00	5.00000e-02	2.30136e-01	5.00000e-02	nan	nan
-1.59466e+00	5.00000e-02	3.44690e-01	5.00000e-02	nan	nan
-8.54168e-01	5.00000e-02	1.76752e-01	5.00000e-02	nan	nan
-9.32008e-01	5.00000e-02	1.46608e-01	5.00000e-02	nan	nan
-6.85996e-01	5.00000e-02	2.12673e-01	5.00000e-02	nan	nan
-7.00071e-01	5.00000e-02	2.21962e-01	5.00000e-02	nan	nan
-5.78901e-01	5.00000e-02	4.30540e-02	5.00000e-02	nan	nan
-6.79958e-01	5.00000e-02	2.87081e-02	5.00000e-02	nan	nan
-1.17788e+00	5.00000e-02	2.37369e-01	5.00000e-02	nan	nan
-1.92593e+00	5.00000e-02	3.80833e-01	5.00000e-02	nan	nan
-8.90233e-01	5.00000e-02	2.68335e-01	5.00000e-02	nan	nan
-1.44964e+00	5.00000e-02	3.22398e-01	5.00000e-02	nan	nan
-1.11341e+00	5.00000e-02	2.35964e-01	5.00000e-02	nan	nan
-6.36718e-01	5.00000e-02	1.21527e-01	5.00000e-02	nan	nan
-1.33738e+00	5.00000e-02	2.23185e-01	5.00000e-02	nan	nan
-1.00933e+00	5.00000e-02	2.49055e-01	5.00000e-02	nan	nan
-9.59796e-01	5.00000e-02	2.20493e-01	5.00000e-02	nan	nan
-5.79696e-01	5.00000e-02	2.91164e-02	5.00000e-02	nan	nan
-8.66920e-01	5.00000e-02	2.09156e-01	5.00000e-02	nan	nan
-1.20879e+00	5.00000e-02	2.34138e-01	5.00000e-02	nan	nan
-1.38992e+00	5.00000e-02	2.34951e-01	5.00000e-02	nan	nan
-1.00278e+00	5.00000e-02	2.11380e-01	5.00000e-02	nan	nan
-1.09838e+00	5.00000e-02	2.45928e-01	5.00000e-02	nan	nan
-1.46796e+00	5.00000e-02	2.88031e-01	5.00000e-02	nan	nan
-1.04553e+00	5.00000e-02	1.63506e-01	5.00000e-02	nan	nan
-7.56355e-01	5.00000e-02	2.27630e-01	5.00000e-02	nan	nan
-8.62011e-01	5.00000e-02	2.31914e-01	5.00000e-02	nan	nan
-1.18650e+00	5.00000e-02	2.49991e-01	5.00000e-02	nan	nan
-8.31536e-01	5.00000e-02	1.53623e-01	5.00000e-02	nan	nan
-7.90634e-01	5.00000e-02	1.63975e-01	5.00000e-02	nan	nan
-1.29942e+00	5.00000e-02	2.63597e-01	5.00000e-02	nan	nan
-1.14184e+00	5.00000e-02	2.31022e-01	5.00000e-02	nan	nan
-1.92094e+00	5.00000e-02	3.50477e-01	5.00000e-02	nan	nan
-9.02471e-01	5.00000e-02	1.59939e-01	5.00000e-02	nan	nan
-8.33035e-01	5.00000e-02	8.66472e-02	5.00000e-02	nan	nan
-1.18812e+00	5.00000e-02	3.02360e-01	5.00000e-02	nan	nan
-1.25321e+00	5.00000e-02	2.19729e-01	5.00000e-02	nan	nan
-8.21742e-01	5.00000e-02	1.70934e-01	5.00000e-02	nan	nan
-6.74724e-01	5.00000e-02	1.03712e-01	5.00000e-02	nan	nan
-1.41339e+00	5.00000e-02	2.76393e-01	5.00000e-02	nan	nan
-1.23771e+00	5.00000e-02	2.89207e-01	5.00000e-02	nan	nan
-6.12935e-01	5.00000e-02	6.50639e-02	5.00000e-02	nan	nan
-9.98029e-01	5.00000e-02	2.44045e-01	5.00000e-02	nan	nan
-1.81885e+00	5.00000e-02	4.92032e-01	5.00000e-02	nan	nan
-8.45145e-01	5.00000e-02	7.22434e-02	5.00000e-02	nan	nan
-1.31633e+00	5.00000e-02	3.05303e-01	5.00000e-02	nan	nan
-1.51169e+00	5.00000e-02	3.72406e-01	5.00000e-02	nan	nan
-1.36979e+00	5.00000e-02	3.80605e-01	5.00000e-02	nan	nan
-7.57092e-01	5.00000e-02	1.49649e-01	5.00000e-02	nan	nan
-9.12797e-01	5.00000e-02	2.58827e-01	5.00000e-02	nan	nan
-6.52017e-01	5.00000e-02	4.02159e-02	5.00000e-02	nan	nan
-7.54502e-01	5.00000e-02	1.11453e-01	5.00000e-02	nan	nan
-1.80421e+00	5.00000e-02	4.54904e-01	5.00000e-02	nan	nan
-9.88997e-01	5.00000e-02	2.35461e-01	5.00000e-02	nan	nan
-1.28512e+00	5.00000e-02	2.03144e-01	5.00000e-02	nan	nan
-8.22566e-01	5.00000e-02	1.10996e-01	5.00000e-02	nan	nan
-1.27306e+00	5.00000e-02	2.80105e-01	5.00000e-02	nan	nan
-1.56345e+00	5.00000e-02	3.60055e-01	5.00000e-02	nan	nan
-9.54447e-01	5.00000e-02	1.29898e-01	5.00000e-02	nan	nan
-1.22252e+00	5.00000e-02	3.43561e-01	5.00000e-02	nan	nan
-1.15321e+00	5.00000e-02	2.77951e-01	5.00000e-02	nan	nan
-1.34423e+00	5.00000e-02	1.95410e-01	5.00000e-02	nan	nan
-9.13871e-01	5.00000e-02	1.20882e-01	5.00000e-02	nan	nan
-1.04377e+00	5.00000e-02	1.17329e-01	5.00000e-02	nan	nan
-1.81933e+00	5.00000e-02	3.89404e-01	5.00000e-02	nan	nan
-7.92220e-01	5.00000e-02	6.81143e-02	5.00000e-02	nan	nan
-1.04160e+00	5.00000e-02	1.38781e-01	5.00000e-02	nan	nan
-1.91564e+00	5.00000e-02	3.46433e-01	5.00000e-02	nan	nan
-1.78594e+00	5.00000e-02	3.63137e-01	5.00000e-02	nan	nan
-7.73555e-01	5.00000e-02	1.88436e-01	5.00000e-02	nan	nan
-6.49893e-01	5.00000e-02	2.28217e-02	5.00000e-02	nan	nan
-1.10308e+00	5.00000e-02	1.51109e-01	5.00000e-02	nan	nan
-8.93735e-01	5.00000e-02	4.52836e-02	5.00000e-02	nan	nan
-1.51809e+00	5.00000e-02	2.99385e-01	5.00000e-02	nan	nan
-1.79794e+00	5.00000e-02	4.18012e-01	5.00000e-02	nan	nan
-1.26252e+00	5.00000e-02	3.63634e-01	5.00000e-02	nan	nan
-1.17549e+00	5.00000e-02	3.15934e-01	5.00000e-02	nan	nan
-1.61665e+00	5.00000e-02	2.95788e-01	5.00000e-02	nan	nan
-1.36550e+00	5.00000e-02	2.96198e-01	5.00000e-02	nan	nan
-1.14221e+00	5.00000e-02	2.43243e-01	5.00000e-02	nan	nan
-1.40795e+00	5.00000e-02	2.70242e-01	5.00000e-02	nan	nan
-8.72613e-01	5.00000e-02	1.49809e-01	5.00000e-02	nan	nan
-1.54061e+00	5.00000e-02	3.11638e-01	5.00000e-02	nan	nan
-1.70744e+00	5.00000e-02	3.47886e-01	5.00000e-02	nan	nan
-4.93743e-01	5.00000e-02	-1.73001e-03	5.00000e-02	nan	nan
-1.41435e+00	5.00000e-02	3.01047e-01	5.00000e-02	nan	nan
-2.42752e+00	5.00000e-02	4.31242e-01	5.00000e-02	nan	nan
-6.79690e-01	5.00000e-02	5.24664e-02	5.00000e-02	nan	nan
-6.66328e-01	5.00000e-02	6.34827e-02	5.00000e-02	nan	nan
-7.67297e-01	5.00000e-02	2.11082e-01	5.00000e-02	nan	nan
-1.61133e+00	5.00000e-02	4.06570e-01	5.00000e-02	nan	nan
-9.91572e-01	5.00000e-02	2.07884e-01	5.00000e-02	nan	nan
-7.95303e-01	5.00000e-02	1.62482e-01	5.00000e-02	nan	nan
-1.37450e+00	5.00000e-02	3.53587e-01	5.00000e-02	nan	nan
-1.06268e+00	5.00000e-02	1.34290e-01	5.00000e-02	nan	nan
-5.48756e-01	5.00000e-02	4.52245e-02	5.00000e-02	nan	nan
-2.65395e-01	5.00000e-02	-1.71852e-01	5.00000e-02	nan	nan
-1.22596e+00	5.00000e-02	1.76585e-01	5.00000e-02	nan	nan
-4.34460e-01	5.00000e-02	-1.10875e-03	5.00000e-02	nan	nan
-1.71343e+00	5.00000e-02	3.23630e-01	5.00000e-02	nan	nan
-1.48957e+00	5.00000e-02	3.80125e-01	5.00000e-02	nan	nan
-1.92994e+00	5.00000e-02	4.06110e-01	5.00000e-02	nan	nan
-6.74865e-01	5.00000e-02	7.47705e-02	5.00000e-02	nan	nan
-8.78438e-01	5.00000e-02	1.83335e-01	5.00000e-02	nan	nan
-1.36290e+00	5.00000e-02	3.38882e-01	5.00000e-02	nan	nan
-1.23201e+00	5.00000e-02	3.43555e-01	5.00000e-02	nan	nan
-1.38026e+00	5.00000e-02	3.48469e-01	5.00000e-02	nan	nan
-1.12097e+00	5.00000e-02	2.82749e-01	5.00000e-02	nan	nan
-5.48377e-01	5.00000e-02	-3.35139e-02	5.00000e-02	nan	nan
-1.77894e+00	5.00000e-02	4.84889e-01	5.00000e-02	nan	nan
-1.56850e+00	5.00000e-02	4.06787e-01	5.00000e-02	nan	nan
-1.65688e+00	5.00000e-02	4.33469e-01	5.00000e-02	nan	nan
-6.96198e-01	5.00000e-02	7.34830e-02	5.00000e-02	nan	nan
-1.75257e+00	5.00000e-02	2.70351e-01	5.00000e-02	nan	nan
-4.58740e-01	5.00000e-02	3.46925e-02	5.00000e-02	nan	nan
-5.80921e-01	5.00000e-02	2.23262e-02	5.00000e-02	nan	nan
-1.65796e+00	5.00000e-02	3.46561e-01	5.00000e-02	nan	nan
-1.03471e+00	5.00000e-02	1.55051e-01	5.00000e-02	nan	nan
-1.36934e+00	5.00000e-02	2.02693e-01	5.00000e-02	nan	nan
-7.05994e-01	5.00000e-02	9.52795e-02	5.00000e-02	nan	nan
-1.29122e+00	5.00000e-02	2.50290e-01	5.00000e-02	nan	nan
-8.70957e-01	5.00000e-02	3.32928e-01	5.00000e-02	nan	nan
-7.65086e-01	5.00000e-02	1.07243e-01	5.00000e-02	nan	nan
-2.02141e+00	5.00000e-02	5.22974e-01	5.00000e-02	nan	nan
-3.65580e-01	5.00000e-02	-4.09273e-02	5.00000e-02	nan	nan
-1.53603e+00	5.00000e-02	3.93013e-01	5.00000e-02	nan	nan
-5.54341e-01	5.00000e-02	1.65399e-02	5.00000e-02	nan	nan
-1.52425e+00	5.00000e-02	2.69176e-01	5.00000e-02	nan	nan
-7.37124e-01	5.00000e-02	8.13861e-02	5.00000e-02	nan	nan
-8.06313e-01	5.00000e-02	1.66323e-01	5.00000e-02	nan	nan
-1.33643e+00	5.00000e-02	2.61975e-01	5.00000e-02	nan	nan
-9.61961e-01	5.00000e-02	1.41696e-01	5.00000e-02	nan	nan
-1.00624e+00	5.00000e-02	2.33259e-01	5.00000e-02	nan	nan
-7.99666e-01	5.00000e-02	1.52215e-01	5.00000e-02	nan	nan
-9.65075e-01	5.00000e-02	1.79129e-01	5.00000e-02	nan	nan
-1.72309e+00	5.00000e-02	3.12544e-01	5.00000e-02	nan	nan
-9.80536e-01	5.00000e-02	2.21330e-01	5.00000e-02	nan	nan
-6.39815e-01	5.00000e-02	7.02121e-02	5.00000e-02	nan	nan
