# [Fe/H]	[Fe/H]_err	[O/Fe]	[O/Fe]_err	Log(age/Gyr)	Log(age/Gyr)_err
-1.31018e+00	2.00000e-01	-1.19790e-01	2.00000e-01	1.39807e+00	3.00000e-01	
-9.78867e-01	2.00000e-01	2.10388e-01	2.00000e-01	7.84456e-01	3.00000e-01	
-1.14908e+00	2.00000e-01	-1.72937e-01	2.00000e-01	8.01750e-01	3.00000e-01	
-1.26832e+00	2.00000e-01	3.48114e-01	2.00000e-01	1.24705e+00	3.00000e-01	
-9.08683e-01	2.00000e-01	3.97682e-01	2.00000e-01	7.49823e-01	3.00000e-01	
-1.27648e+00	2.00000e-01	2.84644e-01	2.00000e-01	9.83683e-01	3.00000e-01	
-1.54469e+00	2.00000e-01	2.92378e-01	2.00000e-01	1.17121e+00	3.00000e-01	
-8.60725e-01	2.00000e-01	-7.10337e-02	2.00000e-01	4.77037e-01	3.00000e-01	
-1.01485e+00	2.00000e-01	-1.77118e-02	2.00000e-01	4.27094e-01	3.00000e-01	
-1.28271e+00	2.00000e-01	5.90989e-01	2.00000e-01	1.14186e+00	3.00000e-01	
-8.88168e-01	2.00000e-01	8.07254e-02	2.00000e-01	1.26824e+00	3.00000e-01	
-7.81238e-01	2.00000e-01	3.68375e-01	2.00000e-01	1.08262e+00	3.00000e-01	
-1.51926e+00	2.00000e-01	1.90701e-01	2.00000e-01	8.59693e-01	3.00000e-01	
-8.03801e-01	2.00000e-01	1.05799e-01	2.00000e-01	-1.63892e-01	3.00000e-01	
-1.87198e+00	2.00000e-01	4.67772e-01	2.00000e-01	8.42670e-01	3.00000e-01	
-1.97911e+00	2.00000e-01	5.74218e-01	2.00000e-01	1.06306e+00	3.00000e-01	
-2.26469e+00	2.00000e-01	5.12279e-01	2.00000e-01	1.23859e+00	3.00000e-01	
-9.30401e-01	2.00000e-01	1.83184e-01	2.00000e-01	8.06667e-01	3.00000e-01	
-1.05054e+00	2.00000e-01	-1.71052e-01	2.00000e-01	7.94422e-01	3.00000e-01	
-8.58451e-01	2.00000e-01	1.65280e-01	2.00000e-01	7.12880e-01	3.00000e-01	
-5.62621e-01	2.00000e-01	-4.40478e-01	2.00000e-01	1.61411e-01	3.00000e-01	
-9.79151e-01	2.00000e-01	-1.63541e-01	2.00000e-01	1.05361e+00	3.00000e-01	
-1.07983e+00	2.00000e-01	2.66836e-01	2.00000e-01	1.02388e+00	3.00000e-01	
-5.65746e-01	2.00000e-01	-3.43679e-02	2.00000e-01	1.58453e-01	3.00000e-01	
-1.57566e+00	2.00000e-01	3.70538e-01	2.00000e-01	8.20635e-01	3.00000e-01	
-1.25230e+00	2.00000e-01	4.60037e-02	2.00000e-01	9.32923e-01	3.00000e-01	
-1.65537e+00	2.00000e-01	8.46330e-01	2.00000e-01	6.84052e-01	3.00000e-01	
-9.41141e-01	2.00000e-01	-5.79755e-01	2.00000e-01	6.79671e-01	3.00000e-01	
-1.53317e+00	2.00000e-01	7.76058e-02	2.00000e-01	8.26855e-01	3.00000e-01	
-1.35082e+00	2.00000e-01	5.78547e-01	2.00000e-01	1.22927e+00	3.00000e-01	
-1.09691e+00	2.00000e-01	1.22125e-01	2.00000e-01	1.29378e+00	3.00000e-01	
-8.75397e-01	2.00000e-01	2.17975e-01	2.00000e-01	1.13165e+00	3.00000e-01	
-1.35819e+00	2.00000e-01	1.28399e-01	2.00000e-01	1.18202e+00	3.00000e-01	
-1.63146e+00	2.00000e-01	4.68622e-01	2.00000e-01	1.06466e+00	3.00000e-01	
-2.07961e+00	2.00000e-01	4.93417e-01	2.00000e-01	6.83131e-01	3.00000e-01	
-1.14004e+00	2.00000e-01	3.64226e-01	2.00000e-01	1.27477e+00	3.00000e-01	
-5.34337e-01	2.00000e-01	1.32021e-01	2.00000e-01	6.89488e-01	3.00000e-01	
-1.17290e+00	2.00000e-01	-5.94394e-02	2.00000e-01	8.62005e-01	3.00000e-01	
-7.08291e-01	2.00000e-01	-1.26610e-01	2.00000e-01	9.36359e-01	3.00000e-01	
-1.07883e+00	2.00000e-01	4.46260e-02	2.00000e-01	6.90131e-01	3.00000e-01	
-1.58440e+00	2.00000e-01	-5.86648e-02	2.00000e-01	5.86769e-01	3.00000e-01	
-9.30697e-01	2.00000e-01	4.00334e-01	2.00000e-01	1.33935e+00	3.00000e-01	
-1.28899e+00	2.00000e-01	-2.87515e-01	2.00000e-01	6.60520e-01	3.00000e-01	
-1.76950e+00	2.00000e-01	5.22276e-01	2.00000e-01	1.29892e+00	3.00000e-01	
-9.83998e-01	2.00000e-01	4.69914e-01	2.00000e-01	8.03037e-01	3.00000e-01	
-1.22047e+00	2.00000e-01	-2.17301e-01	2.00000e-01	6.01365e-01	3.00000e-01	
-1.38590e+00	2.00000e-01	1.47837e-01	2.00000e-01	1.24387e+00	3.00000e-01	
-1.30161e+00	2.00000e-01	-1.01772e-01	2.00000e-01	1.23327e+00	3.00000e-01	
-1.74916e+00	2.00000e-01	3.54617e-01	2.00000e-01	1.31489e+00	3.00000e-01	
-1.24206e+00	2.00000e-01	-2.37896e-03	2.00000e-01	7.64389e-01	3.00000e-01	
-1.15130e+00	2.00000e-01	1.28566e-01	2.00000e-01	8.37307e-01	3.00000e-01	
-1.21296e+00	2.00000e-01	2.63978e-01	2.00000e-01	5.64285e-01	3.00000e-01	
-6.27297e-01	2.00000e-01	-1.71900e-02	2.00000e-01	1.15055e-01	3.00000e-01	
-1.74708e+00	2.00000e-01	6.07195e-01	2.00000e-01	2.10425e-01	3.00000e-01	
-1.20323e+00	2.00000e-01	2.00987e-01	2.00000e-01	1.01249e+00	3.00000e-01	
-1.50169e+00	2.00000e-01	5.42256e-01	2.00000e-01	8.89603e-01	3.00000e-01	
-1.18467e+00	2.00000e-01	3.87537e-01	2.00000e-01	1.65230e-01	3.00000e-01	
-1.36926e+00	2.00000e-01	3.38614e-02	2.00000e-01	7.28177e-01	3.00000e-01	
-7.68242e-01	2.00000e-01	2.00983e-01	2.00000e-01	9.80207e-01	3.00000e-01	
-1.74275e+00	2.00000e-01	1.62572e-01	2.00000e-01	1.01705e+00	3.00000e-01	
-1.45001e+00	2.00000e-01	4.77140e-01	2.00000e-01	9.72470e-01	3.00000e-01	
-1.52674e+00	2.00000e-01	4.75743e-01	2.00000e-01	4.27886e-01	3.00000e-01	
-1.03958e+00	2.00000e-01	2.79890e-01	2.00000e-01	1.05028e+00	3.00000e-01	
-1.64195e+00	2.00000e-01	2.06840e-01	2.00000e-01	6.37634e-01	3.00000e-01	
-1.48172e+00	2.00000e-01	5.59420e-01	2.00000e-01	3.79190e-01	3.00000e-01	
-1.38143e+00	2.00000e-01	2.29596e-02	2.00000e-01	1.17451e+00	3.00000e-01	
-1.05173e+00	2.00000e-01	-6.20767e-02	2.00000e-01	7.27307e-01	3.00000e-01	
-1.57830e+00	2.00000e-01	3.15286e-01	2.00000e-01	6.47940e-02	3.00000e-01	
-8.18488e-01	2.00000e-01	1.06748e-01	2.00000e-01	7.13012e-01	3.00000e-01	
-1.89344e+00	2.00000e-01	4.66334e-01	2.00000e-01	1.09286e+00	3.00000e-01	
-7.60771e-01	2.00000e-01	-2.78546e-01	2.00000e-01	1.40909e-01	3.00000e-01	
-1.20427e+00	2.00000e-01	-1.01295e-01	2.00000e-01	1.04636e+00	3.00000e-01	
-8.54741e-01	2.00000e-01	-1.88456e-01	2.00000e-01	-3.48758e-03	3.00000e-01	
-1.19519e+00	2.00000e-01	1.27368e-01	2.00000e-01	3.90531e-01	3.00000e-01	
-9.74098e-01	2.00000e-01	8.28720e-03	2.00000e-01	3.18026e-01	3.00000e-01	
-2.17362e+00	2.00000e-01	5.59458e-01	2.00000e-01	1.25678e+00	3.00000e-01	
-1.36338e+00	2.00000e-01	3.70165e-01	2.00000e-01	1.01946e+00	3.00000e-01	
-1.54151e+00	2.00000e-01	6.35709e-01	2.00000e-01	5.23332e-01	3.00000e-01	
-1.18687e+00	2.00000e-01	2.06742e-01	2.00000e-01	8.83087e-01	3.00000e-01	
-1.66789e+00	2.00000e-01	3.03482e-01	2.00000e-01	6.07573e-01	3.00000e-01	
-1.26457e+00	2.00000e-01	6.08506e-01	2.00000e-01	9.30594e-01	3.00000e-01	
-1.21150e+00	2.00000e-01	9.45249e-02	2.00000e-01	8.96216e-01	3.00000e-01	
-1.68761e+00	2.00000e-01	3.44149e-01	2.00000e-01	8.47485e-01	3.00000e-01	
-9.44686e-01	2.00000e-01	-7.50361e-02	2.00000e-01	9.36087e-01	3.00000e-01	
-9.37647e-01	2.00000e-01	4.38891e-01	2.00000e-01	8.72159e-01	3.00000e-01	
-1.08722e+00	2.00000e-01	5.05491e-01	2.00000e-01	6.56343e-01	3.00000e-01	
-1.37348e+00	2.00000e-01	1.24504e-01	2.00000e-01	1.21824e+00	3.00000e-01	
-1.69109e+00	2.00000e-01	2.75847e-01	2.00000e-01	1.44477e+00	3.00000e-01	
-1.03756e+00	2.00000e-01	-3.01909e-01	2.00000e-01	9.91674e-01	3.00000e-01	
-7.11904e-01	2.00000e-01	-4.42247e-02	2.00000e-01	7.84248e-01	3.00000e-01	
-1.31135e+00	2.00000e-01	9.19743e-03	2.00000e-01	8.35732e-01	3.00000e-01	
-1.22897e+00	2.00000e-01	-6.59822e-02	2.00000e-01	4.90311e-01	3.00000e-01	
-1.48606e+00	2.00000e-01	3.89628e-01	2.00000e-01	8.39140e-01	3.00000e-01	
-1.14070e+00	2.00000e-01	9.14813e-02	2.00000e-01	1.17440e+00	3.00000e-01	
-1.73033e+00	2.00000e-01	3.61535e-01	2.00000e-01	7.87624e-01	3.00000e-01	
-1.85492e+00	2.00000e-01	-4.89042e-02	2.00000e-01	6.92776e-01	3.00000e-01	
-1.04450e+00	2.00000e-01	2.36206e-01	2.00000e-01	6.12067e-01	3.00000e-01	
-1.86707e+00	2.00000e-01	7.33912e-01	2.00000e-01	1.11094e+00	3.00000e-01	
-1.05262e+00	2.00000e-01	2.50713e-01	2.00000e-01	1.01266e+00	3.00000e-01	
-2.18282e+00	2.00000e-01	3.18802e-01	2.00000e-01	1.46145e-01	3.00000e-01	
-6.10569e-01	2.00000e-01	-2.06458e-01	2.00000e-01	8.54966e-01	3.00000e-01	
-8.76472e-01	2.00000e-01	3.61552e-01	2.00000e-01	1.23902e+00	3.00000e-01	
-1.30012e+00	2.00000e-01	-2.69181e-01	2.00000e-01	6.82798e-01	3.00000e-01	
-5.13200e-01	2.00000e-01	-2.41343e-01	2.00000e-01	2.90526e-01	3.00000e-01	
-1.34242e+00	2.00000e-01	5.23112e-01	2.00000e-01	5.24125e-01	3.00000e-01	
-1.33705e+00	2.00000e-01	4.47553e-03	2.00000e-01	1.22492e+00	3.00000e-01	
-1.03889e+00	2.00000e-01	5.82199e-01	2.00000e-01	1.17358e+00	3.00000e-01	
-1.10464e+00	2.00000e-01	4.17092e-01	2.00000e-01	9.61076e-01	3.00000e-01	
-1.55533e+00	2.00000e-01	4.54553e-01	2.00000e-01	7.52048e-01	3.00000e-01	
-8.19417e-01	2.00000e-01	1.22797e-01	2.00000e-01	5.43647e-01	3.00000e-01	
-1.34526e+00	2.00000e-01	1.24946e-01	2.00000e-01	1.23185e+00	3.00000e-01	
-1.02980e+00	2.00000e-01	-6.59930e-02	2.00000e-01	6.17764e-01	3.00000e-01	
-9.83923e-01	2.00000e-01	2.75510e-02	2.00000e-01	3.76782e-01	3.00000e-01	
-1.49960e+00	2.00000e-01	9.65865e-02	2.00000e-01	1.32336e+00	3.00000e-01	
-7.83441e-01	2.00000e-01	1.54360e-01	2.00000e-01	6.45660e-01	3.00000e-01	
-1.38894e+00	2.00000e-01	1.37882e-01	2.00000e-01	6.18934e-01	3.00000e-01	
-3.85841e-01	2.00000e-01	-4.70644e-01	2.00000e-01	9.03202e-01	3.00000e-01	
-1.34921e+00	2.00000e-01	1.39485e-01	2.00000e-01	5.99022e-01	3.00000e-01	
-1.12010e+00	2.00000e-01	-2.50308e-01	2.00000e-01	1.25969e+00	3.00000e-01	
-1.05194e+00	2.00000e-01	-4.45756e-02	2.00000e-01	1.02707e+00	3.00000e-01	
-1.00354e+00	2.00000e-01	2.35617e-01	2.00000e-01	2.99678e-01	3.00000e-01	
-1.08409e+00	2.00000e-01	3.49315e-01	2.00000e-01	4.15864e-01	3.00000e-01	
-6.62099e-01	2.00000e-01	1.87085e-01	2.00000e-01	5.55449e-01	3.00000e-01	
-8.90092e-01	2.00000e-01	2.66267e-01	2.00000e-01	6.65120e-01	3.00000e-01	
-1.19405e+00	2.00000e-01	-8.62274e-02	2.00000e-01	7.94028e-01	3.00000e-01	
-1.02404e+00	2.00000e-01	2.94086e-01	2.00000e-01	8.96125e-01	3.00000e-01	
-1.92648e+00	2.00000e-01	2.28734e-01	2.00000e-01	9.61602e-01	3.00000e-01	
-1.31471e+00	2.00000e-01	6.51569e-01	2.00000e-01	8.85628e-01	3.00000e-01	
-1.14472e+00	2.00000e-01	1.28929e-01	2.00000e-01	5.96422e-01	3.00000e-01	
-1.29094e+00	2.00000e-01	2.13148e-01	2.00000e-01	4.13939e-01	3.00000e-01	
-1.08177e+00	2.00000e-01	8.06604e-02	2.00000e-01	3.95634e-01	3.00000e-01	
-1.21095e+00	2.00000e-01	5.22670e-01	2.00000e-01	1.08479e+00	3.00000e-01	
-1.44680e+00	2.00000e-01	9.96659e-02	2.00000e-01	1.11620e+00	3.00000e-01	
-1.29247e+00	2.00000e-01	3.88953e-01	2.00000e-01	1.07715e+00	3.00000e-01	
-1.37093e+00	2.00000e-01	1.56735e-01	2.00000e-01	6.70815e-01	3.00000e-01	
-1.09587e+00	2.00000e-01	-2.37123e-02	2.00000e-01	1.28639e+00	3.00000e-01	
-1.26807e+00	2.00000e-01	-1.66470e-02	2.00000e-01	9.19453e-01	3.00000e-01	
-1.26449e+00	2.00000e-01	4.30356e-02	2.00000e-01	6.25492e-01	3.00000e-01	
-7.66831e-01	2.00000e-01	2.85129e-01	2.00000e-01	8.57241e-01	3.00000e-01	
-1.27577e+00	2.00000e-01	4.12982e-01	2.00000e-01	1.04996e+00	3.00000e-01	
-7.67202e-01	2.00000e-01	-4.48202e-02	2.00000e-01	2.06181e-01	3.00000e-01	
-1.27472e+00	2.00000e-01	1.45738e-01	2.00000e-01	1.13304e+00	3.00000e-01	
-9.90773e-01	2.00000e-01	9.08585e-02	2.00000e-01	1.06789e+00	3.00000e-01	
-5.25335e-01	2.00000e-01	-1.67566e-01	2.00000e-01	1.22391e+00	3.00000e-01	
-1.12238e+00	2.00000e-01	4.70748e-02	2.00000e-01	7.99430e-01	3.00000e-01	
-1.01567e+00	2.00000e-01	-6.52180e-02	2.00000e-01	6.78164e-01	3.00000e-01	
-1.79185e+00	2.00000e-01	4.56948e-01	2.00000e-01	1.07719e+00	3.00000e-01	
-3.87702e-01	2.00000e-01	2.01464e-01	2.00000e-01	5.18220e-01	3.00000e-01	
-9.46739e-01	2.00000e-01	2.96354e-01	2.00000e-01	8.60439e-01	3.00000e-01	
-4.36712e-01	2.00000e-01	-4.61830e-01	2.00000e-01	-3.59606e-01	3.00000e-01	
-1.71059e+00	2.00000e-01	2.94633e-01	2.00000e-01	1.11241e+00	3.00000e-01	
-8.36435e-01	2.00000e-01	3.94035e-02	2.00000e-01	6.38023e-01	3.00000e-01	
-1.32001e+00	2.00000e-01	7.78563e-01	2.00000e-01	1.09134e+00	3.00000e-01	
-1.10986e+00	2.00000e-01	2.96194e-01	2.00000e-01	7.24187e-01	3.00000e-01	
-1.74944e+00	2.00000e-01	3.82939e-01	2.00000e-01	2.00133e-01	3.00000e-01	
-1.14866e+00	2.00000e-01	-5.95840e-02	2.00000e-01	3.63361e-01	3.00000e-01	
-1.15766e+00	2.00000e-01	-4.55650e-02	2.00000e-01	3.09200e-01	3.00000e-01	
-1.18155e+00	2.00000e-01	5.89028e-02	2.00000e-01	9.06347e-01	3.00000e-01	
-9.85137e-01	2.00000e-01	2.68928e-01	2.00000e-01	9.38792e-01	3.00000e-01	
-1.74946e+00	2.00000e-01	4.61479e-01	2.00000e-01	6.78153e-01	3.00000e-01	
-1.04550e+00	2.00000e-01	1.67961e-01	2.00000e-01	4.47309e-01	3.00000e-01	
-1.00532e+00	2.00000e-01	4.30668e-01	2.00000e-01	7.34349e-01	3.00000e-01	
-1.05560e+00	2.00000e-01	-8.25146e-02	2.00000e-01	1.05800e+00	3.00000e-01	
-1.11309e+00	2.00000e-01	-5.09495e-02	2.00000e-01	4.93603e-01	3.00000e-01	
-6.61940e-01	2.00000e-01	-5.88807e-01	2.00000e-01	8.27691e-01	3.00000e-01	
-1.10368e+00	2.00000e-01	1.51276e-02	2.00000e-01	6.98171e-01	3.00000e-01	
-2.34056e+00	2.00000e-01	2.72526e-01	2.00000e-01	1.27524e+00	3.00000e-01	
-1.36300e+00	2.00000e-01	3.09123e-01	2.00000e-01	7.00067e-01	3.00000e-01	
-1.13162e+00	2.00000e-01	1.83048e-01	2.00000e-01	1.12360e+00	3.00000e-01	
-1.53702e+00	2.00000e-01	6.34996e-02	2.00000e-01	1.56787e+00	3.00000e-01	
-1.30280e+00	2.00000e-01	-1.21806e-01	2.00000e-01	1.68842e+00	3.00000e-01	
-1.91047e+00	2.00000e-01	1.34433e-01	2.00000e-01	7.80395e-01	3.00000e-01	
-1.37658e+00	2.00000e-01	3.69042e-01	2.00000e-01	7.08741e-01	3.00000e-01	
-1.72701e+00	2.00000e-01	3.45419e-01	2.00000e-01	6.37148e-01	3.00000e-01	
-7.68686e-01	2.00000e-01	3.16715e-01	2.00000e-01	5.65656e-01	3.00000e-01	
-1.69462e+00	2.00000e-01	5.24645e-01	2.00000e-01	3.46749e-01	3.00000e-01	
-1.51788e+00	2.00000e-01	4.55140e-01	2.00000e-01	9.26394e-01	3.00000e-01	
-8.70932e-01	2.00000e-01	-1.65992e-02	2.00000e-01	6.06414e-01	3.00000e-01	
-1.27771e+00	2.00000e-01	3.57533e-01	2.00000e-01	1.25302e+00	3.00000e-01	
-1.91919e+00	2.00000e-01	4.52276e-01	2.00000e-01	1.69134e+00	3.00000e-01	
-1.56981e+00	2.00000e-01	2.99874e-01	2.00000e-01	1.07876e+00	3.00000e-01	
-7.73466e-01	2.00000e-01	4.60978e-01	2.00000e-01	8.06657e-01	3.00000e-01	
-1.03327e+00	2.00000e-01	-1.13407e-01	2.00000e-01	8.02933e-01	3.00000e-01	
-1.56354e+00	2.00000e-01	1.10361e-01	2.00000e-01	1.46351e+00	3.00000e-01	
-9.64636e-01	2.00000e-01	-2.05194e-01	2.00000e-01	7.46243e-01	3.00000e-01	
-8.12832e-01	2.00000e-01	2.42147e-01	2.00000e-01	1.71430e+00	3.00000e-01	
-1.13700e+00	2.00000e-01	2.32222e-01	2.00000e-01	9.89554e-01	3.00000e-01	
-8.00114e-01	2.00000e-01	2.58127e-01	2.00000e-01	8.58338e-01	3.00000e-01	
-1.19168e+00	2.00000e-01	1.37487e-01	2.00000e-01	1.26488e+00	3.00000e-01	
-1.38670e+00	2.00000e-01	3.81555e-01	2.00000e-01	1.02177e+00	3.00000e-01	
-1.05059e+00	2.00000e-01	7.71854e-02	2.00000e-01	1.63799e+00	3.00000e-01	
-1.69016e+00	2.00000e-01	2.52470e-01	2.00000e-01	1.24427e+00	3.00000e-01	
-1.41290e+00	2.00000e-01	5.04356e-01	2.00000e-01	8.17311e-01	3.00000e-01	
-7.98253e-01	2.00000e-01	-1.18828e-01	2.00000e-01	1.07608e+00	3.00000e-01	
-8.58208e-01	2.00000e-01	2.42708e-01	2.00000e-01	6.42728e-01	3.00000e-01	
-9.58051e-01	2.00000e-01	2.44124e-01	2.00000e-01	1.33320e+00	3.00000e-01	
-1.00672e+00	2.00000e-01	2.55479e-01	2.00000e-01	8.38580e-01	3.00000e-01	
-1.54614e+00	2.00000e-01	2.74731e-01	2.00000e-01	8.42041e-01	3.00000e-01	
-1.74511e+00	2.00000e-01	3.95760e-01	2.00000e-01	8.76497e-01	3.00000e-01	
-9.80225e-01	2.00000e-01	3.48727e-02	2.00000e-01	1.05730e+00	3.00000e-01	
-1.38581e+00	2.00000e-01	4.20640e-01	2.00000e-01	1.36350e+00	3.00000e-01	
-1.08317e+00	2.00000e-01	1.94417e-01	2.00000e-01	9.12175e-01	3.00000e-01	
-1.40119e+00	2.00000e-01	2.95172e-01	2.00000e-01	1.02425e+00	3.00000e-01	
-1.40128e+00	2.00000e-01	3.02448e-01	2.00000e-01	9.95337e-01	3.00000e-01	
-2.24185e+00	2.00000e-01	3.75367e-01	2.00000e-01	1.15757e+00	3.00000e-01	
-1.59086e+00	2.00000e-01	3.31538e-01	2.00000e-01	1.01459e+00	3.00000e-01	
-9.87345e-01	2.00000e-01	1.55212e-01	2.00000e-01	1.02734e+00	3.00000e-01	
-1.54207e+00	2.00000e-01	2.04528e-01	2.00000e-01	9.95472e-01	3.00000e-01	
-1.32060e+00	2.00000e-01	5.14283e-01	2.00000e-01	9.54803e-01	3.00000e-01	
-5.53418e-01	2.00000e-01	-1.98383e-01	2.00000e-01	4.39617e-01	3.00000e-01	
-5.12952e-01	2.00000e-01	-6.77091e-01	2.00000e-01	2.37676e-01	3.00000e-01	
-1.40475e+00	2.00000e-01	5.25178e-01	2.00000e-01	1.17221e+00	3.00000e-01	
-1.12637e+00	2.00000e-01	-9.64838e-02	2.00000e-01	1.38468e+00	3.00000e-01	
-1.51916e+00	2.00000e-01	8.95042e-02	2.00000e-01	6.29750e-01	3.00000e-01	
-1.82684e+00	2.00000e-01	3.44935e-01	2.00000e-01	7.65558e-01	3.00000e-01	
-9.57324e-01	2.00000e-01	3.16949e-02	2.00000e-01	6.27801e-01	3.00000e-01	
-1.14710e+00	2.00000e-01	4.85940e-01	2.00000e-01	1.24254e+00	3.00000e-01	
-1.08263e+00	2.00000e-01	3.24970e-01	2.00000e-01	4.03747e-01	3.00000e-01	
-7.54554e-01	2.00000e-01	2.17991e-01	2.00000e-01	1.07621e+00	3.00000e-01	
-7.09907e-01	2.00000e-01	3.11120e-01	2.00000e-01	9.10137e-01	3.00000e-01	
-9.76066e-01	2.00000e-01	1.91178e-02	2.00000e-01	8.91882e-01	3.00000e-01	
-1.06531e+00	2.00000e-01	-1.56622e-01	2.00000e-01	4.76221e-01	3.00000e-01	
-1.37984e+00	2.00000e-01	5.03684e-01	2.00000e-01	1.90505e+00	3.00000e-01	
-9.19922e-01	2.00000e-01	-2.21595e-01	2.00000e-01	1.18771e+00	3.00000e-01	
-1.53241e+00	2.00000e-01	2.06237e-01	2.00000e-01	1.02910e+00	3.00000e-01	
-1.00946e+00	2.00000e-01	-9.82666e-02	2.00000e-01	5.47519e-01	3.00000e-01	
-1.00849e+00	2.00000e-01	1.87217e-01	2.00000e-01	8.82379e-01	3.00000e-01	
-1.42595e+00	2.00000e-01	3.80669e-01	2.00000e-01	1.08699e+00	3.00000e-01	
-9.82597e-01	2.00000e-01	-4.14114e-01	2.00000e-01	5.77005e-01	3.00000e-01	
-1.28873e+00	2.00000e-01	1.06104e-01	2.00000e-01	1.12610e+00	3.00000e-01	
-1.25191e+00	2.00000e-01	9.38124e-02	2.00000e-01	6.98570e-01	3.00000e-01	
-1.36356e+00	2.00000e-01	2.43547e-01	2.00000e-01	8.67373e-01	3.00000e-01	
-1.01373e+00	2.00000e-01	-9.92652e-03	2.00000e-01	7.90254e-01	3.00000e-01	
-2.17234e+00	2.00000e-01	2.38364e-01	2.00000e-01	7.33659e-01	3.00000e-01	
-1.30401e+00	2.00000e-01	3.37732e-01	2.00000e-01	6.99567e-01	3.00000e-01	
-1.24822e+00	2.00000e-01	-1.00590e-01	2.00000e-01	7.09425e-01	3.00000e-01	
-8.14074e-01	2.00000e-01	2.30261e-01	2.00000e-01	1.15752e+00	3.00000e-01	
-1.18555e+00	2.00000e-01	2.80651e-01	2.00000e-01	1.12118e+00	3.00000e-01	
-1.56563e+00	2.00000e-01	2.86117e-01	2.00000e-01	1.42694e+00	3.00000e-01	
-1.24750e+00	2.00000e-01	4.43052e-02	2.00000e-01	8.01454e-01	3.00000e-01	
-8.49165e-01	2.00000e-01	1.00588e-01	2.00000e-01	1.13381e+00	3.00000e-01	
-1.51562e+00	2.00000e-01	3.68248e-01	2.00000e-01	1.35364e+00	3.00000e-01	
-9.92287e-01	2.00000e-01	-1.11605e-01	2.00000e-01	1.66853e+00	3.00000e-01	
-1.22258e+00	2.00000e-01	3.36406e-01	2.00000e-01	1.08696e+00	3.00000e-01	
-7.45960e-01	2.00000e-01	6.17257e-02	2.00000e-01	1.06975e+00	3.00000e-01	
-1.00487e+00	2.00000e-01	3.64201e-02	2.00000e-01	7.53799e-01	3.00000e-01	
-9.17430e-01	2.00000e-01	2.59064e-01	2.00000e-01	1.17641e+00	3.00000e-01	
-1.50452e+00	2.00000e-01	2.82435e-01	2.00000e-01	3.67019e-01	3.00000e-01	
-1.78401e+00	2.00000e-01	3.73252e-01	2.00000e-01	1.21957e+00	3.00000e-01	
-1.04738e+00	2.00000e-01	1.74428e-01	2.00000e-01	8.35449e-01	3.00000e-01	
-1.21731e+00	2.00000e-01	2.71868e-01	2.00000e-01	1.36238e+00	3.00000e-01	
-7.63233e-01	2.00000e-01	-4.08489e-01	2.00000e-01	2.36281e-01	3.00000e-01	
-6.76335e-01	2.00000e-01	-1.65500e-01	2.00000e-01	1.05672e+00	3.00000e-01	
-1.04420e+00	2.00000e-01	4.42523e-02	2.00000e-01	7.95451e-01	3.00000e-01	
-6.12521e-01	2.00000e-01	-8.79298e-02	2.00000e-01	6.90708e-01	3.00000e-01	
-2.02179e+00	2.00000e-01	4.46224e-01	2.00000e-01	1.14022e+00	3.00000e-01	
-1.06234e+00	2.00000e-01	4.52217e-01	2.00000e-01	9.19098e-01	3.00000e-01	
-1.02990e+00	2.00000e-01	4.88211e-01	2.00000e-01	4.29312e-01	3.00000e-01	
-8.23341e-01	2.00000e-01	1.13946e-01	2.00000e-01	8.11038e-01	3.00000e-01	
-1.19381e+00	2.00000e-01	4.52690e-01	2.00000e-01	1.04946e+00	3.00000e-01	
-1.06461e+00	2.00000e-01	3.85600e-01	2.00000e-01	1.03052e+00	3.00000e-01	
-1.62652e+00	2.00000e-01	4.30129e-01	2.00000e-01	6.31075e-01	3.00000e-01	
-1.95953e+00	2.00000e-01	4.23894e-01	2.00000e-01	1.53957e+00	3.00000e-01	
-8.30298e-01	2.00000e-01	-5.89205e-03	2.00000e-01	7.22341e-01	3.00000e-01	
-1.16396e+00	2.00000e-01	3.18181e-01	2.00000e-01	1.44016e+00	3.00000e-01	
-9.69845e-01	2.00000e-01	-3.53545e-03	2.00000e-01	7.09733e-01	3.00000e-01	
-1.71930e+00	2.00000e-01	2.55191e-01	2.00000e-01	1.02809e+00	3.00000e-01	
-8.77453e-01	2.00000e-01	3.49603e-01	2.00000e-01	7.68812e-01	3.00000e-01	
-1.83621e+00	2.00000e-01	6.42978e-01	2.00000e-01	9.31587e-01	3.00000e-01	
-1.25743e+00	2.00000e-01	4.79654e-01	2.00000e-01	1.22878e+00	3.00000e-01	
-6.57605e-01	2.00000e-01	-3.59228e-01	2.00000e-01	-1.93631e-01	3.00000e-01	
-7.72295e-01	2.00000e-01	-1.96033e-01	2.00000e-01	1.50753e-01	3.00000e-01	
-9.61707e-01	2.00000e-01	3.94002e-01	2.00000e-01	6.02286e-01	3.00000e-01	
-9.75882e-01	2.00000e-01	3.71356e-03	2.00000e-01	2.68088e-01	3.00000e-01	
-1.14556e+00	2.00000e-01	4.38411e-01	2.00000e-01	1.12097e+00	3.00000e-01	
-6.89882e-01	2.00000e-01	-9.51892e-02	2.00000e-01	8.51864e-01	3.00000e-01	
-8.81806e-01	2.00000e-01	-9.65484e-02	2.00000e-01	8.41534e-01	3.00000e-01	
-8.44476e-01	2.00000e-01	-1.91612e-01	2.00000e-01	6.57412e-01	3.00000e-01	
-1.01149e+00	2.00000e-01	5.65002e-02	2.00000e-01	1.41378e+00	3.00000e-01	
-9.70989e-01	2.00000e-01	-4.71396e-02	2.00000e-01	9.72768e-01	3.00000e-01	
-1.25969e+00	2.00000e-01	2.55592e-01	2.00000e-01	7.23903e-01	3.00000e-01	
-8.56854e-01	2.00000e-01	2.17142e-01	2.00000e-01	9.12367e-01	3.00000e-01	
-1.22569e+00	2.00000e-01	4.91524e-01	2.00000e-01	4.51388e-01	3.00000e-01	
-2.47824e+00	2.00000e-01	6.42192e-01	2.00000e-01	1.06163e+00	3.00000e-01	
-1.37945e+00	2.00000e-01	4.05689e-02	2.00000e-01	1.63874e+00	3.00000e-01	
-1.52439e+00	2.00000e-01	4.68636e-01	2.00000e-01	1.06711e+00	3.00000e-01	
-5.46847e-01	2.00000e-01	-1.59334e-01	2.00000e-01	5.75753e-01	3.00000e-01	
-1.23599e+00	2.00000e-01	1.46069e-01	2.00000e-01	3.96771e-01	3.00000e-01	
-1.30261e+00	2.00000e-01	2.50050e-01	2.00000e-01	1.22838e+00	3.00000e-01	
-9.36729e-01	2.00000e-01	6.57031e-02	2.00000e-01	4.99570e-01	3.00000e-01	
-1.80492e+00	2.00000e-01	4.81267e-01	2.00000e-01	7.62251e-01	3.00000e-01	
-1.65888e+00	2.00000e-01	3.94280e-01	2.00000e-01	5.51460e-01	3.00000e-01	
-1.00937e+00	2.00000e-01	4.35360e-01	2.00000e-01	9.42605e-01	3.00000e-01	
-1.39473e+00	2.00000e-01	1.99954e-02	2.00000e-01	1.63875e+00	3.00000e-01	
-1.42260e+00	2.00000e-01	5.75076e-01	2.00000e-01	2.77705e-01	3.00000e-01	
-1.13328e+00	2.00000e-01	6.42169e-01	2.00000e-01	7.13623e-01	3.00000e-01	
-1.58287e+00	2.00000e-01	5.03259e-01	2.00000e-01	7.34499e-01	3.00000e-01	
-1.19492e+00	2.00000e-01	-2.65881e-01	2.00000e-01	9.18177e-01	3.00000e-01	
-7.03290e-01	2.00000e-01	-3.29017e-01	2.00000e-01	7.44875e-01	3.00000e-01	
-6.33858e-01	2.00000e-01	-3.19156e-01	2.00000e-01	1.74934e-01	3.00000e-01	
-7.48552e-01	2.00000e-01	-1.60389e-01	2.00000e-01	7.26118e-01	3.00000e-01	
-6.59337e-01	2.00000e-01	1.64159e-01	2.00000e-01	5.64142e-01	3.00000e-01	
-1.25280e+00	2.00000e-01	7.66698e-02	2.00000e-01	1.42753e+00	3.00000e-01	
-1.82795e+00	2.00000e-01	4.46340e-01	2.00000e-01	1.07323e+00	3.00000e-01	
-1.18412e+00	2.00000e-01	-1.57283e-01	2.00000e-01	4.98547e-01	3.00000e-01	
-1.49526e+00	2.00000e-01	3.79005e-01	2.00000e-01	9.18661e-01	3.00000e-01	
-1.76799e+00	2.00000e-01	1.00364e-01	2.00000e-01	8.53122e-01	3.00000e-01	
-1.92336e+00	2.00000e-01	5.29347e-01	2.00000e-01	8.87531e-01	3.00000e-01	
-8.85067e-01	2.00000e-01	-2.73199e-02	2.00000e-01	7.70168e-01	3.00000e-01	
-2.25774e+00	2.00000e-01	2.93608e-01	2.00000e-01	1.18185e+00	3.00000e-01	
-1.13966e+00	2.00000e-01	-3.84805e-02	2.00000e-01	8.02841e-01	3.00000e-01	
-1.80728e+00	2.00000e-01	2.96809e-01	2.00000e-01	7.58348e-01	3.00000e-01	
-1.80354e+00	2.00000e-01	3.95132e-01	2.00000e-01	7.41391e-01	3.00000e-01	
-1.73974e+00	2.00000e-01	6.62159e-01	2.00000e-01	9.72264e-01	3.00000e-01	
-8.08805e-01	2.00000e-01	1.88242e-01	2.00000e-01	1.10030e+00	3.00000e-01	
-1.54133e+00	2.00000e-01	3.29363e-01	2.00000e-01	9.98260e-01	3.00000e-01	
-1.32679e+00	2.00000e-01	6.38003e-02	2.00000e-01	4.82850e-01	3.00000e-01	
-8.08080e-01	2.00000e-01	-2.37682e-02	2.00000e-01	1.30532e+00	3.00000e-01	
-1.00001e+00	2.00000e-01	-1.73465e-01	2.00000e-01	9.44152e-01	3.00000e-01	
-1.13099e+00	2.00000e-01	2.04547e-01	2.00000e-01	7.46494e-01	3.00000e-01	
-1.25654e+00	2.00000e-01	1.01799e-01	2.00000e-01	1.20365e+00	3.00000e-01	
-1.48648e+00	2.00000e-01	1.88215e-01	2.00000e-01	1.76693e+00	3.00000e-01	
-1.70898e+00	2.00000e-01	8.82767e-01	2.00000e-01	1.46506e+00	3.00000e-01	
-1.35633e+00	2.00000e-01	1.99196e-01	2.00000e-01	8.28840e-01	3.00000e-01	
-1.73089e+00	2.00000e-01	1.61044e-01	2.00000e-01	1.02972e+00	3.00000e-01	
-8.71245e-01	2.00000e-01	5.87081e-02	2.00000e-01	1.18786e+00	3.00000e-01	
-1.28155e+00	2.00000e-01	-3.94597e-03	2.00000e-01	7.26625e-01	3.00000e-01	
-9.49113e-01	2.00000e-01	1.98456e-01	2.00000e-01	1.14784e+00	3.00000e-01	
-1.18283e+00	2.00000e-01	3.37846e-01	2.00000e-01	1.06942e+00	3.00000e-01	
-9.20940e-01	2.00000e-01	1.43541e-01	2.00000e-01	1.16943e+00	3.00000e-01	
-1.84548e+00	2.00000e-01	4.24395e-01	2.00000e-01	8.22105e-01	3.00000e-01	
-9.64091e-01	2.00000e-01	2.62451e-01	2.00000e-01	8.63641e-01	3.00000e-01	
-1.63997e+00	2.00000e-01	7.19426e-01	2.00000e-01	1.10171e+00	3.00000e-01	
-7.88340e-01	2.00000e-01	4.08982e-02	2.00000e-01	8.56074e-01	3.00000e-01	
-1.07602e+00	2.00000e-01	2.69427e-01	2.00000e-01	9.44429e-01	3.00000e-01	
-1.07372e+00	2.00000e-01	9.24798e-02	2.00000e-01	1.13333e+00	3.00000e-01	
-1.37274e+00	2.00000e-01	1.10424e-01	2.00000e-01	9.95261e-01	3.00000e-01	
-1.64010e+00	2.00000e-01	4.02063e-01	2.00000e-01	8.11621e-01	3.00000e-01	
-1.18227e+00	2.00000e-01	3.32732e-01	2.00000e-01	4.84213e-01	3.00000e-01	
-9.59220e-01	2.00000e-01	1.97817e-01	2.00000e-01	7.96784e-01	3.00000e-01	
-1.04246e+00	2.00000e-01	3.91350e-01	2.00000e-01	1.67389e+00	3.00000e-01	
-1.49775e+00	2.00000e-01	3.08723e-01	2.00000e-01	5.20936e-01	3.00000e-01	
-1.24086e+00	2.00000e-01	6.78509e-02	2.00000e-01	7.88095e-01	3.00000e-01	
-2.23252e+00	2.00000e-01	7.66907e-01	2.00000e-01	5.62238e-01	3.00000e-01	
-1.51677e+00	2.00000e-01	-1.91002e-01	2.00000e-01	6.25706e-01	3.00000e-01	
-1.96632e+00	2.00000e-01	6.29008e-01	2.00000e-01	9.40467e-01	3.00000e-01	
-1.12803e+00	2.00000e-01	3.09609e-01	2.00000e-01	9.96428e-01	3.00000e-01	
-1.11579e+00	2.00000e-01	5.67952e-02	2.00000e-01	7.84646e-01	3.00000e-01	
-9.61748e-01	2.00000e-01	-3.44702e-01	2.00000e-01	4.83971e-01	3.00000e-01	
-6.40189e-01	2.00000e-01	-2.59305e-01	2.00000e-01	8.23658e-01	3.00000e-01	
-8.91465e-01	2.00000e-01	-1.08307e-01	2.00000e-01	9.98792e-01	3.00000e-01	
-1.68792e+00	2.00000e-01	4.69624e-01	2.00000e-01	6.95319e-01	3.00000e-01	
-1.02165e+00	2.00000e-01	3.51884e-01	2.00000e-01	1.09118e+00	3.00000e-01	
-9.94854e-01	2.00000e-01	-4.08311e-01	2.00000e-01	1.17650e+00	3.00000e-01	
-7.58910e-01	2.00000e-01	2.66813e-01	2.00000e-01	9.64154e-01	3.00000e-01	
-8.92701e-01	2.00000e-01	1.81761e-01	2.00000e-01	1.06005e+00	3.00000e-01	
-1.34442e+00	2.00000e-01	1.38964e-01	2.00000e-01	6.51980e-01	3.00000e-01	
-1.78371e+00	2.00000e-01	9.75366e-02	2.00000e-01	6.53728e-01	3.00000e-01	
-8.76048e-01	2.00000e-01	3.91459e-01	2.00000e-01	7.47495e-01	3.00000e-01	
-8.28205e-01	2.00000e-01	-1.31216e-01	2.00000e-01	3.60844e-01	3.00000e-01	
-1.45875e+00	2.00000e-01	4.93880e-01	2.00000e-01	9.55419e-01	3.00000e-01	
-7.89594e-01	2.00000e-01	1.27937e-01	2.00000e-01	6.19064e-01	3.00000e-01	
-1.05907e+00	2.00000e-01	1.14654e-01	2.00000e-01	8.96157e-01	3.00000e-01	
-1.24138e+00	2.00000e-01	1.07489e-01	2.00000e-01	9.75358e-01	3.00000e-01	
-7.70556e-01	2.00000e-01	6.30266e-03	2.00000e-01	8.82012e-01	3.00000e-01	
-1.32402e+00	2.00000e-01	-2.74845e-02	2.00000e-01	1.04836e+00	3.00000e-01	
-8.68895e-01	2.00000e-01	1.02337e-01	2.00000e-01	1.25198e+00	3.00000e-01	
-1.04175e+00	2.00000e-01	7.74250e-01	2.00000e-01	8.73751e-01	3.00000e-01	
-1.05657e+00	2.00000e-01	-1.97389e-01	2.00000e-01	5.31054e-01	3.00000e-01	
-9.31070e-01	2.00000e-01	-3.22261e-01	2.00000e-01	1.25650e+00	3.00000e-01	
-1.06857e+00	2.00000e-01	5.52902e-02	2.00000e-01	5.33530e-01	3.00000e-01	
-1.31096e+00	2.00000e-01	2.71254e-01	2.00000e-01	9.08885e-01	3.00000e-01	
-9.17853e-01	2.00000e-01	-4.41138e-02	2.00000e-01	5.63125e-01	3.00000e-01	
-9.49060e-01	2.00000e-01	1.55273e-01	2.00000e-01	9.38824e-01	3.00000e-01	
-1.17913e+00	2.00000e-01	1.05536e-01	2.00000e-01	7.01992e-01	3.00000e-01	
-1.26951e+00	2.00000e-01	5.71862e-02	2.00000e-01	5.77058e-01	3.00000e-01	
-7.94998e-01	2.00000e-01	9.64303e-02	2.00000e-01	8.40456e-01	3.00000e-01	
-7.59536e-01	2.00000e-01	-1.56203e-01	2.00000e-01	5.16434e-01	3.00000e-01	
-9.05348e-01	2.00000e-01	1.33633e-01	2.00000e-01	8.74832e-01	3.00000e-01	
-7.26962e-01	2.00000e-01	1.61270e-01	2.00000e-01	1.56226e+00	3.00000e-01	
-9.30341e-01	2.00000e-01	2.75260e-01	2.00000e-01	2.63819e-01	3.00000e-01	
-1.14571e+00	2.00000e-01	-1.03632e-01	2.00000e-01	1.17658e+00	3.00000e-01	
-1.00629e+00	2.00000e-01	-8.36750e-02	2.00000e-01	4.92833e-01	3.00000e-01	
-1.32658e+00	2.00000e-01	-1.61663e-01	2.00000e-01	7.43214e-01	3.00000e-01	
-5.92738e-01	2.00000e-01	-2.66462e-02	2.00000e-01	1.06756e+00	3.00000e-01	
-8.61011e-01	2.00000e-01	1.18953e-01	2.00000e-01	1.43892e-01	3.00000e-01	
-1.02515e+00	2.00000e-01	2.25399e-01	2.00000e-01	7.46904e-01	3.00000e-01	
-1.53825e+00	2.00000e-01	2.67670e-01	2.00000e-01	1.31470e+00	3.00000e-01	
-1.00367e+00	2.00000e-01	1.47767e-01	2.00000e-01	1.07487e+00	3.00000e-01	
-1.10565e+00	2.00000e-01	2.80654e-01	2.00000e-01	1.39810e+00	3.00000e-01	
-1.80467e+00	2.00000e-01	4.75994e-01	2.00000e-01	7.91191e-01	3.00000e-01	
-1.17198e+00	2.00000e-01	5.44724e-01	2.00000e-01	7.36442e-01	3.00000e-01	
-1.59580e+00	2.00000e-01	5.01175e-01	2.00000e-01	9.11539e-01	3.00000e-01	
-8.97956e-01	2.00000e-01	2.99574e-04	2.00000e-01	7.92375e-01	3.00000e-01	
-1.77390e+00	2.00000e-01	2.73922e-01	2.00000e-01	6.85472e-01	3.00000e-01	
-7.25026e-01	2.00000e-01	-4.82947e-01	2.00000e-01	1.33391e-01	3.00000e-01	
-8.90309e-01	2.00000e-01	4.09064e-01	2.00000e-01	9.38494e-01	3.00000e-01	
-1.01314e+00	2.00000e-01	4.81063e-02	2.00000e-01	8.46333e-01	3.00000e-01	
-1.98898e+00	2.00000e-01	6.28116e-01	2.00000e-01	1.14687e+00	3.00000e-01	
-1.98625e+00	2.00000e-01	1.46620e-01	2.00000e-01	1.10973e+00	3.00000e-01	
-1.29202e+00	2.00000e-01	7.44940e-01	2.00000e-01	1.21145e+00	3.00000e-01	
-7.04296e-01	2.00000e-01	-3.12736e-01	2.00000e-01	6.38746e-01	3.00000e-01	
-1.61007e+00	2.00000e-01	6.17113e-01	2.00000e-01	1.24252e+00	3.00000e-01	
-5.74370e-01	2.00000e-01	-3.08331e-01	2.00000e-01	1.02571e+00	3.00000e-01	
-1.17340e+00	2.00000e-01	-1.17069e-01	2.00000e-01	8.76643e-01	3.00000e-01	
-1.20843e+00	2.00000e-01	1.31852e-02	2.00000e-01	6.77297e-01	3.00000e-01	
-1.60099e+00	2.00000e-01	3.76416e-01	2.00000e-01	1.32413e+00	3.00000e-01	
-1.42018e+00	2.00000e-01	2.33347e-01	2.00000e-01	5.17821e-01	3.00000e-01	
-8.88579e-01	2.00000e-01	5.87306e-01	2.00000e-01	3.46690e-01	3.00000e-01	
-2.15670e+00	2.00000e-01	3.05828e-01	2.00000e-01	8.19709e-01	3.00000e-01	
-2.06820e+00	2.00000e-01	7.72831e-01	2.00000e-01	1.29557e+00	3.00000e-01	
-1.09201e+00	2.00000e-01	8.00131e-02	2.00000e-01	5.92507e-01	3.00000e-01	
-1.92871e+00	2.00000e-01	7.25614e-01	2.00000e-01	9.64652e-01	3.00000e-01	
-1.46701e+00	2.00000e-01	2.68329e-01	2.00000e-01	1.20451e+00	3.00000e-01	
-1.68181e+00	2.00000e-01	6.03270e-01	2.00000e-01	1.00836e+00	3.00000e-01	
-1.41660e+00	2.00000e-01	3.92016e-01	2.00000e-01	1.02217e+00	3.00000e-01	
-1.65291e+00	2.00000e-01	3.21603e-01	2.00000e-01	7.13392e-01	3.00000e-01	
-2.03043e+00	2.00000e-01	3.43682e-01	2.00000e-01	7.06999e-01	3.00000e-01	
-1.58235e+00	2.00000e-01	6.46487e-01	2.00000e-01	9.61388e-01	3.00000e-01	
-1.19051e+00	2.00000e-01	2.24074e-01	2.00000e-01	1.46581e+00	3.00000e-01	
-9.69611e-01	2.00000e-01	-1.46589e-01	2.00000e-01	5.04006e-01	3.00000e-01	
-3.25495e-01	2.00000e-01	-1.43172e-01	2.00000e-01	1.17174e-01	3.00000e-01	
-1.55049e+00	2.00000e-01	3.94516e-01	2.00000e-01	6.81408e-01	3.00000e-01	
-1.70387e+00	2.00000e-01	5.81460e-01	2.00000e-01	6.96161e-01	3.00000e-01	
-7.77059e-01	2.00000e-01	2.01858e-01	2.00000e-01	9.74831e-01	3.00000e-01	
-1.09037e+00	2.00000e-01	-1.28677e-01	2.00000e-01	3.83537e-01	3.00000e-01	
-5.24793e-01	2.00000e-01	-2.17931e-01	2.00000e-01	2.26180e-01	3.00000e-01	
-1.94515e+00	2.00000e-01	4.21982e-01	2.00000e-01	9.59016e-01	3.00000e-01	
-1.15985e+00	2.00000e-01	2.60776e-01	2.00000e-01	2.98483e-01	3.00000e-01	
-1.21547e+00	2.00000e-01	3.64546e-01	2.00000e-01	1.25474e+00	3.00000e-01	
-1.59199e+00	2.00000e-01	3.30330e-01	2.00000e-01	1.60991e+00	3.00000e-01	
-9.10461e-01	2.00000e-01	1.43132e-01	2.00000e-01	1.03274e+00	3.00000e-01	
-1.36921e+00	2.00000e-01	7.46561e-01	2.00000e-01	1.25318e+00	3.00000e-01	
-1.05798e+00	2.00000e-01	1.71847e-01	2.00000e-01	7.52579e-01	3.00000e-01	
-8.91140e-01	2.00000e-01	-9.36901e-02	2.00000e-01	4.29203e-01	3.00000e-01	
-9.10256e-01	2.00000e-01	6.57795e-01	2.00000e-01	1.06991e+00	3.00000e-01	
-1.08619e+00	2.00000e-01	3.03127e-01	2.00000e-01	7.07887e-01	3.00000e-01	
-1.29897e+00	2.00000e-01	2.95463e-01	2.00000e-01	1.13979e+00	3.00000e-01	
-1.32867e+00	2.00000e-01	1.36907e-04	2.00000e-01	1.10841e+00	3.00000e-01	
-1.34400e+00	2.00000e-01	3.21006e-02	2.00000e-01	1.54357e+00	3.00000e-01	
-1.25025e+00	2.00000e-01	1.39105e-01	2.00000e-01	4.32805e-01	3.00000e-01	
-7.88473e-01	2.00000e-01	1.65656e-01	2.00000e-01	6.96413e-01	3.00000e-01	
-1.04452e+00	2.00000e-01	-8.62742e-02	2.00000e-01	4.09159e-01	3.00000e-01	
-2.05805e+00	2.00000e-01	4.12218e-01	2.00000e-01	6.71355e-01	3.00000e-01	
-1.35546e+00	2.00000e-01	4.36717e-01	2.00000e-01	7.08105e-01	3.00000e-01	
-1.54320e+00	2.00000e-01	5.72539e-01	2.00000e-01	6.60423e-01	3.00000e-01	
-1.07723e+00	2.00000e-01	7.88168e-02	2.00000e-01	9.76385e-01	3.00000e-01	
-6.56592e-01	2.00000e-01	-2.02948e-01	2.00000e-01	1.74170e-01	3.00000e-01	
-8.98678e-01	2.00000e-01	8.68654e-02	2.00000e-01	1.23225e+00	3.00000e-01	
-5.16167e-01	2.00000e-01	-2.24030e-02	2.00000e-01	1.24900e+00	3.00000e-01	
-1.25102e+00	2.00000e-01	1.87687e-01	2.00000e-01	1.09028e+00	3.00000e-01	
-5.57198e-01	2.00000e-01	-5.56907e-01	2.00000e-01	-1.55553e-01	3.00000e-01	
-1.22160e+00	2.00000e-01	-6.25810e-02	2.00000e-01	1.13885e+00	3.00000e-01	
-1.96661e+00	2.00000e-01	-3.70685e-02	2.00000e-01	4.25612e-01	3.00000e-01	
-3.72740e-01	2.00000e-01	-1.77352e-01	2.00000e-01	6.06900e-01	3.00000e-01	
-1.11625e+00	2.00000e-01	5.00253e-01	2.00000e-01	5.42067e-01	3.00000e-01	
-8.53417e-01	2.00000e-01	1.46979e-01	2.00000e-01	7.59031e-01	3.00000e-01	
-1.79980e+00	2.00000e-01	6.78500e-01	2.00000e-01	7.18737e-01	3.00000e-01	
-9.22006e-01	2.00000e-01	8.66666e-02	2.00000e-01	3.05328e-01	3.00000e-01	
-1.04502e+00	2.00000e-01	1.63740e-02	2.00000e-01	1.12240e+00	3.00000e-01	
-1.15235e+00	2.00000e-01	4.14879e-01	2.00000e-01	7.09660e-01	3.00000e-01	
-8.81060e-01	2.00000e-01	2.90063e-01	2.00000e-01	6.35608e-01	3.00000e-01	
-1.28057e+00	2.00000e-01	4.27559e-01	2.00000e-01	9.40304e-01	3.00000e-01	
-8.13151e-01	2.00000e-01	2.98943e-01	2.00000e-01	9.55850e-01	3.00000e-01	
-1.56703e+00	2.00000e-01	3.38818e-01	2.00000e-01	9.72591e-01	3.00000e-01	
-1.12396e+00	2.00000e-01	2.06871e-02	2.00000e-01	9.27569e-01	3.00000e-01	
-1.29937e+00	2.00000e-01	2.83689e-01	2.00000e-01	1.93527e-01	3.00000e-01	
-1.09203e+00	2.00000e-01	2.82916e-01	2.00000e-01	3.95980e-01	3.00000e-01	
-9.97941e-01	2.00000e-01	1.39356e-01	2.00000e-01	2.99992e-01	3.00000e-01	
-1.39484e+00	2.00000e-01	1.00232e-01	2.00000e-01	7.92246e-01	3.00000e-01	
-1.13775e+00	2.00000e-01	2.30419e-01	2.00000e-01	7.72591e-01	3.00000e-01	
-7.33360e-01	2.00000e-01	4.68511e-02	2.00000e-01	5.28049e-01	3.00000e-01	
-7.73515e-01	2.00000e-01	4.28835e-01	2.00000e-01	7.51631e-01	3.00000e-01	
-1.02700e+00	2.00000e-01	-3.40661e-01	2.00000e-01	7.11766e-01	3.00000e-01	
-8.65974e-01	2.00000e-01	4.43183e-02	2.00000e-01	1.66195e-01	3.00000e-01	
-1.04519e+00	2.00000e-01	2.71218e-01	2.00000e-01	6.15949e-01	3.00000e-01	
-1.17318e+00	2.00000e-01	-1.84739e-01	2.00000e-01	1.64350e+00	3.00000e-01	
-8.58205e-01	2.00000e-01	-4.54298e-01	2.00000e-01	2.51605e-01	3.00000e-01	
-6.60580e-01	2.00000e-01	-4.45797e-01	2.00000e-01	2.43247e-01	3.00000e-01	
-1.24016e+00	2.00000e-01	3.09633e-02	2.00000e-01	4.88878e-01	3.00000e-01	
-1.75375e+00	2.00000e-01	4.22299e-01	2.00000e-01	1.44200e+00	3.00000e-01	
-1.30731e+00	2.00000e-01	2.64846e-01	2.00000e-01	6.35655e-01	3.00000e-01	
-1.59535e+00	2.00000e-01	2.70057e-01	2.00000e-01	8.59762e-01	3.00000e-01	
-1.39841e+00	2.00000e-01	3.37232e-01	2.00000e-01	8.87706e-01	3.00000e-01	
-1.62414e+00	2.00000e-01	2.93359e-02	2.00000e-01	1.12214e+00	3.00000e-01	
-9.80992e-01	2.00000e-01	-1.74678e-02	2.00000e-01	1.18634e+00	3.00000e-01	
-1.50897e+00	2.00000e-01	2.40071e-01	2.00000e-01	8.55152e-01	3.00000e-01	
-1.13167e+00	2.00000e-01	-2.49801e-04	2.00000e-01	1.22510e+00	3.00000e-01	
-6.96033e-01	2.00000e-01	-2.86002e-01	2.00000e-01	6.28262e-01	3.00000e-01	
-1.09340e+00	2.00000e-01	1.81104e-01	2.00000e-01	7.76512e-01	3.00000e-01	
-1.06424e+00	2.00000e-01	3.85138e-01	2.00000e-01	7.95158e-01	3.00000e-01	
-1.10745e+00	2.00000e-01	7.59456e-03	2.00000e-01	7.10164e-01	3.00000e-01	
-9.94245e-01	2.00000e-01	-2.67140e-01	2.00000e-01	9.44990e-01	3.00000e-01	
-1.27418e+00	2.00000e-01	3.45253e-01	2.00000e-01	7.31436e-01	3.00000e-01	
-1.12224e+00	2.00000e-01	3.04298e-02	2.00000e-01	1.11845e+00	3.00000e-01	
-1.40230e+00	2.00000e-01	1.49262e-01	2.00000e-01	4.61732e-01	3.00000e-01	
-1.12332e+00	2.00000e-01	7.27156e-02	2.00000e-01	9.19028e-01	3.00000e-01	
-1.31917e+00	2.00000e-01	4.27732e-01	2.00000e-01	1.09673e+00	3.00000e-01	
-1.29257e+00	2.00000e-01	1.83501e-01	2.00000e-01	1.09749e+00	3.00000e-01	
-7.98433e-01	2.00000e-01	2.62480e-02	2.00000e-01	9.64986e-01	3.00000e-01	
