# [Fe/H]	[Fe/H]_err	[O/Fe]	[O/Fe]_err	Log(age/Gyr)	Log(age/Gyr)_err
-4.10326e-01	5.00000e-02	-3.70552e-02	5.00000e-02	7.34627e-01	1.00000e-01
-6.39815e-01	5.00000e-02	5.58772e-02	5.00000e-02	9.53193e-01	1.00000e-01
-8.56570e-01	5.00000e-02	1.01800e-01	5.00000e-02	1.13668e+00	1.00000e-01
-3.49872e-01	5.00000e-02	-1.15021e-01	5.00000e-02	7.50686e-01	1.00000e-01
-2.19453e+00	5.00000e-02	3.09237e-01	5.00000e-02	9.98334e-01	1.00000e-01
-1.34432e+00	5.00000e-02	2.59379e-01	5.00000e-02	1.21658e+00	1.00000e-01
-1.45408e+00	5.00000e-02	2.62931e-01	5.00000e-02	1.12541e+00	1.00000e-01
-7.83235e-01	5.00000e-02	1.33618e-01	5.00000e-02	1.01637e+00	1.00000e-01
-9.56656e-01	5.00000e-02	2.20208e-01	5.00000e-02	1.06618e+00	1.00000e-01
-8.38010e-01	5.00000e-02	1.82489e-01	5.00000e-02	1.03104e+00	1.00000e-01
-4.96562e-01	5.00000e-02	5.20835e-02	5.00000e-02	7.71030e-01	1.00000e-01
-9.27601e-01	5.00000e-02	1.25210e-01	5.00000e-02	8.53238e-01	1.00000e-01
-9.80800e-01	5.00000e-02	1.79605e-01	5.00000e-02	8.80312e-01	1.00000e-01
-9.68371e-01	5.00000e-02	2.37374e-01	5.00000e-02	7.71015e-01	1.00000e-01
-1.41257e+00	5.00000e-02	2.72717e-01	5.00000e-02	1.15885e+00	1.00000e-01
-4.28279e-01	5.00000e-02	-8.62288e-02	5.00000e-02	5.92635e-01	1.00000e-01
-7.51912e-01	5.00000e-02	1.37635e-01	5.00000e-02	1.04803e+00	1.00000e-01
-6.55801e-01	5.00000e-02	1.22165e-01	5.00000e-02	7.92273e-01	1.00000e-01
-1.14114e+00	5.00000e-02	2.81944e-01	5.00000e-02	1.12113e+00	1.00000e-01
-7.25202e-01	5.00000e-02	-1.74661e-02	5.00000e-02	8.22930e-01	1.00000e-01
-1.55801e+00	5.00000e-02	2.90304e-01	5.00000e-02	8.84816e-01	1.00000e-01
-1.61528e+00	5.00000e-02	3.68974e-01	5.00000e-02	1.03493e+00	1.00000e-01
-8.06323e-01	5.00000e-02	3.77211e-02	5.00000e-02	9.74839e-01	1.00000e-01
-8.16912e-01	5.00000e-02	1.53463e-01	5.00000e-02	1.02237e+00	1.00000e-01
-8.48602e-01	5.00000e-02	1.00888e-01	5.00000e-02	1.24633e+00	1.00000e-01
-9.56464e-01	5.00000e-02	1.75387e-01	5.00000e-02	1.04406e+00	1.00000e-01
-1.15693e+00	5.00000e-02	1.67899e-01	5.00000e-02	9.85194e-01	1.00000e-01
-4.61487e-01	5.00000e-02	-5.76023e-02	5.00000e-02	8.40536e-01	1.00000e-01
-9.38802e-01	5.00000e-02	2.64332e-01	5.00000e-02	9.74339e-01	1.00000e-01
-6.20714e-01	5.00000e-02	1.74504e-01	5.00000e-02	9.94039e-01	1.00000e-01
-3.82787e-01	5.00000e-02	-2.49232e-02	5.00000e-02	5.90142e-01	1.00000e-01
-8.84795e-01	5.00000e-02	1.25430e-01	5.00000e-02	8.29907e-01	1.00000e-01
-1.10154e+00	5.00000e-02	1.98128e-01	5.00000e-02	9.75834e-01	1.00000e-01
-5.89379e-01	5.00000e-02	1.25049e-02	5.00000e-02	9.16372e-01	1.00000e-01
-1.07609e+00	5.00000e-02	2.12422e-01	5.00000e-02	9.44322e-01	1.00000e-01
-1.12361e+00	5.00000e-02	1.75444e-01	5.00000e-02	1.01707e+00	1.00000e-01
-1.60031e+00	5.00000e-02	2.06521e-01	5.00000e-02	9.78446e-01	1.00000e-01
-5.09038e-01	5.00000e-02	-1.57868e-02	5.00000e-02	8.38123e-01	1.00000e-01
-1.57043e+00	5.00000e-02	2.77535e-01	5.00000e-02	1.15035e+00	1.00000e-01
-1.22145e+00	5.00000e-02	1.57250e-01	5.00000e-02	1.00380e+00	1.00000e-01
-1.10001e+00	5.00000e-02	3.12133e-01	5.00000e-02	1.10682e+00	1.00000e-01
-4.86302e-01	5.00000e-02	-1.01042e-02	5.00000e-02	7.84104e-01	1.00000e-01
-7.29271e-01	5.00000e-02	7.80630e-02	5.00000e-02	7.49149e-01	1.00000e-01
-1.18467e+00	5.00000e-02	2.12457e-01	5.00000e-02	9.33513e-01	1.00000e-01
-1.29689e+00	5.00000e-02	2.95332e-01	5.00000e-02	1.11604e+00	1.00000e-01
-9.93737e-01	5.00000e-02	1.56877e-01	5.00000e-02	1.05382e+00	1.00000e-01
-2.15052e+00	5.00000e-02	4.41608e-01	5.00000e-02	1.24235e+00	1.00000e-01
-1.27143e+00	5.00000e-02	2.79432e-01	5.00000e-02	9.49937e-01	1.00000e-01
-9.88003e-01	5.00000e-02	1.78600e-01	5.00000e-02	1.05127e+00	1.00000e-01
-1.21020e+00	5.00000e-02	3.38243e-01	5.00000e-02	1.09984e+00	1.00000e-01
-1.06748e+00	5.00000e-02	2.76908e-01	5.00000e-02	1.20520e+00	1.00000e-01
-1.41273e+00	5.00000e-02	2.18137e-01	5.00000e-02	8.21686e-01	1.00000e-01
-6.49292e-01	5.00000e-02	1.48782e-01	5.00000e-02	8.31755e-01	1.00000e-01
-1.01258e+00	5.00000e-02	2.10488e-01	5.00000e-02	1.10431e+00	1.00000e-01
-9.03348e-01	5.00000e-02	1.78343e-01	5.00000e-02	1.02039e+00	1.00000e-01
-1.05649e+00	5.00000e-02	2.34870e-01	5.00000e-02	1.12045e+00	1.00000e-01
-1.91840e+00	5.00000e-02	3.78459e-01	5.00000e-02	1.06964e+00	1.00000e-01
-9.83454e-01	5.00000e-02	2.05488e-01	5.00000e-02	1.08677e+00	1.00000e-01
-1.39934e+00	5.00000e-02	3.27882e-01	5.00000e-02	1.05681e+00	1.00000e-01
-1.00598e+00	5.00000e-02	2.05297e-01	5.00000e-02	9.95189e-01	1.00000e-01
-1.10880e+00	5.00000e-02	2.83919e-01	5.00000e-02	1.07787e+00	1.00000e-01
-2.93950e-01	5.00000e-02	-1.66465e-03	5.00000e-02	5.22725e-01	1.00000e-01
-1.19155e+00	5.00000e-02	2.93857e-01	5.00000e-02	1.01193e+00	1.00000e-01
-1.10855e+00	5.00000e-02	2.20907e-01	5.00000e-02	9.58079e-01	1.00000e-01
-7.90539e-01	5.00000e-02	-2.88605e-02	5.00000e-02	9.53523e-01	1.00000e-01
-8.22781e-01	5.00000e-02	2.14268e-01	5.00000e-02	9.34996e-01	1.00000e-01
-1.10025e+00	5.00000e-02	2.79058e-01	5.00000e-02	1.08296e+00	1.00000e-01
-9.70418e-01	5.00000e-02	1.89538e-01	5.00000e-02	1.12481e+00	1.00000e-01
-8.47714e-01	5.00000e-02	1.57815e-01	5.00000e-02	8.18462e-01	1.00000e-01
-1.06661e+00	5.00000e-02	1.80224e-01	5.00000e-02	9.35684e-01	1.00000e-01
-1.56971e+00	5.00000e-02	2.06096e-01	5.00000e-02	1.21327e+00	1.00000e-01
-1.56242e+00	5.00000e-02	3.59310e-01	5.00000e-02	8.70886e-01	1.00000e-01
-1.01358e+00	5.00000e-02	2.49075e-01	5.00000e-02	8.68497e-01	1.00000e-01
-1.10998e+00	5.00000e-02	2.10821e-01	5.00000e-02	1.11677e+00	1.00000e-01
-1.27727e+00	5.00000e-02	2.81136e-01	5.00000e-02	1.02582e+00	1.00000e-01
-2.08082e+00	5.00000e-02	4.99546e-01	5.00000e-02	1.11709e+00	1.00000e-01
-7.25691e-01	5.00000e-02	1.84428e-01	5.00000e-02	9.86845e-01	1.00000e-01
-7.88708e-01	5.00000e-02	6.51203e-02	5.00000e-02	1.00573e+00	1.00000e-01
-1.48441e+00	5.00000e-02	4.07539e-01	5.00000e-02	9.78644e-01	1.00000e-01
-6.40853e-01	5.00000e-02	8.90704e-02	5.00000e-02	8.95561e-01	1.00000e-01
-1.10614e+00	5.00000e-02	2.15856e-01	5.00000e-02	9.65310e-01	1.00000e-01
-1.28363e+00	5.00000e-02	2.55528e-01	5.00000e-02	1.27783e+00	1.00000e-01
-1.43646e+00	5.00000e-02	3.33660e-01	5.00000e-02	1.06916e+00	1.00000e-01
-1.39828e+00	5.00000e-02	3.03850e-01	5.00000e-02	1.21485e+00	1.00000e-01
-6.00674e-01	5.00000e-02	2.41596e-02	5.00000e-02	6.61887e-01	1.00000e-01
-1.03253e+00	5.00000e-02	2.14480e-01	5.00000e-02	1.11027e+00	1.00000e-01
-1.34105e+00	5.00000e-02	2.54230e-01	5.00000e-02	1.06152e+00	1.00000e-01
-7.27189e-01	5.00000e-02	1.96362e-02	5.00000e-02	9.72710e-01	1.00000e-01
-2.02934e+00	5.00000e-02	4.54998e-01	5.00000e-02	9.20040e-01	1.00000e-01
-6.85808e-01	5.00000e-02	3.48132e-02	5.00000e-02	8.62062e-01	1.00000e-01
-1.31071e+00	5.00000e-02	2.16481e-01	5.00000e-02	1.02949e+00	1.00000e-01
-8.09514e-01	5.00000e-02	1.53095e-01	5.00000e-02	1.04528e+00	1.00000e-01
-1.45637e+00	5.00000e-02	3.24258e-01	5.00000e-02	9.25867e-01	1.00000e-01
-8.55674e-01	5.00000e-02	1.65645e-01	5.00000e-02	9.93144e-01	1.00000e-01
-9.80584e-01	5.00000e-02	1.91337e-01	5.00000e-02	1.03428e+00	1.00000e-01
-1.27049e+00	5.00000e-02	1.83043e-01	5.00000e-02	1.13746e+00	1.00000e-01
-8.82651e-01	5.00000e-02	7.10428e-02	5.00000e-02	9.52932e-01	1.00000e-01
-1.17165e+00	5.00000e-02	2.89501e-01	5.00000e-02	9.76964e-01	1.00000e-01
-2.02533e+00	5.00000e-02	3.48122e-01	5.00000e-02	1.08629e+00	1.00000e-01
-2.08690e+00	5.00000e-02	4.09620e-01	5.00000e-02	1.20704e+00	1.00000e-01
-1.10654e+00	5.00000e-02	2.68849e-01	5.00000e-02	8.86536e-01	1.00000e-01
-1.77394e+00	5.00000e-02	2.87296e-01	5.00000e-02	9.49345e-01	1.00000e-01
-1.29625e+00	5.00000e-02	1.24370e-01	5.00000e-02	1.12852e+00	1.00000e-01
-8.87993e-01	5.00000e-02	1.51843e-01	5.00000e-02	9.97666e-01	1.00000e-01
-1.47044e+00	5.00000e-02	3.22190e-01	5.00000e-02	1.11463e+00	1.00000e-01
-9.07070e-01	5.00000e-02	1.43833e-01	5.00000e-02	8.89286e-01	1.00000e-01
-1.04192e+00	5.00000e-02	1.44917e-01	5.00000e-02	9.76095e-01	1.00000e-01
-1.32733e+00	5.00000e-02	1.81599e-01	5.00000e-02	1.20278e+00	1.00000e-01
-1.21365e+00	5.00000e-02	1.66010e-01	5.00000e-02	1.03974e+00	1.00000e-01
-1.92882e+00	5.00000e-02	4.00701e-01	5.00000e-02	1.25743e+00	1.00000e-01
-6.45365e-01	5.00000e-02	4.88622e-02	5.00000e-02	1.06673e+00	1.00000e-01
-8.99005e-01	5.00000e-02	4.22257e-02	5.00000e-02	1.27885e+00	1.00000e-01
-1.08674e+00	5.00000e-02	3.00367e-01	5.00000e-02	1.01230e+00	1.00000e-01
-1.10646e+00	5.00000e-02	2.79596e-01	5.00000e-02	9.77384e-01	1.00000e-01
-1.09597e+00	5.00000e-02	1.56128e-01	5.00000e-02	1.04492e+00	1.00000e-01
-9.32225e-01	5.00000e-02	2.49363e-01	5.00000e-02	9.49573e-01	1.00000e-01
-1.75923e+00	5.00000e-02	3.70945e-01	5.00000e-02	1.00140e+00	1.00000e-01
-1.48944e+00	5.00000e-02	3.31472e-01	5.00000e-02	9.75532e-01	1.00000e-01
-1.77740e+00	5.00000e-02	4.22028e-01	5.00000e-02	1.22799e+00	1.00000e-01
-1.16388e+00	5.00000e-02	2.07742e-01	5.00000e-02	1.01288e+00	1.00000e-01
-1.55951e+00	5.00000e-02	4.09447e-01	5.00000e-02	1.18390e+00	1.00000e-01
-1.80742e+00	5.00000e-02	4.42356e-01	5.00000e-02	1.25346e+00	1.00000e-01
-8.18172e-01	5.00000e-02	2.07082e-01	5.00000e-02	8.62858e-01	1.00000e-01
-9.63730e-01	5.00000e-02	1.68726e-01	5.00000e-02	1.11551e+00	1.00000e-01
-6.77488e-01	5.00000e-02	5.97211e-02	5.00000e-02	6.52973e-01	1.00000e-01
-8.63203e-01	5.00000e-02	7.48234e-02	5.00000e-02	9.52806e-01	1.00000e-01
-3.84597e-01	5.00000e-02	-1.13783e-01	5.00000e-02	6.61393e-01	1.00000e-01
-1.15371e+00	5.00000e-02	3.33484e-01	5.00000e-02	1.04080e+00	1.00000e-01
-6.35416e-01	5.00000e-02	1.22450e-01	5.00000e-02	9.46954e-01	1.00000e-01
-1.30608e+00	5.00000e-02	2.20162e-01	5.00000e-02	1.05348e+00	1.00000e-01
-1.21683e+00	5.00000e-02	2.39766e-01	5.00000e-02	1.03528e+00	1.00000e-01
-1.18616e+00	5.00000e-02	2.06438e-01	5.00000e-02	1.00557e+00	1.00000e-01
-1.77300e+00	5.00000e-02	4.44862e-01	5.00000e-02	1.11762e+00	1.00000e-01
-1.15629e+00	5.00000e-02	3.58400e-01	5.00000e-02	1.10215e+00	1.00000e-01
-2.22875e+00	5.00000e-02	4.36060e-01	5.00000e-02	1.29661e+00	1.00000e-01
-1.07616e+00	5.00000e-02	2.21137e-01	5.00000e-02	1.14039e+00	1.00000e-01
-1.37565e+00	5.00000e-02	2.88076e-01	5.00000e-02	9.41706e-01	1.00000e-01
-1.31098e+00	5.00000e-02	2.11383e-01	5.00000e-02	1.04928e+00	1.00000e-01
-5.39561e-01	5.00000e-02	-2.70370e-02	5.00000e-02	7.38670e-01	1.00000e-01
-1.46237e+00	5.00000e-02	3.59931e-01	5.00000e-02	1.07047e+00	1.00000e-01
-1.71456e+00	5.00000e-02	3.82985e-01	5.00000e-02	9.94050e-01	1.00000e-01
-2.00510e+00	5.00000e-02	4.44372e-01	5.00000e-02	1.07203e+00	1.00000e-01
-1.43502e+00	5.00000e-02	2.51861e-01	5.00000e-02	1.15435e+00	1.00000e-01
-1.39225e+00	5.00000e-02	3.05370e-01	5.00000e-02	9.44773e-01	1.00000e-01
-1.17069e+00	5.00000e-02	2.29201e-01	5.00000e-02	1.03820e+00	1.00000e-01
-1.37231e+00	5.00000e-02	2.81933e-01	5.00000e-02	1.08306e+00	1.00000e-01
-9.09734e-01	5.00000e-02	7.71776e-02	5.00000e-02	1.04601e+00	1.00000e-01
-1.40059e+00	5.00000e-02	2.57484e-01	5.00000e-02	1.04865e+00	1.00000e-01
-9.48609e-01	5.00000e-02	1.97131e-01	5.00000e-02	8.91567e-01	1.00000e-01
-1.09476e+00	5.00000e-02	2.05022e-01	5.00000e-02	1.15688e+00	1.00000e-01
-8.34447e-01	5.00000e-02	2.05152e-01	5.00000e-02	1.06311e+00	1.00000e-01
-1.78426e+00	5.00000e-02	4.23524e-01	5.00000e-02	1.01025e+00	1.00000e-01
-6.51327e-01	5.00000e-02	1.30821e-01	5.00000e-02	8.26816e-01	1.00000e-01
-1.44617e+00	5.00000e-02	3.05793e-01	5.00000e-02	1.23441e+00	1.00000e-01
-4.45758e-01	5.00000e-02	-5.91342e-02	5.00000e-02	8.21454e-01	1.00000e-01
-1.97493e+00	5.00000e-02	4.61918e-01	5.00000e-02	1.13775e+00	1.00000e-01
-9.94404e-01	5.00000e-02	2.42551e-01	5.00000e-02	1.05416e+00	1.00000e-01
-7.57152e-01	5.00000e-02	1.61984e-01	5.00000e-02	9.90813e-01	1.00000e-01
-1.59998e+00	5.00000e-02	4.44983e-01	5.00000e-02	9.00758e-01	1.00000e-01
-6.97910e-01	5.00000e-02	1.12445e-01	5.00000e-02	8.64138e-01	1.00000e-01
-1.25323e+00	5.00000e-02	2.82714e-01	5.00000e-02	1.02631e+00	1.00000e-01
-1.28476e+00	5.00000e-02	2.61748e-01	5.00000e-02	1.07296e+00	1.00000e-01
-1.78057e+00	5.00000e-02	3.90065e-01	5.00000e-02	1.08380e+00	1.00000e-01
-4.97180e-01	5.00000e-02	-1.40957e-01	5.00000e-02	6.73894e-01	1.00000e-01
-1.12360e+00	5.00000e-02	3.09965e-01	5.00000e-02	1.07556e+00	1.00000e-01
-1.23885e+00	5.00000e-02	3.71575e-01	5.00000e-02	8.90335e-01	1.00000e-01
-1.38988e+00	5.00000e-02	3.20774e-01	5.00000e-02	9.18331e-01	1.00000e-01
-1.54964e+00	5.00000e-02	3.61110e-01	5.00000e-02	9.25133e-01	1.00000e-01
-1.16119e+00	5.00000e-02	2.10817e-01	5.00000e-02	1.17134e+00	1.00000e-01
-9.53404e-01	5.00000e-02	1.59823e-01	5.00000e-02	9.69659e-01	1.00000e-01
-1.12214e+00	5.00000e-02	2.63126e-01	5.00000e-02	8.98017e-01	1.00000e-01
-9.73180e-01	5.00000e-02	2.09607e-01	5.00000e-02	8.14670e-01	1.00000e-01
-9.31918e-01	5.00000e-02	1.99856e-01	5.00000e-02	1.07469e+00	1.00000e-01
-1.63195e+00	5.00000e-02	4.02711e-01	5.00000e-02	1.17722e+00	1.00000e-01
-7.66841e-01	5.00000e-02	8.77854e-02	5.00000e-02	1.04493e+00	1.00000e-01
-1.42419e+00	5.00000e-02	2.49267e-01	5.00000e-02	1.00641e+00	1.00000e-01
-1.18216e+00	5.00000e-02	1.84571e-01	5.00000e-02	1.05203e+00	1.00000e-01
-1.14371e+00	5.00000e-02	2.32946e-01	5.00000e-02	1.04428e+00	1.00000e-01
-6.98881e-01	5.00000e-02	6.93131e-02	5.00000e-02	8.59015e-01	1.00000e-01
-1.13939e+00	5.00000e-02	2.87682e-01	5.00000e-02	9.72639e-01	1.00000e-01
-1.54719e+00	5.00000e-02	3.03147e-01	5.00000e-02	1.11497e+00	1.00000e-01
-1.06808e+00	5.00000e-02	1.73128e-01	5.00000e-02	1.05284e+00	1.00000e-01
-5.67401e-01	5.00000e-02	7.05645e-02	5.00000e-02	7.26344e-01	1.00000e-01
-5.76867e-01	5.00000e-02	-3.26943e-02	5.00000e-02	6.63002e-01	1.00000e-01
-9.23427e-01	5.00000e-02	2.53495e-01	5.00000e-02	1.08570e+00	1.00000e-01
-1.11332e+00	5.00000e-02	2.10591e-01	5.00000e-02	1.13030e+00	1.00000e-01
-1.57339e+00	5.00000e-02	2.94148e-01	5.00000e-02	1.11488e+00	1.00000e-01
-1.05776e+00	5.00000e-02	3.39766e-01	5.00000e-02	9.85664e-01	1.00000e-01
-7.96563e-01	5.00000e-02	1.50279e-01	5.00000e-02	8.35374e-01	1.00000e-01
-1.10753e+00	5.00000e-02	2.26740e-01	5.00000e-02	1.04048e+00	1.00000e-01
-1.29520e+00	5.00000e-02	2.62433e-01	5.00000e-02	1.07482e+00	1.00000e-01
-8.53314e-01	5.00000e-02	1.11160e-01	5.00000e-02	9.29675e-01	1.00000e-01
-5.45074e-01	5.00000e-02	3.10353e-02	5.00000e-02	8.87262e-01	1.00000e-01
-4.38430e-01	5.00000e-02	1.34374e-02	5.00000e-02	5.71613e-01	1.00000e-01
-9.29275e-01	5.00000e-02	2.18680e-01	5.00000e-02	1.13271e+00	1.00000e-01
-1.22718e+00	5.00000e-02	1.78333e-01	5.00000e-02	9.17481e-01	1.00000e-01
-1.06357e+00	5.00000e-02	1.74748e-01	5.00000e-02	9.29395e-01	1.00000e-01
-8.63283e-01	5.00000e-02	1.29563e-01	5.00000e-02	9.89254e-01	1.00000e-01
-1.35823e+00	5.00000e-02	2.90119e-01	5.00000e-02	1.07733e+00	1.00000e-01
-1.00562e+00	5.00000e-02	2.29256e-01	5.00000e-02	1.04913e+00	1.00000e-01
-1.16360e+00	5.00000e-02	2.47004e-01	5.00000e-02	nan	nan
-1.12224e+00	5.00000e-02	2.74750e-01	5.00000e-02	nan	nan
-1.07169e+00	5.00000e-02	2.16169e-01	5.00000e-02	nan	nan
-1.12764e+00	5.00000e-02	2.37882e-01	5.00000e-02	nan	nan
-2.14931e+00	5.00000e-02	4.93057e-01	5.00000e-02	nan	nan
-5.36155e-01	5.00000e-02	9.86638e-02	5.00000e-02	nan	nan
-9.74333e-01	5.00000e-02	1.27457e-01	5.00000e-02	nan	nan
-1.49158e+00	5.00000e-02	3.71453e-01	5.00000e-02	nan	nan
-1.21528e+00	5.00000e-02	2.92415e-01	5.00000e-02	nan	nan
-2.16115e+00	5.00000e-02	5.36523e-01	5.00000e-02	nan	nan
-4.30877e-01	5.00000e-02	-3.32554e-02	5.00000e-02	nan	nan
-1.87259e+00	5.00000e-02	3.32880e-01	5.00000e-02	nan	nan
-1.23312e+00	5.00000e-02	2.70833e-01	5.00000e-02	nan	nan
-6.04406e-01	5.00000e-02	5.08254e-02	5.00000e-02	nan	nan
-2.14530e+00	5.00000e-02	4.24829e-01	5.00000e-02	nan	nan
-1.47397e+00	5.00000e-02	3.77927e-01	5.00000e-02	nan	nan
-1.17146e+00	5.00000e-02	1.65095e-01	5.00000e-02	nan	nan
-7.07791e-01	5.00000e-02	1.29504e-01	5.00000e-02	nan	nan
-3.30334e-01	5.00000e-02	-4.46957e-02	5.00000e-02	nan	nan
-6.91603e-01	5.00000e-02	6.21439e-02	5.00000e-02	nan	nan
-4.26821e-01	5.00000e-02	6.31947e-02	5.00000e-02	nan	nan
-1.44703e+00	5.00000e-02	2.20909e-01	5.00000e-02	nan	nan
-3.58875e-01	5.00000e-02	-6.63974e-02	5.00000e-02	nan	nan
-7.62123e-01	5.00000e-02	5.72450e-02	5.00000e-02	nan	nan
-1.18044e+00	5.00000e-02	2.73055e-01	5.00000e-02	nan	nan
-9.04593e-01	5.00000e-02	1.78884e-01	5.00000e-02	nan	nan
-8.76194e-01	5.00000e-02	1.24178e-02	5.00000e-02	nan	nan
-6.51541e-01	5.00000e-02	1.49424e-01	5.00000e-02	nan	nan
-9.34905e-01	5.00000e-02	1.50287e-01	5.00000e-02	nan	nan
-5.63291e-01	5.00000e-02	5.20002e-02	5.00000e-02	nan	nan
-1.46393e+00	5.00000e-02	3.64928e-01	5.00000e-02	nan	nan
-9.59648e-01	5.00000e-02	1.40496e-01	5.00000e-02	nan	nan
-3.84318e-01	5.00000e-02	-3.65461e-02	5.00000e-02	nan	nan
-7.98639e-01	5.00000e-02	2.21976e-01	5.00000e-02	nan	nan
-1.03070e+00	5.00000e-02	2.80372e-01	5.00000e-02	nan	nan
-1.28326e+00	5.00000e-02	3.38142e-01	5.00000e-02	nan	nan
-1.05263e+00	5.00000e-02	2.55514e-01	5.00000e-02	nan	nan
-8.85560e-01	5.00000e-02	1.81064e-01	5.00000e-02	nan	nan
-1.48389e+00	5.00000e-02	2.92607e-01	5.00000e-02	nan	nan
-1.68325e+00	5.00000e-02	4.22308e-01	5.00000e-02	nan	nan
-1.16508e+00	5.00000e-02	2.14493e-01	5.00000e-02	nan	nan
-6.52434e-01	5.00000e-02	5.22781e-03	5.00000e-02	nan	nan
-8.95455e-01	5.00000e-02	1.61719e-01	5.00000e-02	nan	nan
-1.10745e+00	5.00000e-02	1.30291e-01	5.00000e-02	nan	nan
-1.49329e+00	5.00000e-02	3.40781e-01	5.00000e-02	nan	nan
-6.48164e-01	5.00000e-02	1.55330e-01	5.00000e-02	nan	nan
-1.14725e+00	5.00000e-02	3.51608e-01	5.00000e-02	nan	nan
-6.38405e-01	5.00000e-02	8.31150e-02	5.00000e-02	nan	nan
-6.18437e-01	5.00000e-02	6.16700e-02	5.00000e-02	nan	nan
-1.59866e+00	5.00000e-02	3.09898e-01	5.00000e-02	nan	nan
-1.08620e+00	5.00000e-02	2.20933e-01	5.00000e-02	nan	nan
-1.00239e+00	5.00000e-02	2.65412e-01	5.00000e-02	nan	nan
-9.19118e-01	5.00000e-02	1.58287e-01	5.00000e-02	nan	nan
-1.18653e+00	5.00000e-02	1.80753e-01	5.00000e-02	nan	nan
-7.53131e-01	5.00000e-02	1.80691e-01	5.00000e-02	nan	nan
-1.21088e+00	5.00000e-02	2.44802e-01	5.00000e-02	nan	nan
-7.90649e-01	5.00000e-02	8.69152e-02	5.00000e-02	nan	nan
-9.17962e-01	5.00000e-02	4.69978e-02	5.00000e-02	nan	nan
-8.14419e-01	5.00000e-02	1.20569e-01	5.00000e-02	nan	nan
-4.86462e-01	5.00000e-02	7.09597e-02	5.00000e-02	nan	nan
-8.87533e-01	5.00000e-02	2.40399e-01	5.00000e-02	nan	nan
-5.18538e-01	5.00000e-02	7.36420e-02	5.00000e-02	nan	nan
-9.06614e-01	5.00000e-02	1.56938e-01	5.00000e-02	nan	nan
-6.50443e-01	5.00000e-02	3.04366e-02	5.00000e-02	nan	nan
-1.07197e+00	5.00000e-02	1.42035e-01	5.00000e-02	nan	nan
-1.26407e+00	5.00000e-02	2.97711e-01	5.00000e-02	nan	nan
-1.21056e+00	5.00000e-02	1.64477e-01	5.00000e-02	nan	nan
-7.54476e-01	5.00000e-02	6.79118e-02	5.00000e-02	nan	nan
-2.12101e+00	5.00000e-02	3.77830e-01	5.00000e-02	nan	nan
-7.70646e-01	5.00000e-02	1.95421e-01	5.00000e-02	nan	nan
-1.31937e+00	5.00000e-02	2.44165e-01	5.00000e-02	nan	nan
-1.31916e+00	5.00000e-02	2.51959e-01	5.00000e-02	nan	nan
-1.71597e+00	5.00000e-02	4.03166e-01	5.00000e-02	nan	nan
-1.11617e+00	5.00000e-02	2.63798e-01	5.00000e-02	nan	nan
-1.12603e+00	5.00000e-02	2.92850e-01	5.00000e-02	nan	nan
-1.10144e+00	5.00000e-02	2.15594e-01	5.00000e-02	nan	nan
-1.25650e+00	5.00000e-02	2.56329e-01	5.00000e-02	nan	nan
-1.57945e+00	5.00000e-02	3.29891e-01	5.00000e-02	nan	nan
-8.45973e-01	5.00000e-02	2.01460e-01	5.00000e-02	nan	nan
-4.27109e-01	5.00000e-02	-8.00657e-02	5.00000e-02	nan	nan
-9.79565e-01	5.00000e-02	1.99466e-01	5.00000e-02	nan	nan
-1.15320e+00	5.00000e-02	1.72786e-01	5.00000e-02	nan	nan
-6.71555e-01	5.00000e-02	6.25769e-02	5.00000e-02	nan	nan
-1.12006e+00	5.00000e-02	3.16890e-01	5.00000e-02	nan	nan
-7.21047e-01	5.00000e-02	1.75610e-01	5.00000e-02	nan	nan
-1.44766e+00	5.00000e-02	3.43033e-01	5.00000e-02	nan	nan
-1.89024e+00	5.00000e-02	4.16580e-01	5.00000e-02	nan	nan
-1.27353e+00	5.00000e-02	2.06957e-01	5.00000e-02	nan	nan
-6.99939e-01	5.00000e-02	1.62075e-01	5.00000e-02	nan	nan
-6.69124e-01	5.00000e-02	5.39440e-02	5.00000e-02	nan	nan
-8.52449e-01	5.00000e-02	1.38020e-01	5.00000e-02	nan	nan
-1.28486e+00	5.00000e-02	2.94949e-01	5.00000e-02	nan	nan
-1.72531e+00	5.00000e-02	3.53175e-01	5.00000e-02	nan	nan
-4.59713e-01	5.00000e-02	-7.99234e-03	5.00000e-02	nan	nan
-1.47132e+00	5.00000e-02	4.10464e-01	5.00000e-02	nan	nan
-1.16592e+00	5.00000e-02	2.15067e-01	5.00000e-02	nan	nan
-7.29876e-01	5.00000e-02	1.19284e-01	5.00000e-02	nan	nan
-1.05425e+00	5.00000e-02	1.85255e-01	5.00000e-02	nan	nan
-2.83004e-01	5.00000e-02	-1.13504e-01	5.00000e-02	nan	nan
-7.40475e-01	5.00000e-02	1.01279e-01	5.00000e-02	nan	nan
-8.51406e-01	5.00000e-02	1.79775e-01	5.00000e-02	nan	nan
-1.18919e+00	5.00000e-02	3.28093e-01	5.00000e-02	nan	nan
-1.73207e+00	5.00000e-02	4.04981e-01	5.00000e-02	nan	nan
-1.27687e+00	5.00000e-02	1.69423e-01	5.00000e-02	nan	nan
-1.64026e+00	5.00000e-02	3.29268e-01	5.00000e-02	nan	nan
-2.60537e+00	5.00000e-02	3.24185e-01	5.00000e-02	nan	nan
-1.03636e+00	5.00000e-02	1.77357e-01	5.00000e-02	nan	nan
-8.81284e-01	5.00000e-02	1.71961e-01	5.00000e-02	nan	nan
-1.25220e+00	5.00000e-02	2.97808e-01	5.00000e-02	nan	nan
-1.27465e+00	5.00000e-02	1.75559e-01	5.00000e-02	nan	nan
-1.95946e+00	5.00000e-02	4.11844e-01	5.00000e-02	nan	nan
-5.66176e-01	5.00000e-02	1.56582e-01	5.00000e-02	nan	nan
-1.20629e+00	5.00000e-02	1.58435e-01	5.00000e-02	nan	nan
-1.34974e+00	5.00000e-02	3.10451e-01	5.00000e-02	nan	nan
-1.84609e+00	5.00000e-02	3.99637e-01	5.00000e-02	nan	nan
-9.15984e-01	5.00000e-02	1.69847e-01	5.00000e-02	nan	nan
-6.89555e-01	5.00000e-02	7.74892e-02	5.00000e-02	nan	nan
-8.99483e-01	5.00000e-02	1.96145e-01	5.00000e-02	nan	nan
-4.88336e-01	5.00000e-02	-1.23710e-03	5.00000e-02	nan	nan
-1.15970e+00	5.00000e-02	2.68781e-01	5.00000e-02	nan	nan
-1.74751e+00	5.00000e-02	3.66465e-01	5.00000e-02	nan	nan
-7.21029e-01	5.00000e-02	1.14070e-01	5.00000e-02	nan	nan
-4.65597e-01	5.00000e-02	-3.02937e-02	5.00000e-02	nan	nan
-4.45100e-01	5.00000e-02	5.08860e-02	5.00000e-02	nan	nan
-1.14348e+00	5.00000e-02	2.41813e-01	5.00000e-02	nan	nan
-1.18340e+00	5.00000e-02	2.65795e-01	5.00000e-02	nan	nan
-6.50234e-01	5.00000e-02	3.94079e-04	5.00000e-02	nan	nan
-1.07821e+00	5.00000e-02	1.50530e-01	5.00000e-02	nan	nan
-1.16320e+00	5.00000e-02	2.17560e-01	5.00000e-02	nan	nan
-5.81546e-01	5.00000e-02	4.87323e-02	5.00000e-02	nan	nan
-8.56897e-01	5.00000e-02	1.12172e-01	5.00000e-02	nan	nan
-5.91320e-01	5.00000e-02	8.05485e-02	5.00000e-02	nan	nan
-1.06788e+00	5.00000e-02	2.33769e-01	5.00000e-02	nan	nan
-9.90682e-01	5.00000e-02	2.27402e-01	5.00000e-02	nan	nan
-1.41016e+00	5.00000e-02	2.18075e-01	5.00000e-02	nan	nan
-7.79840e-01	5.00000e-02	4.94800e-02	5.00000e-02	nan	nan
-7.87981e-01	5.00000e-02	2.57943e-01	5.00000e-02	nan	nan
-1.47288e+00	5.00000e-02	2.88470e-01	5.00000e-02	nan	nan
-1.19947e+00	5.00000e-02	2.39906e-01	5.00000e-02	nan	nan
-8.99053e-01	5.00000e-02	5.19865e-02	5.00000e-02	nan	nan
-5.83046e-01	5.00000e-02	4.55323e-02	5.00000e-02	nan	nan
-2.38803e-01	5.00000e-02	-3.27401e-02	5.00000e-02	nan	nan
-1.79963e+00	5.00000e-02	4.78995e-01	5.00000e-02	nan	nan
-1.15348e+00	5.00000e-02	2.95299e-01	5.00000e-02	nan	nan
-1.07130e+00	5.00000e-02	1.95660e-01	5.00000e-02	nan	nan
-9.03621e-01	5.00000e-02	6.96259e-02	5.00000e-02	nan	nan
-1.26371e+00	5.00000e-02	2.44725e-01	5.00000e-02	nan	nan
-1.33264e+00	5.00000e-02	2.20942e-01	5.00000e-02	nan	nan
-1.06410e+00	5.00000e-02	2.48029e-01	5.00000e-02	nan	nan
-4.30286e-01	5.00000e-02	-9.28919e-02	5.00000e-02	nan	nan
-5.86814e-01	5.00000e-02	1.25135e-01	5.00000e-02	nan	nan
-9.41820e-01	5.00000e-02	2.30792e-01	5.00000e-02	nan	nan
-1.07677e+00	5.00000e-02	2.10121e-01	5.00000e-02	nan	nan
-7.97290e-01	5.00000e-02	1.39960e-01	5.00000e-02	nan	nan
-1.22013e+00	5.00000e-02	3.01688e-01	5.00000e-02	nan	nan
-1.09982e+00	5.00000e-02	2.29192e-01	5.00000e-02	nan	nan
-9.87537e-01	5.00000e-02	2.13296e-01	5.00000e-02	nan	nan
-1.19647e+00	5.00000e-02	2.91685e-01	5.00000e-02	nan	nan
-8.85682e-01	5.00000e-02	1.59968e-01	5.00000e-02	nan	nan
-1.22995e+00	5.00000e-02	2.54197e-01	5.00000e-02	nan	nan
-1.98955e+00	5.00000e-02	4.26995e-01	5.00000e-02	nan	nan
-1.02266e+00	5.00000e-02	2.12178e-01	5.00000e-02	nan	nan
-9.84692e-01	5.00000e-02	1.98972e-01	5.00000e-02	nan	nan
-9.10506e-01	5.00000e-02	2.27524e-01	5.00000e-02	nan	nan
-1.02414e+00	5.00000e-02	1.86369e-01	5.00000e-02	nan	nan
-1.03680e+00	5.00000e-02	1.29946e-01	5.00000e-02	nan	nan
-6.33595e-01	5.00000e-02	3.42674e-02	5.00000e-02	nan	nan
-9.32128e-01	5.00000e-02	1.30799e-01	5.00000e-02	nan	nan
-1.03762e+00	5.00000e-02	1.00666e-01	5.00000e-02	nan	nan
-1.07471e+00	5.00000e-02	2.42319e-01	5.00000e-02	nan	nan
-1.89857e+00	5.00000e-02	4.16161e-01	5.00000e-02	nan	nan
-7.17581e-01	5.00000e-02	5.77246e-02	5.00000e-02	nan	nan
-1.52430e+00	5.00000e-02	3.20015e-01	5.00000e-02	nan	nan
-4.76330e-01	5.00000e-02	-2.98269e-02	5.00000e-02	nan	nan
-7.93661e-01	5.00000e-02	2.57438e-01	5.00000e-02	nan	nan
-3.05727e-01	5.00000e-02	-1.06791e-01	5.00000e-02	nan	nan
-1.99535e+00	5.00000e-02	4.97142e-01	5.00000e-02	nan	nan
-4.58100e-01	5.00000e-02	-1.07125e-02	5.00000e-02	nan	nan
-1.48658e+00	5.00000e-02	3.09076e-01	5.00000e-02	nan	nan
-9.04123e-01	5.00000e-02	1.68265e-01	5.00000e-02	nan	nan
-2.03752e+00	5.00000e-02	3.32022e-01	5.00000e-02	nan	nan
-1.16205e+00	5.00000e-02	2.41204e-01	5.00000e-02	nan	nan
-8.55346e-01	5.00000e-02	1.39584e-01	5.00000e-02	nan	nan
-1.65020e+00	5.00000e-02	2.72634e-01	5.00000e-02	nan	nan
-8.59611e-01	5.00000e-02	1.68998e-01	5.00000e-02	nan	nan
-1.38604e+00	5.00000e-02	3.42589e-01	5.00000e-02	nan	nan
-6.72417e-01	5.00000e-02	1.36788e-01	5.00000e-02	nan	nan
-6.79703e-01	5.00000e-02	6.43287e-02	5.00000e-02	nan	nan
-1.33830e+00	5.00000e-02	3.33325e-01	5.00000e-02	nan	nan
-1.25114e+00	5.00000e-02	2.34952e-01	5.00000e-02	nan	nan
-7.79811e-01	5.00000e-02	8.81374e-02	5.00000e-02	nan	nan
-8.70139e-01	5.00000e-02	9.62212e-02	5.00000e-02	nan	nan
-9.84218e-01	5.00000e-02	1.72396e-01	5.00000e-02	nan	nan
-9.26361e-01	5.00000e-02	3.27586e-01	5.00000e-02	nan	nan
-3.35263e-01	5.00000e-02	-1.37828e-01	5.00000e-02	nan	nan
-1.83377e+00	5.00000e-02	3.94604e-01	5.00000e-02	nan	nan
-8.81678e-01	5.00000e-02	1.59192e-01	5.00000e-02	nan	nan
-1.32832e+00	5.00000e-02	2.45571e-01	5.00000e-02	nan	nan
-6.07892e-01	5.00000e-02	4.66801e-02	5.00000e-02	nan	nan
-2.01043e+00	5.00000e-02	3.96857e-01	5.00000e-02	nan	nan
-5.41883e-01	5.00000e-02	3.24910e-02	5.00000e-02	nan	nan
-1.48870e+00	5.00000e-02	3.07518e-01	5.00000e-02	nan	nan
-1.29611e+00	5.00000e-02	2.97821e-01	5.00000e-02	nan	nan
-1.02593e+00	5.00000e-02	2.02478e-01	5.00000e-02	nan	nan
-1.60616e+00	5.00000e-02	3.62662e-01	5.00000e-02	nan	nan
-1.52417e+00	5.00000e-02	3.37576e-01	5.00000e-02	nan	nan
-7.63322e-01	5.00000e-02	4.36039e-02	5.00000e-02	nan	nan
-1.10344e+00	5.00000e-02	1.92039e-01	5.00000e-02	nan	nan
-1.30857e+00	5.00000e-02	1.98139e-01	5.00000e-02	nan	nan
-2.23077e+00	5.00000e-02	4.47823e-01	5.00000e-02	nan	nan
-1.29073e+00	5.00000e-02	2.80008e-01	5.00000e-02	nan	nan
-1.48049e+00	5.00000e-02	3.51143e-01	5.00000e-02	nan	nan
-6.68535e-01	5.00000e-02	5.06675e-02	5.00000e-02	nan	nan
-1.23899e+00	5.00000e-02	2.85586e-01	5.00000e-02	nan	nan
-1.11597e+00	5.00000e-02	2.45882e-01	5.00000e-02	nan	nan
-5.81970e-01	5.00000e-02	9.36580e-02	5.00000e-02	nan	nan
-1.01026e+00	5.00000e-02	2.24880e-01	5.00000e-02	nan	nan
-9.57611e-01	5.00000e-02	2.60993e-01	5.00000e-02	nan	nan
-9.18183e-01	5.00000e-02	1.26445e-01	5.00000e-02	nan	nan
-9.62646e-01	5.00000e-02	1.81297e-01	5.00000e-02	nan	nan
-5.97372e-01	5.00000e-02	6.72978e-02	5.00000e-02	nan	nan
-1.05010e+00	5.00000e-02	2.28436e-01	5.00000e-02	nan	nan
-1.27305e+00	5.00000e-02	2.44447e-01	5.00000e-02	nan	nan
-6.16048e-01	5.00000e-02	8.87107e-02	5.00000e-02	nan	nan
-1.47566e+00	5.00000e-02	3.66826e-01	5.00000e-02	nan	nan
-8.38505e-01	5.00000e-02	1.31676e-01	5.00000e-02	nan	nan
-1.44371e+00	5.00000e-02	3.95927e-01	5.00000e-02	nan	nan
-5.47311e-01	5.00000e-02	6.60078e-02	5.00000e-02	nan	nan
-1.72778e+00	5.00000e-02	2.76839e-01	5.00000e-02	nan	nan
-1.08025e+00	5.00000e-02	2.67126e-01	5.00000e-02	nan	nan
-1.30097e+00	5.00000e-02	1.93715e-01	5.00000e-02	nan	nan
-1.52871e+00	5.00000e-02	3.68880e-01	5.00000e-02	nan	nan
-9.72119e-01	5.00000e-02	1.72790e-01	5.00000e-02	nan	nan
-6.36823e-01	5.00000e-02	2.75184e-02	5.00000e-02	nan	nan
-1.28894e+00	5.00000e-02	2.56914e-01	5.00000e-02	nan	nan
-9.29871e-01	5.00000e-02	2.66391e-01	5.00000e-02	nan	nan
-8.27442e-01	5.00000e-02	1.31190e-01	5.00000e-02	nan	nan
-1.00119e+00	5.00000e-02	2.59804e-01	5.00000e-02	nan	nan
-1.32729e+00	5.00000e-02	3.54101e-01	5.00000e-02	nan	nan
-8.47745e-01	5.00000e-02	2.86339e-01	5.00000e-02	nan	nan
-1.07240e+00	5.00000e-02	2.36856e-01	5.00000e-02	nan	nan
-1.08997e+00	5.00000e-02	2.13557e-01	5.00000e-02	nan	nan
-1.21179e+00	5.00000e-02	1.99544e-01	5.00000e-02	nan	nan
-1.57811e+00	5.00000e-02	3.81682e-01	5.00000e-02	nan	nan
-8.84009e-01	5.00000e-02	1.36579e-01	5.00000e-02	nan	nan
-9.18759e-01	5.00000e-02	9.94238e-02	5.00000e-02	nan	nan
-5.73929e-01	5.00000e-02	8.94911e-02	5.00000e-02	nan	nan
-1.78540e+00	5.00000e-02	4.43996e-01	5.00000e-02	nan	nan
-1.21861e+00	5.00000e-02	2.59535e-01	5.00000e-02	nan	nan
-1.98546e+00	5.00000e-02	4.51681e-01	5.00000e-02	nan	nan
-1.25894e+00	5.00000e-02	1.73141e-01	5.00000e-02	nan	nan
-5.50777e-01	5.00000e-02	6.44923e-02	5.00000e-02	nan	nan
-1.90308e+00	5.00000e-02	4.01617e-01	5.00000e-02	nan	nan
-1.44705e+00	5.00000e-02	3.38402e-01	5.00000e-02	nan	nan
-4.90665e-01	5.00000e-02	3.43128e-02	5.00000e-02	nan	nan
-7.71341e-01	5.00000e-02	5.89491e-02	5.00000e-02	nan	nan
-1.22561e+00	5.00000e-02	3.03043e-01	5.00000e-02	nan	nan
-2.15036e+00	5.00000e-02	5.06869e-01	5.00000e-02	nan	nan
-1.76759e+00	5.00000e-02	3.76546e-01	5.00000e-02	nan	nan
-4.88107e-01	5.00000e-02	2.76866e-02	5.00000e-02	nan	nan
-1.07077e+00	5.00000e-02	1.70862e-01	5.00000e-02	nan	nan
-7.03451e-01	5.00000e-02	2.08127e-01	5.00000e-02	nan	nan
-1.13701e+00	5.00000e-02	1.47692e-01	5.00000e-02	nan	nan
-4.87384e-01	5.00000e-02	1.17666e-01	5.00000e-02	nan	nan
-8.04378e-01	5.00000e-02	9.25787e-02	5.00000e-02	nan	nan
-1.25391e+00	5.00000e-02	3.06917e-01	5.00000e-02	nan	nan
-1.12335e+00	5.00000e-02	2.42246e-01	5.00000e-02	nan	nan
-7.26624e-01	5.00000e-02	9.01034e-02	5.00000e-02	nan	nan
-9.33061e-01	5.00000e-02	1.48287e-01	5.00000e-02	nan	nan
-8.98216e-01	5.00000e-02	1.78110e-01	5.00000e-02	nan	nan
-9.19923e-01	5.00000e-02	3.47927e-02	5.00000e-02	nan	nan
-1.29062e+00	5.00000e-02	2.56486e-01	5.00000e-02	nan	nan
-7.46801e-01	5.00000e-02	4.50920e-02	5.00000e-02	nan	nan
-6.70042e-01	5.00000e-02	6.96421e-02	5.00000e-02	nan	nan
-1.11734e+00	5.00000e-02	1.58370e-01	5.00000e-02	nan	nan
-7.32379e-01	5.00000e-02	1.98390e-01	5.00000e-02	nan	nan
-2.17463e+00	5.00000e-02	3.06129e-01	5.00000e-02	nan	nan
-1.07359e+00	5.00000e-02	2.50435e-01	5.00000e-02	nan	nan
-1.50550e+00	5.00000e-02	3.34767e-01	5.00000e-02	nan	nan
-1.64873e+00	5.00000e-02	3.25762e-01	5.00000e-02	nan	nan
-9.02982e-01	5.00000e-02	1.82240e-01	5.00000e-02	nan	nan
-1.12377e+00	5.00000e-02	1.70937e-01	5.00000e-02	nan	nan
-1.42617e+00	5.00000e-02	3.25601e-01	5.00000e-02	nan	nan
-1.31293e+00	5.00000e-02	3.11908e-01	5.00000e-02	nan	nan
-2.76333e-01	5.00000e-02	-2.33062e-01	5.00000e-02	nan	nan
-1.16269e+00	5.00000e-02	1.85376e-01	5.00000e-02	nan	nan
-1.91009e+00	5.00000e-02	4.53866e-01	5.00000e-02	nan	nan
-1.65432e+00	5.00000e-02	3.76655e-01	5.00000e-02	nan	nan
-8.14658e-01	5.00000e-02	2.15598e-01	5.00000e-02	nan	nan
-1.54355e+00	5.00000e-02	3.64643e-01	5.00000e-02	nan	nan
-5.52171e-01	5.00000e-02	-2.13507e-02	5.00000e-02	nan	nan
-9.20853e-01	5.00000e-02	1.95927e-01	5.00000e-02	nan	nan
-1.54686e+00	5.00000e-02	3.02383e-01	5.00000e-02	nan	nan
-1.05658e+00	5.00000e-02	3.04015e-01	5.00000e-02	nan	nan
-1.30260e+00	5.00000e-02	2.82810e-01	5.00000e-02	nan	nan
-9.73118e-01	5.00000e-02	2.34021e-01	5.00000e-02	nan	nan
-9.89669e-01	5.00000e-02	1.43441e-01	5.00000e-02	nan	nan
-1.04954e+00	5.00000e-02	2.63067e-01	5.00000e-02	nan	nan
-7.69226e-01	5.00000e-02	3.08788e-01	5.00000e-02	nan	nan
-9.08318e-01	5.00000e-02	1.78127e-01	5.00000e-02	nan	nan
-4.16005e-01	5.00000e-02	-2.24175e-02	5.00000e-02	nan	nan
-7.20563e-01	5.00000e-02	4.77058e-02	5.00000e-02	nan	nan
-7.82044e-01	5.00000e-02	3.17225e-02	5.00000e-02	nan	nan
-1.37506e+00	5.00000e-02	3.56622e-01	5.00000e-02	nan	nan
-1.33988e+00	5.00000e-02	3.07971e-01	5.00000e-02	nan	nan
-1.74503e+00	5.00000e-02	3.89083e-01	5.00000e-02	nan	nan
-1.03372e+00	5.00000e-02	3.04168e-01	5.00000e-02	nan	nan
-1.09288e+00	5.00000e-02	1.84106e-01	5.00000e-02	nan	nan
-7.10271e-01	5.00000e-02	1.14152e-01	5.00000e-02	nan	nan
-5.73278e-01	5.00000e-02	9.85384e-02	5.00000e-02	nan	nan
-1.08315e+00	5.00000e-02	2.67582e-01	5.00000e-02	nan	nan
-8.17047e-01	5.00000e-02	1.42996e-01	5.00000e-02	nan	nan
-6.76594e-01	5.00000e-02	1.23265e-01	5.00000e-02	nan	nan
-1.39374e+00	5.00000e-02	3.39093e-01	5.00000e-02	nan	nan
-1.21353e+00	5.00000e-02	2.42610e-01	5.00000e-02	nan	nan
-9.06954e-01	5.00000e-02	5.78593e-02	5.00000e-02	nan	nan
-6.00146e-01	5.00000e-02	-1.00988e-02	5.00000e-02	nan	nan
-1.47164e+00	5.00000e-02	3.25825e-01	5.00000e-02	nan	nan
-6.63697e-01	5.00000e-02	8.93359e-02	5.00000e-02	nan	nan
-5.62947e-01	5.00000e-02	4.38763e-02	5.00000e-02	nan	nan
-5.68562e-01	5.00000e-02	1.65722e-01	5.00000e-02	nan	nan
-1.13886e+00	5.00000e-02	3.44160e-01	5.00000e-02	nan	nan
-1.68091e+00	5.00000e-02	3.69016e-01	5.00000e-02	nan	nan
-6.96492e-01	5.00000e-02	1.35288e-01	5.00000e-02	nan	nan
-9.22037e-01	5.00000e-02	2.03715e-01	5.00000e-02	nan	nan
-7.90930e-01	5.00000e-02	1.81734e-01	5.00000e-02	nan	nan
-1.40231e+00	5.00000e-02	2.92903e-01	5.00000e-02	nan	nan
-5.48054e-01	5.00000e-02	7.56830e-02	5.00000e-02	nan	nan
-1.05633e+00	5.00000e-02	2.66960e-01	5.00000e-02	nan	nan
-5.51826e-01	5.00000e-02	-3.73101e-02	5.00000e-02	nan	nan
-1.36048e+00	5.00000e-02	2.65102e-01	5.00000e-02	nan	nan
-8.11676e-01	5.00000e-02	9.79815e-02	5.00000e-02	nan	nan
-1.25212e+00	5.00000e-02	2.14812e-01	5.00000e-02	nan	nan
-1.01761e+00	5.00000e-02	1.58335e-01	5.00000e-02	nan	nan
-1.86253e+00	5.00000e-02	3.93102e-01	5.00000e-02	nan	nan
-5.41801e-01	5.00000e-02	-4.55454e-02	5.00000e-02	nan	nan
-1.33101e+00	5.00000e-02	2.95706e-01	5.00000e-02	nan	nan
-1.86471e+00	5.00000e-02	3.14702e-01	5.00000e-02	nan	nan
-1.32502e+00	5.00000e-02	2.89565e-01	5.00000e-02	nan	nan
-4.28745e-01	5.00000e-02	-1.86004e-03	5.00000e-02	nan	nan
-1.11962e+00	5.00000e-02	2.28508e-01	5.00000e-02	nan	nan
-7.94888e-01	5.00000e-02	6.96033e-02	5.00000e-02	nan	nan
-3.42197e-01	5.00000e-02	-9.34683e-02	5.00000e-02	nan	nan
-9.27131e-01	5.00000e-02	2.06336e-01	5.00000e-02	nan	nan
-1.04106e+00	5.00000e-02	3.71462e-01	5.00000e-02	nan	nan
-1.08323e+00	5.00000e-02	1.52341e-01	5.00000e-02	nan	nan
-1.94410e+00	5.00000e-02	4.96220e-01	5.00000e-02	nan	nan
-6.11869e-01	5.00000e-02	9.26499e-03	5.00000e-02	nan	nan
-8.35027e-01	5.00000e-02	2.06367e-01	5.00000e-02	nan	nan
-1.19338e+00	5.00000e-02	2.25981e-01	5.00000e-02	nan	nan
-7.61265e-01	5.00000e-02	1.28781e-01	5.00000e-02	nan	nan
-1.08804e+00	5.00000e-02	2.97923e-01	5.00000e-02	nan	nan
-7.59299e-01	5.00000e-02	1.13706e-01	5.00000e-02	nan	nan
-1.16729e+00	5.00000e-02	3.00384e-01	5.00000e-02	nan	nan
-4.03687e-01	5.00000e-02	1.12916e-02	5.00000e-02	nan	nan
-9.40439e-01	5.00000e-02	1.78118e-01	5.00000e-02	nan	nan
-1.28449e+00	5.00000e-02	3.53944e-01	5.00000e-02	nan	nan
-9.82142e-01	5.00000e-02	1.80844e-01	5.00000e-02	nan	nan
-7.15967e-01	5.00000e-02	1.68112e-01	5.00000e-02	nan	nan
-8.71672e-01	5.00000e-02	1.59105e-01	5.00000e-02	nan	nan
-7.62690e-01	5.00000e-02	9.64407e-02	5.00000e-02	nan	nan
-1.53572e+00	5.00000e-02	2.64857e-01	5.00000e-02	nan	nan
-1.14489e+00	5.00000e-02	2.08719e-01	5.00000e-02	nan	nan
-1.01607e+00	5.00000e-02	2.48982e-01	5.00000e-02	nan	nan
-2.28071e+00	5.00000e-02	4.56427e-01	5.00000e-02	nan	nan
-5.72370e-01	5.00000e-02	-1.20247e-02	5.00000e-02	nan	nan
-8.72848e-01	5.00000e-02	7.19013e-02	5.00000e-02	nan	nan
-1.14211e+00	5.00000e-02	1.99497e-01	5.00000e-02	nan	nan
-1.34598e+00	5.00000e-02	3.63938e-01	5.00000e-02	nan	nan
-3.96933e-01	5.00000e-02	-1.50431e-01	5.00000e-02	nan	nan
-1.18780e+00	5.00000e-02	2.45106e-01	5.00000e-02	nan	nan
-1.01963e+00	5.00000e-02	1.32228e-01	5.00000e-02	nan	nan
-8.51195e-01	5.00000e-02	1.90379e-01	5.00000e-02	nan	nan
-8.04645e-01	5.00000e-02	9.75045e-02	5.00000e-02	nan	nan
-5.30676e-01	5.00000e-02	3.61499e-02	5.00000e-02	nan	nan
-1.09612e+00	5.00000e-02	3.18655e-01	5.00000e-02	nan	nan
-6.64516e-01	5.00000e-02	1.35749e-01	5.00000e-02	nan	nan
-6.11895e-01	5.00000e-02	3.45382e-02	5.00000e-02	nan	nan
-7.34034e-01	5.00000e-02	1.37250e-01	5.00000e-02	nan	nan
-1.41981e+00	5.00000e-02	3.63788e-01	5.00000e-02	nan	nan
-6.04058e-01	5.00000e-02	9.94546e-02	5.00000e-02	nan	nan
-1.28246e+00	5.00000e-02	2.45469e-01	5.00000e-02	nan	nan
-9.38129e-01	5.00000e-02	1.58848e-01	5.00000e-02	nan	nan
-8.07769e-01	5.00000e-02	1.37882e-01	5.00000e-02	nan	nan
-8.60376e-01	5.00000e-02	1.04027e-01	5.00000e-02	nan	nan
-1.26038e+00	5.00000e-02	2.27361e-01	5.00000e-02	nan	nan
-1.38643e+00	5.00000e-02	3.11355e-01	5.00000e-02	nan	nan
-1.03574e+00	5.00000e-02	2.57323e-01	5.00000e-02	nan	nan
-7.51149e-01	5.00000e-02	2.05567e-01	5.00000e-02	nan	nan
-7.43202e-01	5.00000e-02	1.83231e-01	5.00000e-02	nan	nan
-6.02713e-01	5.00000e-02	8.45730e-02	5.00000e-02	nan	nan
-1.18895e+00	5.00000e-02	1.71226e-01	5.00000e-02	nan	nan
-1.96252e+00	5.00000e-02	3.86467e-01	5.00000e-02	nan	nan
-1.19001e+00	5.00000e-02	2.60710e-01	5.00000e-02	nan	nan
-7.58329e-01	5.00000e-02	3.99920e-02	5.00000e-02	nan	nan
-2.06754e+00	5.00000e-02	4.13332e-01	5.00000e-02	nan	nan
-1.74400e+00	5.00000e-02	3.42577e-01	5.00000e-02	nan	nan
-6.91854e-01	5.00000e-02	1.11871e-01	5.00000e-02	nan	nan
-1.35520e+00	5.00000e-02	3.08854e-01	5.00000e-02	nan	nan
-8.83296e-01	5.00000e-02	1.48916e-01	5.00000e-02	nan	nan
-7.24546e-01	5.00000e-02	1.18573e-01	5.00000e-02	nan	nan
-1.27953e+00	5.00000e-02	3.14893e-01	5.00000e-02	nan	nan
-7.29615e-01	5.00000e-02	1.72799e-01	5.00000e-02	nan	nan
-1.50205e+00	5.00000e-02	3.42081e-01	5.00000e-02	nan	nan
-1.29818e+00	5.00000e-02	2.86449e-01	5.00000e-02	nan	nan
-9.89489e-01	5.00000e-02	1.79749e-01	5.00000e-02	nan	nan
-1.93171e+00	5.00000e-02	2.88006e-01	5.00000e-02	nan	nan
-1.73780e+00	5.00000e-02	4.27419e-01	5.00000e-02	nan	nan
-1.03268e+00	5.00000e-02	1.88625e-01	5.00000e-02	nan	nan
-6.00108e-01	5.00000e-02	8.73748e-02	5.00000e-02	nan	nan
-1.10818e+00	5.00000e-02	1.81663e-01	5.00000e-02	nan	nan
-1.82173e+00	5.00000e-02	3.89538e-01	5.00000e-02	nan	nan
-5.31860e-01	5.00000e-02	-1.28859e-02	5.00000e-02	nan	nan
-1.35571e+00	5.00000e-02	2.87499e-01	5.00000e-02	nan	nan
-8.23509e-01	5.00000e-02	6.93756e-02	5.00000e-02	nan	nan
-7.68216e-01	5.00000e-02	1.24015e-01	5.00000e-02	nan	nan
-1.19529e+00	5.00000e-02	1.42490e-01	5.00000e-02	nan	nan
-6.51135e-01	5.00000e-02	1.62342e-01	5.00000e-02	nan	nan
-1.40544e+00	5.00000e-02	2.46990e-01	5.00000e-02	nan	nan
-8.20084e-01	5.00000e-02	2.11528e-01	5.00000e-02	nan	nan
-6.24967e-01	5.00000e-02	1.38785e-01	5.00000e-02	nan	nan
-1.17137e+00	5.00000e-02	2.67461e-01	5.00000e-02	nan	nan
-1.09937e+00	5.00000e-02	3.02927e-01	5.00000e-02	nan	nan
-1.34517e+00	5.00000e-02	2.50868e-01	5.00000e-02	nan	nan
-1.47029e+00	5.00000e-02	3.47524e-01	5.00000e-02	nan	nan
-8.66532e-01	5.00000e-02	1.11174e-01	5.00000e-02	nan	nan
-1.17805e+00	5.00000e-02	2.80219e-01	5.00000e-02	nan	nan
-1.39717e+00	5.00000e-02	3.17094e-01	5.00000e-02	nan	nan
-1.06251e+00	5.00000e-02	2.01510e-01	5.00000e-02	nan	nan
-9.08196e-01	5.00000e-02	1.95776e-01	5.00000e-02	nan	nan
-9.64500e-01	5.00000e-02	2.85484e-01	5.00000e-02	nan	nan
-7.88861e-01	5.00000e-02	1.12580e-01	5.00000e-02	nan	nan
-1.12502e+00	5.00000e-02	2.47731e-01	5.00000e-02	nan	nan
-3.62992e-01	5.00000e-02	-1.22896e-01	5.00000e-02	nan	nan
-3.22247e-01	5.00000e-02	-8.83457e-02	5.00000e-02	nan	nan
-5.38124e-01	5.00000e-02	1.09820e-01	5.00000e-02	nan	nan
-1.63451e+00	5.00000e-02	2.98693e-01	5.00000e-02	nan	nan
-1.27750e+00	5.00000e-02	1.91406e-01	5.00000e-02	nan	nan
-1.65226e+00	5.00000e-02	3.22211e-01	5.00000e-02	nan	nan
-1.41291e+00	5.00000e-02	3.67546e-01	5.00000e-02	nan	nan
-1.20884e+00	5.00000e-02	1.84933e-01	5.00000e-02	nan	nan
-9.92299e-01	5.00000e-02	1.37441e-01	5.00000e-02	nan	nan
-6.46402e-01	5.00000e-02	6.89971e-02	5.00000e-02	nan	nan
-8.70410e-01	5.00000e-02	2.15459e-01	5.00000e-02	nan	nan
-1.55475e+00	5.00000e-02	3.49689e-01	5.00000e-02	nan	nan
-9.43904e-01	5.00000e-02	1.85502e-01	5.00000e-02	nan	nan
-7.02275e-01	5.00000e-02	1.39977e-01	5.00000e-02	nan	nan
-1.15697e+00	5.00000e-02	3.13128e-01	5.00000e-02	nan	nan
-1.18065e+00	5.00000e-02	1.87066e-01	5.00000e-02	nan	nan
-1.23355e+00	5.00000e-02	3.48741e-01	5.00000e-02	nan	nan
-3.37947e-01	5.00000e-02	-3.70821e-02	5.00000e-02	nan	nan
-1.29092e+00	5.00000e-02	2.31489e-01	5.00000e-02	nan	nan
-1.50195e+00	5.00000e-02	2.41482e-01	5.00000e-02	nan	nan
-8.94709e-01	5.00000e-02	1.60850e-01	5.00000e-02	nan	nan
-8.58351e-01	5.00000e-02	2.06180e-01	5.00000e-02	nan	nan
-1.15185e+00	5.00000e-02	1.52118e-01	5.00000e-02	nan	nan
-7.54326e-01	5.00000e-02	1.07423e-01	5.00000e-02	nan	nan
-1.07161e+00	5.00000e-02	2.54919e-01	5.00000e-02	nan	nan
-6.91246e-01	5.00000e-02	1.31044e-01	5.00000e-02	nan	nan
-8.46835e-01	5.00000e-02	1.42910e-01	5.00000e-02	nan	nan
-1.27822e+00	5.00000e-02	2.27916e-01	5.00000e-02	nan	nan
-2.27780e+00	5.00000e-02	4.69651e-01	5.00000e-02	nan	nan
-1.07873e+00	5.00000e-02	2.16895e-01	5.00000e-02	nan	nan
-1.06386e+00	5.00000e-02	1.40947e-01	5.00000e-02	nan	nan
-9.43856e-01	5.00000e-02	2.14901e-01	5.00000e-02	nan	nan
-1.48792e+00	5.00000e-02	3.82326e-01	5.00000e-02	nan	nan
-2.25931e-01	5.00000e-02	-3.28302e-02	5.00000e-02	nan	nan
-1.04441e+00	5.00000e-02	2.03911e-01	5.00000e-02	nan	nan
-1.54054e+00	5.00000e-02	2.63517e-01	5.00000e-02	nan	nan
-7.55287e-01	5.00000e-02	1.12983e-01	5.00000e-02	nan	nan
-8.50540e-01	5.00000e-02	2.05621e-01	5.00000e-02	nan	nan
-1.28903e+00	5.00000e-02	2.78000e-01	5.00000e-02	nan	nan
-7.71856e-01	5.00000e-02	5.87859e-02	5.00000e-02	nan	nan
-1.05355e+00	5.00000e-02	1.62096e-01	5.00000e-02	nan	nan
-1.29147e+00	5.00000e-02	2.49904e-01	5.00000e-02	nan	nan
-3.36568e-01	5.00000e-02	-6.15550e-02	5.00000e-02	nan	nan
-7.20843e-01	5.00000e-02	1.39806e-01	5.00000e-02	nan	nan
-1.13327e+00	5.00000e-02	2.00851e-01	5.00000e-02	nan	nan
-9.89738e-01	5.00000e-02	1.58347e-01	5.00000e-02	nan	nan
-1.14844e+00	5.00000e-02	2.43455e-01	5.00000e-02	nan	nan
-4.56937e-01	5.00000e-02	-7.71266e-02	5.00000e-02	nan	nan
-1.52587e+00	5.00000e-02	3.29696e-01	5.00000e-02	nan	nan
-4.69235e-01	5.00000e-02	-3.93830e-02	5.00000e-02	nan	nan
-6.71280e-01	5.00000e-02	6.30996e-02	5.00000e-02	nan	nan
-6.01566e-01	5.00000e-02	5.84540e-02	5.00000e-02	nan	nan
-9.32106e-01	5.00000e-02	1.83956e-01	5.00000e-02	nan	nan
-2.29033e+00	5.00000e-02	4.59701e-01	5.00000e-02	nan	nan
-7.01180e-01	5.00000e-02	1.72413e-01	5.00000e-02	nan	nan
-1.42925e+00	5.00000e-02	2.54844e-01	5.00000e-02	nan	nan
-1.57654e+00	5.00000e-02	3.05924e-01	5.00000e-02	nan	nan
-1.30772e+00	5.00000e-02	2.55005e-01	5.00000e-02	nan	nan
-7.49182e-01	5.00000e-02	8.96546e-02	5.00000e-02	nan	nan
-5.93714e-01	5.00000e-02	1.63463e-02	5.00000e-02	nan	nan
-1.65763e+00	5.00000e-02	3.38834e-01	5.00000e-02	nan	nan
-8.03870e-01	5.00000e-02	7.57469e-02	5.00000e-02	nan	nan
-8.35962e-01	5.00000e-02	1.43982e-01	5.00000e-02	nan	nan
-8.76335e-01	5.00000e-02	1.52898e-01	5.00000e-02	nan	nan
-2.06983e+00	5.00000e-02	4.33528e-01	5.00000e-02	nan	nan
-4.46922e-01	5.00000e-02	-4.90296e-02	5.00000e-02	nan	nan
-9.01854e-01	5.00000e-02	1.60970e-01	5.00000e-02	nan	nan
-1.28036e+00	5.00000e-02	2.31280e-01	5.00000e-02	nan	nan
-2.89441e-01	5.00000e-02	-6.22027e-02	5.00000e-02	nan	nan
-4.05939e-01	5.00000e-02	-7.35307e-02	5.00000e-02	nan	nan
-9.78252e-01	5.00000e-02	1.23427e-01	5.00000e-02	nan	nan
-6.25598e-01	5.00000e-02	7.88425e-02	5.00000e-02	nan	nan
-1.28373e+00	5.00000e-02	2.49586e-01	5.00000e-02	nan	nan
-1.44557e+00	5.00000e-02	2.76589e-01	5.00000e-02	nan	nan
-7.84350e-01	5.00000e-02	1.35445e-01	5.00000e-02	nan	nan
-8.06184e-01	5.00000e-02	1.89832e-01	5.00000e-02	nan	nan
-1.53426e+00	5.00000e-02	3.50791e-01	5.00000e-02	nan	nan
-9.87257e-01	5.00000e-02	2.17462e-01	5.00000e-02	nan	nan
-1.06205e+00	5.00000e-02	2.70746e-01	5.00000e-02	nan	nan
-1.09339e+00	5.00000e-02	2.27155e-01	5.00000e-02	nan	nan
-7.58730e-01	5.00000e-02	4.94524e-02	5.00000e-02	nan	nan
-9.77091e-01	5.00000e-02	1.68337e-01	5.00000e-02	nan	nan
-7.39800e-01	5.00000e-02	1.58087e-01	5.00000e-02	nan	nan
-6.11328e-01	5.00000e-02	1.69549e-02	5.00000e-02	nan	nan
-6.68681e-01	5.00000e-02	1.32406e-01	5.00000e-02	nan	nan
-1.14693e+00	5.00000e-02	2.57772e-01	5.00000e-02	nan	nan
-1.77250e+00	5.00000e-02	3.71705e-01	5.00000e-02	nan	nan
-1.12096e+00	5.00000e-02	1.01491e-01	5.00000e-02	nan	nan
-8.19153e-01	5.00000e-02	1.05367e-01	5.00000e-02	nan	nan
-8.57376e-01	5.00000e-02	1.09331e-01	5.00000e-02	nan	nan
-9.34639e-01	5.00000e-02	2.12363e-01	5.00000e-02	nan	nan
-1.16843e+00	5.00000e-02	3.07954e-01	5.00000e-02	nan	nan
-1.32975e+00	5.00000e-02	2.63560e-01	5.00000e-02	nan	nan
-1.24439e+00	5.00000e-02	3.79113e-01	5.00000e-02	nan	nan
-1.03513e+00	5.00000e-02	2.89939e-01	5.00000e-02	nan	nan
-4.63118e-01	5.00000e-02	-2.12553e-02	5.00000e-02	nan	nan
-2.33892e+00	5.00000e-02	4.36581e-01	5.00000e-02	nan	nan
-4.63271e-01	5.00000e-02	-5.61775e-02	5.00000e-02	nan	nan
-1.05694e+00	5.00000e-02	1.69786e-01	5.00000e-02	nan	nan
-1.09948e+00	5.00000e-02	3.02563e-01	5.00000e-02	nan	nan
-1.19607e+00	5.00000e-02	2.30712e-01	5.00000e-02	nan	nan
-1.29495e+00	5.00000e-02	2.80660e-01	5.00000e-02	nan	nan
-1.09540e+00	5.00000e-02	2.21245e-01	5.00000e-02	nan	nan
-6.00777e-01	5.00000e-02	-6.44583e-02	5.00000e-02	nan	nan
-8.89994e-01	5.00000e-02	1.28000e-01	5.00000e-02	nan	nan
-1.06665e+00	5.00000e-02	2.09101e-01	5.00000e-02	nan	nan
-1.26390e+00	5.00000e-02	2.23578e-01	5.00000e-02	nan	nan
-1.08334e+00	5.00000e-02	2.24422e-01	5.00000e-02	nan	nan
-1.37557e+00	5.00000e-02	2.03309e-01	5.00000e-02	nan	nan
-9.57903e-01	5.00000e-02	1.44546e-01	5.00000e-02	nan	nan
-6.84686e-01	5.00000e-02	4.20224e-02	5.00000e-02	nan	nan
-1.01776e+00	5.00000e-02	2.32567e-01	5.00000e-02	nan	nan
-1.49004e+00	5.00000e-02	3.10982e-01	5.00000e-02	nan	nan
-7.03743e-01	5.00000e-02	6.67625e-02	5.00000e-02	nan	nan
-1.41707e+00	5.00000e-02	2.82443e-01	5.00000e-02	nan	nan
-7.05492e-01	5.00000e-02	6.74567e-02	5.00000e-02	nan	nan
-9.15950e-01	5.00000e-02	1.63373e-01	5.00000e-02	nan	nan
-7.31450e-01	5.00000e-02	6.87584e-02	5.00000e-02	nan	nan
-5.71014e-01	5.00000e-02	1.82518e-02	5.00000e-02	nan	nan
-9.53108e-01	5.00000e-02	1.72170e-01	5.00000e-02	nan	nan
-4.91495e-01	5.00000e-02	3.10089e-04	5.00000e-02	nan	nan
-1.09666e+00	5.00000e-02	2.34101e-01	5.00000e-02	nan	nan
-8.81618e-01	5.00000e-02	6.58046e-02	5.00000e-02	nan	nan
-5.45998e-01	5.00000e-02	4.70864e-02	5.00000e-02	nan	nan
-1.04635e+00	5.00000e-02	1.55631e-01	5.00000e-02	nan	nan
-7.35369e-01	5.00000e-02	1.32467e-01	5.00000e-02	nan	nan
-8.84622e-01	5.00000e-02	3.26621e-01	5.00000e-02	nan	nan
-5.70705e-01	5.00000e-02	9.84203e-03	5.00000e-02	nan	nan
-6.64300e-01	5.00000e-02	8.56615e-02	5.00000e-02	nan	nan
-9.92889e-01	5.00000e-02	1.64179e-01	5.00000e-02	nan	nan
-9.80358e-01	5.00000e-02	2.83584e-01	5.00000e-02	nan	nan
-9.46358e-01	5.00000e-02	2.56468e-01	5.00000e-02	nan	nan
-7.00754e-01	5.00000e-02	1.15882e-01	5.00000e-02	nan	nan
-1.57607e+00	5.00000e-02	3.38955e-01	5.00000e-02	nan	nan
-6.05154e-01	5.00000e-02	-1.09645e-01	5.00000e-02	nan	nan
-4.29727e-01	5.00000e-02	-1.35627e-02	5.00000e-02	nan	nan
-9.84465e-01	5.00000e-02	2.52052e-01	5.00000e-02	nan	nan
-1.13626e+00	5.00000e-02	2.13642e-01	5.00000e-02	nan	nan
-1.75847e+00	5.00000e-02	3.31886e-01	5.00000e-02	nan	nan
-6.93231e-01	5.00000e-02	1.52290e-01	5.00000e-02	nan	nan
-8.78534e-01	5.00000e-02	9.09755e-02	5.00000e-02	nan	nan
-9.44766e-01	5.00000e-02	2.11450e-01	5.00000e-02	nan	nan
-1.64876e+00	5.00000e-02	3.30158e-01	5.00000e-02	nan	nan
-8.57339e-01	5.00000e-02	1.59697e-01	5.00000e-02	nan	nan
-9.35901e-01	5.00000e-02	1.62766e-01	5.00000e-02	nan	nan
-9.68587e-01	5.00000e-02	9.20826e-02	5.00000e-02	nan	nan
-7.17570e-01	5.00000e-02	1.30603e-01	5.00000e-02	nan	nan
-9.58270e-01	5.00000e-02	1.12823e-01	5.00000e-02	nan	nan
-2.29256e+00	5.00000e-02	4.55841e-01	5.00000e-02	nan	nan
-2.08028e+00	5.00000e-02	4.82823e-01	5.00000e-02	nan	nan
-1.62651e+00	5.00000e-02	4.55585e-01	5.00000e-02	nan	nan
-8.90652e-01	5.00000e-02	7.47822e-02	5.00000e-02	nan	nan
-6.18220e-01	5.00000e-02	-1.35992e-02	5.00000e-02	nan	nan
-5.36688e-01	5.00000e-02	-2.41370e-02	5.00000e-02	nan	nan
-1.38636e+00	5.00000e-02	3.76226e-01	5.00000e-02	nan	nan
-9.42074e-01	5.00000e-02	1.39960e-01	5.00000e-02	nan	nan
-1.49843e+00	5.00000e-02	3.49222e-01	5.00000e-02	nan	nan
-1.08484e+00	5.00000e-02	1.87677e-01	5.00000e-02	nan	nan
-1.63955e+00	5.00000e-02	3.26578e-01	5.00000e-02	nan	nan
-1.69421e+00	5.00000e-02	3.44162e-01	5.00000e-02	nan	nan
-1.31604e+00	5.00000e-02	1.70064e-01	5.00000e-02	nan	nan
-1.07824e+00	5.00000e-02	1.97285e-01	5.00000e-02	nan	nan
-1.28800e+00	5.00000e-02	2.89616e-01	5.00000e-02	nan	nan
-8.67833e-01	5.00000e-02	1.04231e-01	5.00000e-02	nan	nan
-4.22476e-01	5.00000e-02	-9.94503e-02	5.00000e-02	nan	nan
-1.39551e+00	5.00000e-02	2.50609e-01	5.00000e-02	nan	nan
-9.68946e-01	5.00000e-02	1.35630e-01	5.00000e-02	nan	nan
-7.35308e-01	5.00000e-02	1.41833e-01	5.00000e-02	nan	nan
-2.82863e+00	5.00000e-02	4.02270e-01	5.00000e-02	nan	nan
-1.05467e+00	5.00000e-02	1.84235e-01	5.00000e-02	nan	nan
-1.25773e+00	5.00000e-02	2.23495e-01	5.00000e-02	nan	nan
-1.12729e+00	5.00000e-02	3.03862e-01	5.00000e-02	nan	nan
-8.98879e-01	5.00000e-02	7.24261e-02	5.00000e-02	nan	nan
-6.11094e-01	5.00000e-02	6.38223e-02	5.00000e-02	nan	nan
-1.46107e+00	5.00000e-02	2.81177e-01	5.00000e-02	nan	nan
-1.31069e+00	5.00000e-02	3.06684e-01	5.00000e-02	nan	nan
-4.92510e-01	5.00000e-02	-2.30622e-02	5.00000e-02	nan	nan
-6.36451e-01	5.00000e-02	7.18564e-02	5.00000e-02	nan	nan
-9.95532e-01	5.00000e-02	1.89090e-01	5.00000e-02	nan	nan
-5.75293e-01	5.00000e-02	1.49146e-02	5.00000e-02	nan	nan
-1.11699e+00	5.00000e-02	2.36635e-01	5.00000e-02	nan	nan
-7.82481e-01	5.00000e-02	7.41357e-02	5.00000e-02	nan	nan
-8.62115e-01	5.00000e-02	1.16621e-01	5.00000e-02	nan	nan
-1.21535e+00	5.00000e-02	1.73391e-01	5.00000e-02	nan	nan
-6.31733e-01	5.00000e-02	1.29310e-01	5.00000e-02	nan	nan
-1.24659e+00	5.00000e-02	2.13122e-01	5.00000e-02	nan	nan
-5.88354e-01	5.00000e-02	1.66188e-01	5.00000e-02	nan	nan
-4.14470e-01	5.00000e-02	6.05356e-02	5.00000e-02	nan	nan
-1.75096e+00	5.00000e-02	3.57529e-01	5.00000e-02	nan	nan
-1.61248e+00	5.00000e-02	3.71375e-01	5.00000e-02	nan	nan
-1.65528e+00	5.00000e-02	3.62249e-01	5.00000e-02	nan	nan
-7.98959e-01	5.00000e-02	1.24103e-01	5.00000e-02	nan	nan
-1.54893e+00	5.00000e-02	2.80753e-01	5.00000e-02	nan	nan
-9.37148e-01	5.00000e-02	2.39571e-01	5.00000e-02	nan	nan
-8.55609e-01	5.00000e-02	1.58914e-01	5.00000e-02	nan	nan
-1.99833e+00	5.00000e-02	4.75719e-01	5.00000e-02	nan	nan
-2.06503e+00	5.00000e-02	4.21669e-01	5.00000e-02	nan	nan
-8.16522e-01	5.00000e-02	8.59626e-02	5.00000e-02	nan	nan
-1.44187e+00	5.00000e-02	2.60988e-01	5.00000e-02	nan	nan
-9.23019e-01	5.00000e-02	2.02471e-01	5.00000e-02	nan	nan
-1.01046e+00	5.00000e-02	1.79965e-01	5.00000e-02	nan	nan
-4.38296e-01	5.00000e-02	1.41468e-01	5.00000e-02	nan	nan
-1.30586e+00	5.00000e-02	2.22797e-01	5.00000e-02	nan	nan
-1.18541e+00	5.00000e-02	3.87737e-01	5.00000e-02	nan	nan
-1.32226e+00	5.00000e-02	3.12204e-01	5.00000e-02	nan	nan
-1.18252e+00	5.00000e-02	2.57005e-01	5.00000e-02	nan	nan
-9.21993e-01	5.00000e-02	1.39566e-01	5.00000e-02	nan	nan
-1.28081e+00	5.00000e-02	2.01198e-01	5.00000e-02	nan	nan
-1.00016e+00	5.00000e-02	2.26122e-01	5.00000e-02	nan	nan
-8.82988e-01	5.00000e-02	9.21737e-02	5.00000e-02	nan	nan
-1.58208e+00	5.00000e-02	3.46217e-01	5.00000e-02	nan	nan
-1.28502e+00	5.00000e-02	2.80704e-01	5.00000e-02	nan	nan
-7.84175e-01	5.00000e-02	9.01358e-02	5.00000e-02	nan	nan
-1.05502e+00	5.00000e-02	1.95099e-01	5.00000e-02	nan	nan
-1.38506e+00	5.00000e-02	2.93968e-01	5.00000e-02	nan	nan
-1.46071e+00	5.00000e-02	2.90560e-01	5.00000e-02	nan	nan
-1.39172e+00	5.00000e-02	1.98594e-01	5.00000e-02	nan	nan
-1.38450e+00	5.00000e-02	3.31359e-01	5.00000e-02	nan	nan
-9.44045e-01	5.00000e-02	8.49324e-02	5.00000e-02	nan	nan
-8.38659e-01	5.00000e-02	1.58704e-01	5.00000e-02	nan	nan
-1.33398e+00	5.00000e-02	2.65677e-01	5.00000e-02	nan	nan
-6.81514e-01	5.00000e-02	8.82538e-02	5.00000e-02	nan	nan
-1.05166e+00	5.00000e-02	1.74622e-01	5.00000e-02	nan	nan
-1.08085e+00	5.00000e-02	2.34003e-01	5.00000e-02	nan	nan
-1.48170e+00	5.00000e-02	3.61356e-01	5.00000e-02	nan	nan
-1.61637e+00	5.00000e-02	3.97552e-01	5.00000e-02	nan	nan
-5.57391e-01	5.00000e-02	-5.65565e-03	5.00000e-02	nan	nan
-1.00777e+00	5.00000e-02	2.71786e-01	5.00000e-02	nan	nan
-1.69797e+00	5.00000e-02	2.95826e-01	5.00000e-02	nan	nan
-8.13507e-01	5.00000e-02	2.02786e-01	5.00000e-02	nan	nan
-2.08519e+00	5.00000e-02	3.24329e-01	5.00000e-02	nan	nan
-1.53075e+00	5.00000e-02	2.92185e-01	5.00000e-02	nan	nan
-5.85171e-01	5.00000e-02	4.36207e-02	5.00000e-02	nan	nan
-1.05973e+00	5.00000e-02	8.48287e-02	5.00000e-02	nan	nan
-9.27666e-01	5.00000e-02	1.59333e-01	5.00000e-02	nan	nan
-1.53576e+00	5.00000e-02	3.64623e-01	5.00000e-02	nan	nan
-1.28868e+00	5.00000e-02	3.04355e-01	5.00000e-02	nan	nan
-1.73296e+00	5.00000e-02	3.86085e-01	5.00000e-02	nan	nan
-1.04184e+00	5.00000e-02	3.04277e-01	5.00000e-02	nan	nan
-1.26721e+00	5.00000e-02	2.82438e-01	5.00000e-02	nan	nan
-6.70192e-01	5.00000e-02	8.27832e-02	5.00000e-02	nan	nan
-3.27672e-01	5.00000e-02	-1.15403e-01	5.00000e-02	nan	nan
-5.79904e-01	5.00000e-02	4.19823e-02	5.00000e-02	nan	nan
-4.31338e-01	5.00000e-02	-2.59144e-03	5.00000e-02	nan	nan
-1.60989e+00	5.00000e-02	3.32890e-01	5.00000e-02	nan	nan
-9.70336e-01	5.00000e-02	1.81486e-01	5.00000e-02	nan	nan
-1.68633e+00	5.00000e-02	3.81013e-01	5.00000e-02	nan	nan
-8.31745e-01	5.00000e-02	1.52372e-01	5.00000e-02	nan	nan
-3.59569e-01	5.00000e-02	-5.50278e-02	5.00000e-02	nan	nan
-5.65414e-01	5.00000e-02	9.73582e-02	5.00000e-02	nan	nan
-1.29799e+00	5.00000e-02	2.64506e-01	5.00000e-02	nan	nan
-5.54213e-01	5.00000e-02	-8.55639e-02	5.00000e-02	nan	nan
-9.89746e-01	5.00000e-02	1.61187e-01	5.00000e-02	nan	nan
-6.05576e-01	5.00000e-02	6.89860e-02	5.00000e-02	nan	nan
-9.06205e-01	5.00000e-02	1.35660e-01	5.00000e-02	nan	nan
-7.45081e-01	5.00000e-02	1.15225e-01	5.00000e-02	nan	nan
-1.06513e+00	5.00000e-02	2.27037e-01	5.00000e-02	nan	nan
-1.61574e+00	5.00000e-02	2.50679e-01	5.00000e-02	nan	nan
-2.49340e+00	5.00000e-02	3.95246e-01	5.00000e-02	nan	nan
-6.86273e-01	5.00000e-02	4.56158e-02	5.00000e-02	nan	nan
-8.49887e-01	5.00000e-02	2.46326e-01	5.00000e-02	nan	nan
-1.56403e+00	5.00000e-02	2.83403e-01	5.00000e-02	nan	nan
-1.34682e+00	5.00000e-02	3.70548e-01	5.00000e-02	nan	nan
-9.59854e-01	5.00000e-02	1.53973e-01	5.00000e-02	nan	nan
-1.36955e+00	5.00000e-02	2.72740e-01	5.00000e-02	nan	nan
-1.63781e+00	5.00000e-02	3.39400e-01	5.00000e-02	nan	nan
-1.24695e+00	5.00000e-02	2.78518e-01	5.00000e-02	nan	nan
-6.99787e-01	5.00000e-02	6.39101e-02	5.00000e-02	nan	nan
-1.26415e+00	5.00000e-02	2.26296e-01	5.00000e-02	nan	nan
-2.13384e+00	5.00000e-02	3.47327e-01	5.00000e-02	nan	nan
-9.21707e-01	5.00000e-02	2.02377e-01	5.00000e-02	nan	nan
-1.66620e+00	5.00000e-02	2.95611e-01	5.00000e-02	nan	nan
-1.14057e+00	5.00000e-02	2.38765e-01	5.00000e-02	nan	nan
-1.16063e+00	5.00000e-02	2.05162e-01	5.00000e-02	nan	nan
-8.41297e-01	5.00000e-02	1.40057e-01	5.00000e-02	nan	nan
-7.57761e-01	5.00000e-02	-1.16937e-02	5.00000e-02	nan	nan
-1.18453e+00	5.00000e-02	2.25116e-01	5.00000e-02	nan	nan
-1.00107e+00	5.00000e-02	2.02087e-01	5.00000e-02	nan	nan
-1.85613e+00	5.00000e-02	3.39402e-01	5.00000e-02	nan	nan
-7.20539e-01	5.00000e-02	1.61570e-01	5.00000e-02	nan	nan
-1.70578e+00	5.00000e-02	3.55780e-01	5.00000e-02	nan	nan
-1.01299e+00	5.00000e-02	2.01768e-01	5.00000e-02	nan	nan
-8.42236e-01	5.00000e-02	1.59407e-01	5.00000e-02	nan	nan
-3.30536e-01	5.00000e-02	-7.05558e-02	5.00000e-02	nan	nan
-1.70728e+00	5.00000e-02	3.42811e-01	5.00000e-02	nan	nan
-6.37529e-01	5.00000e-02	8.37000e-02	5.00000e-02	nan	nan
-8.03136e-01	5.00000e-02	1.44353e-01	5.00000e-02	nan	nan
-9.68486e-01	5.00000e-02	2.15339e-01	5.00000e-02	nan	nan
-7.87948e-01	5.00000e-02	1.39096e-01	5.00000e-02	nan	nan
-1.06197e+00	5.00000e-02	1.93573e-01	5.00000e-02	nan	nan
-6.83332e-01	5.00000e-02	1.59423e-01	5.00000e-02	nan	nan
-1.05508e+00	5.00000e-02	1.56389e-01	5.00000e-02	nan	nan
-5.59202e-01	5.00000e-02	-3.53193e-03	5.00000e-02	nan	nan
-8.66262e-01	5.00000e-02	1.39560e-01	5.00000e-02	nan	nan
-1.73866e+00	5.00000e-02	3.79918e-01	5.00000e-02	nan	nan
-1.32837e+00	5.00000e-02	2.87506e-01	5.00000e-02	nan	nan
-9.21540e-01	5.00000e-02	1.58911e-01	5.00000e-02	nan	nan
-6.63310e-01	5.00000e-02	5.32264e-02	5.00000e-02	nan	nan
-7.23399e-01	5.00000e-02	1.14013e-01	5.00000e-02	nan	nan
-6.84620e-01	5.00000e-02	1.27317e-01	5.00000e-02	nan	nan
-6.77557e-01	5.00000e-02	1.21531e-01	5.00000e-02	nan	nan
-1.79525e+00	5.00000e-02	5.12206e-01	5.00000e-02	nan	nan
-8.25262e-01	5.00000e-02	1.02926e-01	5.00000e-02	nan	nan
-6.28197e-01	5.00000e-02	4.52449e-02	5.00000e-02	nan	nan
-1.78078e+00	5.00000e-02	3.98170e-01	5.00000e-02	nan	nan
-1.94316e+00	5.00000e-02	3.97426e-01	5.00000e-02	nan	nan
-1.05973e+00	5.00000e-02	2.03946e-01	5.00000e-02	nan	nan
-8.55576e-01	5.00000e-02	1.72175e-01	5.00000e-02	nan	nan
-1.44148e+00	5.00000e-02	3.20233e-01	5.00000e-02	nan	nan
-8.12624e-01	5.00000e-02	1.09698e-01	5.00000e-02	nan	nan
-1.58228e+00	5.00000e-02	3.27515e-01	5.00000e-02	nan	nan
-5.99224e-01	5.00000e-02	7.74695e-02	5.00000e-02	nan	nan
-3.45993e-01	5.00000e-02	-2.17561e-02	5.00000e-02	nan	nan
-5.49075e-01	5.00000e-02	-3.10463e-02	5.00000e-02	nan	nan
-1.29616e+00	5.00000e-02	3.09901e-01	5.00000e-02	nan	nan
-1.76054e+00	5.00000e-02	4.42921e-01	5.00000e-02	nan	nan
-1.50405e+00	5.00000e-02	3.02309e-01	5.00000e-02	nan	nan
-1.12693e+00	5.00000e-02	2.30170e-01	5.00000e-02	nan	nan
-8.92410e-01	5.00000e-02	1.62239e-01	5.00000e-02	nan	nan
-9.28820e-01	5.00000e-02	7.63164e-02	5.00000e-02	nan	nan
-9.20089e-01	5.00000e-02	1.63475e-01	5.00000e-02	nan	nan
-8.21907e-01	5.00000e-02	1.91223e-01	5.00000e-02	nan	nan
-1.12521e+00	5.00000e-02	2.55074e-01	5.00000e-02	nan	nan
-1.12854e+00	5.00000e-02	2.59255e-01	5.00000e-02	nan	nan
-1.19578e+00	5.00000e-02	2.11887e-01	5.00000e-02	nan	nan
-8.78204e-01	5.00000e-02	1.63119e-01	5.00000e-02	nan	nan
-6.13790e-01	5.00000e-02	8.61391e-02	5.00000e-02	nan	nan
-9.19823e-01	5.00000e-02	1.77976e-01	5.00000e-02	nan	nan
-1.37878e+00	5.00000e-02	2.77057e-01	5.00000e-02	nan	nan
-8.39044e-01	5.00000e-02	8.11384e-02	5.00000e-02	nan	nan
-1.85624e+00	5.00000e-02	4.12533e-01	5.00000e-02	nan	nan
-4.89267e-01	5.00000e-02	-4.83843e-02	5.00000e-02	nan	nan
-1.25554e+00	5.00000e-02	2.12177e-01	5.00000e-02	nan	nan
-8.59781e-01	5.00000e-02	1.86121e-01	5.00000e-02	nan	nan
-1.53922e+00	5.00000e-02	2.96981e-01	5.00000e-02	nan	nan
-9.40468e-01	5.00000e-02	1.18243e-01	5.00000e-02	nan	nan
-7.25449e-01	5.00000e-02	9.13940e-02	5.00000e-02	nan	nan
-1.79332e+00	5.00000e-02	3.25525e-01	5.00000e-02	nan	nan
-1.09063e+00	5.00000e-02	2.57218e-01	5.00000e-02	nan	nan
-1.22446e+00	5.00000e-02	2.87565e-01	5.00000e-02	nan	nan
-1.31331e+00	5.00000e-02	2.50916e-01	5.00000e-02	nan	nan
-1.01831e+00	5.00000e-02	1.08756e-01	5.00000e-02	nan	nan
-1.27062e+00	5.00000e-02	2.33921e-01	5.00000e-02	nan	nan
-5.75584e-01	5.00000e-02	9.66743e-02	5.00000e-02	nan	nan
-1.77110e+00	5.00000e-02	3.96630e-01	5.00000e-02	nan	nan
-4.00052e-01	5.00000e-02	-1.22025e-01	5.00000e-02	nan	nan
-8.97706e-01	5.00000e-02	2.27176e-01	5.00000e-02	nan	nan
-9.06539e-01	5.00000e-02	1.48313e-01	5.00000e-02	nan	nan
-1.38363e+00	5.00000e-02	3.44337e-01	5.00000e-02	nan	nan
-9.94355e-01	5.00000e-02	1.79944e-01	5.00000e-02	nan	nan
-1.22160e+00	5.00000e-02	1.85313e-01	5.00000e-02	nan	nan
-1.61843e+00	5.00000e-02	2.66076e-01	5.00000e-02	nan	nan
-9.89930e-01	5.00000e-02	2.16358e-01	5.00000e-02	nan	nan
-1.65694e+00	5.00000e-02	3.60939e-01	5.00000e-02	nan	nan
-1.05833e+00	5.00000e-02	1.84627e-01	5.00000e-02	nan	nan
-9.48142e-01	5.00000e-02	2.07104e-01	5.00000e-02	nan	nan
-1.30635e+00	5.00000e-02	2.70473e-01	5.00000e-02	nan	nan
-1.05074e+00	5.00000e-02	1.79055e-01	5.00000e-02	nan	nan
-9.06772e-01	5.00000e-02	1.92368e-01	5.00000e-02	nan	nan
-2.98613e-01	5.00000e-02	-1.37042e-01	5.00000e-02	nan	nan
-9.39927e-01	5.00000e-02	2.01453e-01	5.00000e-02	nan	nan
-2.20157e+00	5.00000e-02	4.39213e-01	5.00000e-02	nan	nan
-9.04951e-01	5.00000e-02	2.30573e-01	5.00000e-02	nan	nan
-7.43683e-01	5.00000e-02	1.56564e-01	5.00000e-02	nan	nan
-1.18462e+00	5.00000e-02	2.26127e-01	5.00000e-02	nan	nan
-4.75385e-01	5.00000e-02	1.35926e-03	5.00000e-02	nan	nan
-6.27784e-01	5.00000e-02	1.01637e-01	5.00000e-02	nan	nan
