# [Fe/H]	[Fe/H]_err	[O/Fe]	[O/Fe]_err	Age [Gyr]	Age_err
-1.12293e+00	1.00000e-02	1.59859e-01	1.00000e-02	8.17481e+00	1.00000e-01
-1.01007e+00	1.00000e-02	1.02603e-01	1.00000e-02	7.07773e+00	1.00000e-01
-1.08193e+00	1.00000e-02	1.34193e-01	1.00000e-02	7.72082e+00	1.00000e-01
-1.12364e+00	1.00000e-02	1.85109e-01	1.00000e-02	8.14411e+00	1.00000e-01
-1.18733e+00	1.00000e-02	2.35697e-01	1.00000e-02	8.44013e+00	1.00000e-01
-1.06446e+00	1.00000e-02	1.38978e-01	1.00000e-02	7.56563e+00	1.00000e-01
-1.20867e+00	1.00000e-02	2.24837e-01	1.00000e-02	8.53145e+00	1.00000e-01
-8.71921e-01	1.00000e-02	-3.58735e-02	1.00000e-02	5.15924e+00	1.00000e-01
-7.40009e-01	1.00000e-02	-1.69768e-01	1.00000e-02	3.27909e+00	1.00000e-01
-1.23835e+00	1.00000e-02	2.61772e-01	1.00000e-02	8.70845e+00	1.00000e-01
-9.58625e-01	1.00000e-02	5.37336e-02	1.00000e-02	6.64200e+00	1.00000e-01
-1.10796e+00	1.00000e-02	1.91769e-01	1.00000e-02	8.14822e+00	1.00000e-01
-1.12128e+00	1.00000e-02	1.67194e-01	1.00000e-02	7.90699e+00	1.00000e-01
-8.21652e-01	1.00000e-02	-7.33801e-02	1.00000e-02	4.27603e+00	1.00000e-01
-1.76381e+00	1.00000e-02	4.16490e-01	1.00000e-02	9.56332e+00	1.00000e-01
-1.70990e+00	1.00000e-02	4.09114e-01	1.00000e-02	9.57769e+00	1.00000e-01
-2.08018e+00	1.00000e-02	4.52464e-01	1.00000e-02	9.90216e+00	1.00000e-01
-9.31407e-01	1.00000e-02	3.10763e-02	1.00000e-02	6.07783e+00	1.00000e-01
-9.75448e-01	1.00000e-02	4.92374e-02	1.00000e-02	6.60141e+00	1.00000e-01
-8.95367e-01	1.00000e-02	-1.12790e-03	1.00000e-02	5.57849e+00	1.00000e-01
-6.49530e-01	1.00000e-02	-2.57202e-01	1.00000e-02	2.41174e+00	1.00000e-01
-9.58177e-01	1.00000e-02	3.68387e-02	1.00000e-02	6.50202e+00	1.00000e-01
-1.16782e+00	1.00000e-02	2.13808e-01	1.00000e-02	8.39389e+00	1.00000e-01
-9.49744e-01	1.00000e-02	5.47163e-02	1.00000e-02	6.36986e+00	1.00000e-01
-1.61353e+00	1.00000e-02	3.80153e-01	1.00000e-02	9.40825e+00	1.00000e-01
-1.06633e+00	1.00000e-02	1.29450e-01	1.00000e-02	7.57813e+00	1.00000e-01
-1.55984e+00	1.00000e-02	3.87963e-01	1.00000e-02	9.28395e+00	1.00000e-01
-7.90449e-01	1.00000e-02	-1.44917e-01	1.00000e-02	4.04515e+00	1.00000e-01
-1.15005e+00	1.00000e-02	1.80102e-01	1.00000e-02	8.09243e+00	1.00000e-01
-1.21598e+00	1.00000e-02	2.48162e-01	1.00000e-02	8.62944e+00	1.00000e-01
-1.34755e+00	1.00000e-02	2.89785e-01	1.00000e-02	9.13286e+00	1.00000e-01
-9.69637e-01	1.00000e-02	7.14076e-02	1.00000e-02	6.75294e+00	1.00000e-01
-1.18552e+00	1.00000e-02	2.09019e-01	1.00000e-02	8.46626e+00	1.00000e-01
-1.12689e+00	1.00000e-02	1.81090e-01	1.00000e-02	7.97531e+00	1.00000e-01
-2.07093e+00	1.00000e-02	4.51520e-01	1.00000e-02	9.71701e+00	1.00000e-01
-1.07355e+00	1.00000e-02	1.55172e-01	1.00000e-02	7.80980e+00	1.00000e-01
-1.04662e+00	1.00000e-02	1.46067e-01	1.00000e-02	7.64414e+00	1.00000e-01
-1.07519e+00	1.00000e-02	1.33989e-01	1.00000e-02	7.67221e+00	1.00000e-01
-7.81010e-01	1.00000e-02	-1.20104e-01	1.00000e-02	4.15963e+00	1.00000e-01
-1.03433e+00	1.00000e-02	1.10642e-01	1.00000e-02	7.26187e+00	1.00000e-01
-1.27420e+00	1.00000e-02	2.39211e-01	1.00000e-02	8.60208e+00	1.00000e-01
-1.17797e+00	1.00000e-02	2.30235e-01	1.00000e-02	8.58750e+00	1.00000e-01
-1.03587e+00	1.00000e-02	8.65241e-02	1.00000e-02	7.15399e+00	1.00000e-01
-1.80290e+00	1.00000e-02	4.27525e-01	1.00000e-02	9.75480e+00	1.00000e-01
-1.03801e+00	1.00000e-02	1.38807e-01	1.00000e-02	7.38774e+00	1.00000e-01
-1.04699e+00	1.00000e-02	1.02130e-01	1.00000e-02	7.29110e+00	1.00000e-01
-1.43190e+00	1.00000e-02	3.16693e-01	1.00000e-02	9.27367e+00	1.00000e-01
-1.56995e+00	1.00000e-02	3.48449e-01	1.00000e-02	9.50641e+00	1.00000e-01
-1.32364e+00	1.00000e-02	2.78332e-01	1.00000e-02	8.98249e+00	1.00000e-01
-1.25438e+00	1.00000e-02	2.40762e-01	1.00000e-02	8.65146e+00	1.00000e-01
-1.10159e+00	1.00000e-02	1.63193e-01	1.00000e-02	7.88971e+00	1.00000e-01
-1.19208e+00	1.00000e-02	2.23417e-01	1.00000e-02	8.32914e+00	1.00000e-01
-5.81313e-01	1.00000e-02	-3.05660e-01	1.00000e-02	1.66154e+00	1.00000e-01
-1.66275e+00	1.00000e-02	4.02338e-01	1.00000e-02	9.25408e+00	1.00000e-01
-1.42769e+00	1.00000e-02	3.21049e-01	1.00000e-02	9.20639e+00	1.00000e-01
-1.51999e+00	1.00000e-02	3.63188e-01	1.00000e-02	9.30324e+00	1.00000e-01
-1.05585e+00	1.00000e-02	1.40947e-01	1.00000e-02	7.25358e+00	1.00000e-01
-1.37313e+00	1.00000e-02	2.89967e-01	1.00000e-02	8.97384e+00	1.00000e-01
-1.15038e+00	1.00000e-02	2.09456e-01	1.00000e-02	8.36951e+00	1.00000e-01
-1.40426e+00	1.00000e-02	3.01091e-01	1.00000e-02	9.09966e+00	1.00000e-01
-1.51741e+00	1.00000e-02	3.59932e-01	1.00000e-02	9.33086e+00	1.00000e-01
-1.62687e+00	1.00000e-02	3.89525e-01	1.00000e-02	9.29703e+00	1.00000e-01
-1.04661e+00	1.00000e-02	1.33988e-01	1.00000e-02	7.52899e+00	1.00000e-01
-1.57282e+00	1.00000e-02	3.59909e-01	1.00000e-02	9.28817e+00	1.00000e-01
-1.45682e+00	1.00000e-02	3.44135e-01	1.00000e-02	9.02482e+00	1.00000e-01
-1.25605e+00	1.00000e-02	2.39522e-01	1.00000e-02	8.76850e+00	1.00000e-01
-9.46407e-01	1.00000e-02	2.73445e-02	1.00000e-02	6.17831e+00	1.00000e-01
-1.66293e+00	1.00000e-02	3.89839e-01	1.00000e-02	9.21539e+00	1.00000e-01
-9.21718e-01	1.00000e-02	2.33297e-02	1.00000e-02	5.98805e+00	1.00000e-01
-1.68748e+00	1.00000e-02	3.99496e-01	1.00000e-02	9.56792e+00	1.00000e-01
-6.71465e-01	1.00000e-02	-2.37367e-01	1.00000e-02	2.53698e+00	1.00000e-01
-1.17033e+00	1.00000e-02	1.93287e-01	1.00000e-02	8.38173e+00	1.00000e-01
-6.75311e-01	1.00000e-02	-2.33695e-01	1.00000e-02	2.47940e+00	1.00000e-01
-1.08308e+00	1.00000e-02	1.48361e-01	1.00000e-02	7.57393e+00	1.00000e-01
-9.95976e-01	1.00000e-02	8.03252e-02	1.00000e-02	6.75576e+00	1.00000e-01
-1.92600e+00	1.00000e-02	4.44485e-01	1.00000e-02	9.81956e+00	1.00000e-01
-1.33832e+00	1.00000e-02	2.93260e-01	1.00000e-02	8.98238e+00	1.00000e-01
-1.60414e+00	1.00000e-02	3.91372e-01	1.00000e-02	9.29930e+00	1.00000e-01
-1.31540e+00	1.00000e-02	2.79324e-01	1.00000e-02	8.89757e+00	1.00000e-01
-1.61046e+00	1.00000e-02	3.74760e-01	1.00000e-02	9.32738e+00	1.00000e-01
-1.29941e+00	1.00000e-02	2.91026e-01	1.00000e-02	8.85439e+00	1.00000e-01
-1.21123e+00	1.00000e-02	2.25112e-01	1.00000e-02	8.52825e+00	1.00000e-01
-1.77618e+00	1.00000e-02	4.14495e-01	1.00000e-02	9.58462e+00	1.00000e-01
-1.02131e+00	1.00000e-02	9.93848e-02	1.00000e-02	7.27525e+00	1.00000e-01
-1.09351e+00	1.00000e-02	1.80501e-01	1.00000e-02	7.92096e+00	1.00000e-01
-1.34706e+00	1.00000e-02	3.08953e-01	1.00000e-02	8.92038e+00	1.00000e-01
-1.14207e+00	1.00000e-02	1.82447e-01	1.00000e-02	8.22289e+00	1.00000e-01
-1.67736e+00	1.00000e-02	3.89972e-01	1.00000e-02	9.68522e+00	1.00000e-01
-1.09207e+00	1.00000e-02	1.39003e-01	1.00000e-02	7.91172e+00	1.00000e-01
-8.10712e-01	1.00000e-02	-8.70903e-02	1.00000e-02	4.50497e+00	1.00000e-01
-1.29857e+00	1.00000e-02	2.59693e-01	1.00000e-02	8.81293e+00	1.00000e-01
-1.04931e+00	1.00000e-02	1.11239e-01	1.00000e-02	7.27369e+00	1.00000e-01
-1.57204e+00	1.00000e-02	3.71028e-01	1.00000e-02	9.36518e+00	1.00000e-01
-1.01732e+00	1.00000e-02	9.59316e-02	1.00000e-02	7.19792e+00	1.00000e-01
-1.34953e+00	1.00000e-02	2.89928e-01	1.00000e-02	8.88543e+00	1.00000e-01
-1.49685e+00	1.00000e-02	3.20779e-01	1.00000e-02	9.16872e+00	1.00000e-01
-1.08621e+00	1.00000e-02	1.61524e-01	1.00000e-02	7.73610e+00	1.00000e-01
-2.06030e+00	1.00000e-02	4.63545e-01	1.00000e-02	9.85961e+00	1.00000e-01
-9.40256e-01	1.00000e-02	3.70731e-02	1.00000e-02	6.18554e+00	1.00000e-01
-2.34763e+00	1.00000e-02	4.43531e-01	1.00000e-02	9.63654e+00	1.00000e-01
-1.01276e+00	1.00000e-02	9.96090e-02	1.00000e-02	7.33642e+00	1.00000e-01
-1.32881e+00	1.00000e-02	2.98742e-01	1.00000e-02	9.09492e+00	1.00000e-01
-1.01467e+00	1.00000e-02	6.85753e-02	1.00000e-02	6.90673e+00	1.00000e-01
-7.20443e-01	1.00000e-02	-1.75556e-01	1.00000e-02	3.30054e+00	1.00000e-01
-1.38003e+00	1.00000e-02	3.17545e-01	1.00000e-02	8.92551e+00	1.00000e-01
-1.10705e+00	1.00000e-02	1.54323e-01	1.00000e-02	7.98946e+00	1.00000e-01
-1.08350e+00	1.00000e-02	1.77089e-01	1.00000e-02	7.90364e+00	1.00000e-01
-1.09797e+00	1.00000e-02	1.76727e-01	1.00000e-02	7.92115e+00	1.00000e-01
-1.42140e+00	1.00000e-02	3.25357e-01	1.00000e-02	9.07037e+00	1.00000e-01
-7.64241e-01	1.00000e-02	-1.29481e-01	1.00000e-02	3.73987e+00	1.00000e-01
-1.19266e+00	1.00000e-02	2.13170e-01	1.00000e-02	8.52218e+00	1.00000e-01
-9.24818e-01	1.00000e-02	7.51244e-03	1.00000e-02	5.84897e+00	1.00000e-01
-1.01887e+00	1.00000e-02	1.00794e-01	1.00000e-02	7.03982e+00	1.00000e-01
-1.33103e+00	1.00000e-02	2.73816e-01	1.00000e-02	9.04433e+00	1.00000e-01
-9.37849e-01	1.00000e-02	4.27807e-02	1.00000e-02	6.21946e+00	1.00000e-01
-1.23394e+00	1.00000e-02	2.34310e-01	1.00000e-02	8.49481e+00	1.00000e-01
-8.60309e-01	1.00000e-02	-4.40326e-02	1.00000e-02	5.47640e+00	1.00000e-01
-1.10514e+00	1.00000e-02	1.59311e-01	1.00000e-02	7.76120e+00	1.00000e-01
-8.96350e-01	1.00000e-02	-3.36706e-02	1.00000e-02	5.58550e+00	1.00000e-01
-1.02667e+00	1.00000e-02	1.00908e-01	1.00000e-02	7.30558e+00	1.00000e-01
-1.00550e+00	1.00000e-02	9.88104e-02	1.00000e-02	6.84757e+00	1.00000e-01
-1.14178e+00	1.00000e-02	2.02503e-01	1.00000e-02	8.04384e+00	1.00000e-01
-7.47256e-01	1.00000e-02	-1.35189e-01	1.00000e-02	3.62851e+00	1.00000e-01
-1.04616e+00	1.00000e-02	1.38858e-01	1.00000e-02	7.46925e+00	1.00000e-01
-1.20160e+00	1.00000e-02	2.11502e-01	1.00000e-02	8.45487e+00	1.00000e-01
-1.07452e+00	1.00000e-02	1.56697e-01	1.00000e-02	7.74246e+00	1.00000e-01
-2.06327e+00	1.00000e-02	4.38286e-01	1.00000e-02	9.80983e+00	1.00000e-01
-1.31837e+00	1.00000e-02	3.00147e-01	1.00000e-02	8.88858e+00	1.00000e-01
-1.04991e+00	1.00000e-02	1.24872e-01	1.00000e-02	7.35809e+00	1.00000e-01
-1.32756e+00	1.00000e-02	2.82509e-01	1.00000e-02	8.76087e+00	1.00000e-01
-1.07064e+00	1.00000e-02	1.40994e-01	1.00000e-02	7.51676e+00	1.00000e-01
-1.19820e+00	1.00000e-02	2.39692e-01	1.00000e-02	8.53213e+00	1.00000e-01
-1.56306e+00	1.00000e-02	3.54550e-01	1.00000e-02	9.44769e+00	1.00000e-01
-1.32068e+00	1.00000e-02	2.88435e-01	1.00000e-02	8.96226e+00	1.00000e-01
-1.11257e+00	1.00000e-02	1.64601e-01	1.00000e-02	7.83421e+00	1.00000e-01
-1.08635e+00	1.00000e-02	1.46794e-01	1.00000e-02	7.94125e+00	1.00000e-01
-1.10487e+00	1.00000e-02	1.54152e-01	1.00000e-02	7.89746e+00	1.00000e-01
-1.05984e+00	1.00000e-02	1.23722e-01	1.00000e-02	7.40700e+00	1.00000e-01
-1.03495e+00	1.00000e-02	1.35826e-01	1.00000e-02	7.48425e+00	1.00000e-01
-1.20144e+00	1.00000e-02	2.34208e-01	1.00000e-02	8.52052e+00	1.00000e-01
-8.61832e-01	1.00000e-02	-3.98437e-02	1.00000e-02	4.99118e+00	1.00000e-01
-1.25335e+00	1.00000e-02	2.46911e-01	1.00000e-02	8.76451e+00	1.00000e-01
-1.18302e+00	1.00000e-02	2.15869e-01	1.00000e-02	8.50684e+00	1.00000e-01
-8.55152e-01	1.00000e-02	-4.07001e-02	1.00000e-02	5.40819e+00	1.00000e-01
-9.60393e-01	1.00000e-02	4.27124e-02	1.00000e-02	6.34889e+00	1.00000e-01
-1.01786e+00	1.00000e-02	9.39408e-02	1.00000e-02	7.11088e+00	1.00000e-01
-1.66499e+00	1.00000e-02	3.94826e-01	1.00000e-02	9.54300e+00	1.00000e-01
-8.10632e-01	1.00000e-02	-5.90234e-02	1.00000e-02	4.63902e+00	1.00000e-01
-1.00846e+00	1.00000e-02	1.06901e-01	1.00000e-02	7.10306e+00	1.00000e-01
-4.23480e-01	1.00000e-02	-4.71629e-01	1.00000e-02	3.26728e-01	1.00000e-01
-1.54941e+00	1.00000e-02	3.56510e-01	1.00000e-02	9.40704e+00	1.00000e-01
-8.95610e-01	1.00000e-02	-6.11722e-03	1.00000e-02	5.57302e+00	1.00000e-01
-1.50480e+00	1.00000e-02	3.73128e-01	1.00000e-02	9.36064e+00	1.00000e-01
-1.07315e+00	1.00000e-02	1.52603e-01	1.00000e-02	7.63609e+00	1.00000e-01
-1.60700e+00	1.00000e-02	3.76705e-01	1.00000e-02	9.18172e+00	1.00000e-01
-9.29408e-01	1.00000e-02	6.52879e-03	1.00000e-02	5.74466e+00	1.00000e-01
-9.61454e-01	1.00000e-02	3.74171e-02	1.00000e-02	6.17570e+00	1.00000e-01
-1.10440e+00	1.00000e-02	1.60604e-01	1.00000e-02	7.92254e+00	1.00000e-01
-1.20443e+00	1.00000e-02	2.36152e-01	1.00000e-02	8.56211e+00	1.00000e-01
-1.76836e+00	1.00000e-02	4.18274e-01	1.00000e-02	9.51833e+00	1.00000e-01
-1.02370e+00	1.00000e-02	1.09298e-01	1.00000e-02	7.08292e+00	1.00000e-01
-1.16980e+00	1.00000e-02	2.25206e-01	1.00000e-02	8.32686e+00	1.00000e-01
-1.00975e+00	1.00000e-02	8.43416e-02	1.00000e-02	7.11994e+00	1.00000e-01
-9.11459e-01	1.00000e-02	-8.67887e-03	1.00000e-02	5.55411e+00	1.00000e-01
-6.71621e-01	1.00000e-02	-2.47904e-01	1.00000e-02	2.82265e+00	1.00000e-01
-9.20409e-01	1.00000e-02	3.74760e-03	1.00000e-02	5.75875e+00	1.00000e-01
-2.19576e+00	1.00000e-02	4.41204e-01	1.00000e-02	9.96364e+00	1.00000e-01
-1.26313e+00	1.00000e-02	2.57600e-01	1.00000e-02	8.63985e+00	1.00000e-01
-1.00866e+00	1.00000e-02	9.33205e-02	1.00000e-02	7.08304e+00	1.00000e-01
-1.50371e+00	1.00000e-02	3.33664e-01	1.00000e-02	9.49980e+00	1.00000e-01
-1.14006e+00	1.00000e-02	1.71096e-01	1.00000e-02	8.38944e+00	1.00000e-01
-1.83370e+00	1.00000e-02	4.12162e-01	1.00000e-02	9.60166e+00	1.00000e-01
-1.44642e+00	1.00000e-02	3.32882e-01	1.00000e-02	9.12483e+00	1.00000e-01
-2.07332e+00	1.00000e-02	4.44519e-01	1.00000e-02	9.71153e+00	1.00000e-01
-9.51218e-01	1.00000e-02	6.41929e-02	1.00000e-02	6.38825e+00	1.00000e-01
-1.42836e+00	1.00000e-02	3.28862e-01	1.00000e-02	8.93527e+00	1.00000e-01
-1.28482e+00	1.00000e-02	2.71325e-01	1.00000e-02	8.76446e+00	1.00000e-01
-8.20784e-01	1.00000e-02	-8.36344e-02	1.00000e-02	4.47472e+00	1.00000e-01
-1.03096e+00	1.00000e-02	1.15078e-01	1.00000e-02	7.30250e+00	1.00000e-01
-1.95820e+00	1.00000e-02	4.43701e-01	1.00000e-02	9.99396e+00	1.00000e-01
-1.51729e+00	1.00000e-02	3.49194e-01	1.00000e-02	9.35645e+00	1.00000e-01
-1.05302e+00	1.00000e-02	1.58352e-01	1.00000e-02	7.63414e+00	1.00000e-01
-1.09186e+00	1.00000e-02	1.48429e-01	1.00000e-02	7.84880e+00	1.00000e-01
-1.40389e+00	1.00000e-02	3.01659e-01	1.00000e-02	9.26816e+00	1.00000e-01
-8.14102e-01	1.00000e-02	-1.04189e-01	1.00000e-02	4.36658e+00	1.00000e-01
-1.05942e+00	1.00000e-02	1.50736e-01	1.00000e-02	7.97594e+00	1.00000e-01
-1.12281e+00	1.00000e-02	1.83066e-01	1.00000e-02	8.09756e+00	1.00000e-01
-1.07277e+00	1.00000e-02	1.61752e-01	1.00000e-02	7.80838e+00	1.00000e-01
-1.01166e+00	1.00000e-02	9.10425e-02	1.00000e-02	7.13013e+00	1.00000e-01
-1.30872e+00	1.00000e-02	2.81056e-01	1.00000e-02	8.89461e+00	1.00000e-01
-1.21466e+00	1.00000e-02	2.30089e-01	1.00000e-02	8.82466e+00	1.00000e-01
-1.44711e+00	1.00000e-02	3.21925e-01	1.00000e-02	9.27381e+00	1.00000e-01
-1.46928e+00	1.00000e-02	3.46659e-01	1.00000e-02	9.20039e+00	1.00000e-01
-7.84040e-01	1.00000e-02	-1.21152e-01	1.00000e-02	4.18693e+00	1.00000e-01
-9.89390e-01	1.00000e-02	9.13405e-02	1.00000e-02	6.85421e+00	1.00000e-01
-1.14214e+00	1.00000e-02	2.01264e-01	1.00000e-02	8.38891e+00	1.00000e-01
-1.38939e+00	1.00000e-02	3.13764e-01	1.00000e-02	9.08937e+00	1.00000e-01
-1.38197e+00	1.00000e-02	3.02011e-01	1.00000e-02	9.01180e+00	1.00000e-01
-1.81341e+00	1.00000e-02	4.23228e-01	1.00000e-02	9.62384e+00	1.00000e-01
-1.18250e+00	1.00000e-02	2.13070e-01	1.00000e-02	8.50331e+00	1.00000e-01
-1.30868e+00	1.00000e-02	2.83010e-01	1.00000e-02	9.00853e+00	1.00000e-01
-1.02558e+00	1.00000e-02	1.10621e-01	1.00000e-02	7.23788e+00	1.00000e-01
-1.24930e+00	1.00000e-02	2.49422e-01	1.00000e-02	8.68891e+00	1.00000e-01
-1.47972e+00	1.00000e-02	3.40144e-01	1.00000e-02	9.27942e+00	1.00000e-01
-2.02380e+00	1.00000e-02	4.43409e-01	1.00000e-02	9.84560e+00	1.00000e-01
-1.76043e+00	1.00000e-02	4.11777e-01	1.00000e-02	9.63047e+00	1.00000e-01
-1.03068e+00	1.00000e-02	1.16931e-01	1.00000e-02	7.38408e+00	1.00000e-01
-1.19664e+00	1.00000e-02	2.13899e-01	1.00000e-02	8.41390e+00	1.00000e-01
-1.13054e+00	1.00000e-02	1.96225e-01	1.00000e-02	8.07616e+00	1.00000e-01
-8.50465e-01	1.00000e-02	-4.81833e-02	1.00000e-02	5.05927e+00	1.00000e-01
-5.55560e-01	1.00000e-02	-3.58140e-01	1.00000e-02	1.51150e+00	1.00000e-01
-1.42322e+00	1.00000e-02	3.32201e-01	1.00000e-02	9.23010e+00	1.00000e-01
-1.04705e+00	1.00000e-02	1.12041e-01	1.00000e-02	7.60123e+00	1.00000e-01
-1.36866e+00	1.00000e-02	2.88154e-01	1.00000e-02	8.91151e+00	1.00000e-01
-2.03913e+00	1.00000e-02	4.43527e-01	1.00000e-02	9.73463e+00	1.00000e-01
-9.83485e-01	1.00000e-02	7.10144e-02	1.00000e-02	6.71219e+00	1.00000e-01
-1.29036e+00	1.00000e-02	2.83530e-01	1.00000e-02	8.94853e+00	1.00000e-01
-1.22835e+00	1.00000e-02	2.48471e-01	1.00000e-02	8.46241e+00	1.00000e-01
-1.07171e+00	1.00000e-02	1.60613e-01	1.00000e-02	7.89082e+00	1.00000e-01
-9.21750e-01	1.00000e-02	3.87827e-02	1.00000e-02	6.13184e+00	1.00000e-01
-1.05882e+00	1.00000e-02	1.32970e-01	1.00000e-02	7.62331e+00	1.00000e-01
-9.03022e-01	1.00000e-02	-1.98332e-02	1.00000e-02	5.46064e+00	1.00000e-01
-1.35020e+00	1.00000e-02	3.04356e-01	1.00000e-02	9.30710e+00	1.00000e-01
-9.55927e-01	1.00000e-02	3.46033e-02	1.00000e-02	6.55650e+00	1.00000e-01
-1.47526e+00	1.00000e-02	3.31753e-01	1.00000e-02	9.27098e+00	1.00000e-01
-7.73744e-01	1.00000e-02	-1.40535e-01	1.00000e-02	3.74116e+00	1.00000e-01
-1.02718e+00	1.00000e-02	1.14748e-01	1.00000e-02	7.28675e+00	1.00000e-01
-1.42906e+00	1.00000e-02	3.26650e-01	1.00000e-02	9.21154e+00	1.00000e-01
-7.86615e-01	1.00000e-02	-1.42416e-01	1.00000e-02	3.93384e+00	1.00000e-01
-1.01651e+00	1.00000e-02	8.94734e-02	1.00000e-02	7.08387e+00	1.00000e-01
-1.36726e+00	1.00000e-02	2.92965e-01	1.00000e-02	8.96397e+00	1.00000e-01
-1.42594e+00	1.00000e-02	3.19794e-01	1.00000e-02	9.13833e+00	1.00000e-01
-1.12714e+00	1.00000e-02	1.77658e-01	1.00000e-02	8.09988e+00	1.00000e-01
-2.02033e+00	1.00000e-02	4.36559e-01	1.00000e-02	9.70429e+00	1.00000e-01
-1.43273e+00	1.00000e-02	3.27886e-01	1.00000e-02	9.10208e+00	1.00000e-01
-1.20431e+00	1.00000e-02	2.10783e-01	1.00000e-02	8.42667e+00	1.00000e-01
-1.22249e+00	1.00000e-02	2.47407e-01	1.00000e-02	8.74317e+00	1.00000e-01
-1.17311e+00	1.00000e-02	2.14499e-01	1.00000e-02	8.42633e+00	1.00000e-01
-1.35576e+00	1.00000e-02	2.91995e-01	1.00000e-02	9.13789e+00	1.00000e-01
-1.09636e+00	1.00000e-02	1.51929e-01	1.00000e-02	7.79923e+00	1.00000e-01
-9.00280e-01	1.00000e-02	8.53457e-04	1.00000e-02	5.79674e+00	1.00000e-01
-1.61052e+00	1.00000e-02	3.80038e-01	1.00000e-02	9.58592e+00	1.00000e-01
-1.12607e+00	1.00000e-02	1.72574e-01	1.00000e-02	8.39264e+00	1.00000e-01
-1.55886e+00	1.00000e-02	3.68366e-01	1.00000e-02	9.44779e+00	1.00000e-01
-9.97588e-01	1.00000e-02	9.44439e-02	1.00000e-02	7.16304e+00	1.00000e-01
-1.21474e+00	1.00000e-02	2.29237e-01	1.00000e-02	8.53977e+00	1.00000e-01
-1.09250e+00	1.00000e-02	1.71509e-01	1.00000e-02	8.02238e+00	1.00000e-01
-1.47933e+00	1.00000e-02	3.37346e-01	1.00000e-02	9.06014e+00	1.00000e-01
-1.56627e+00	1.00000e-02	3.64310e-01	1.00000e-02	9.46246e+00	1.00000e-01
-1.14831e+00	1.00000e-02	1.98794e-01	1.00000e-02	8.23282e+00	1.00000e-01
-1.25857e+00	1.00000e-02	2.57008e-01	1.00000e-02	8.87045e+00	1.00000e-01
-7.91057e-01	1.00000e-02	-1.27053e-01	1.00000e-02	4.02274e+00	1.00000e-01
-9.64899e-01	1.00000e-02	5.70205e-02	1.00000e-02	6.79645e+00	1.00000e-01
-9.93208e-01	1.00000e-02	7.65064e-02	1.00000e-02	6.83659e+00	1.00000e-01
-8.44584e-01	1.00000e-02	-5.12899e-02	1.00000e-02	5.01667e+00	1.00000e-01
-1.73094e+00	1.00000e-02	4.06953e-01	1.00000e-02	9.62310e+00	1.00000e-01
-1.10778e+00	1.00000e-02	1.86617e-01	1.00000e-02	7.99552e+00	1.00000e-01
-1.08670e+00	1.00000e-02	1.74996e-01	1.00000e-02	7.68500e+00	1.00000e-01
-7.36734e-01	1.00000e-02	-1.57024e-01	1.00000e-02	3.48361e+00	1.00000e-01
-1.32270e+00	1.00000e-02	2.94486e-01	1.00000e-02	8.97271e+00	1.00000e-01
-1.37462e+00	1.00000e-02	3.13826e-01	1.00000e-02	9.11399e+00	1.00000e-01
-1.65672e+00	1.00000e-02	3.93485e-01	1.00000e-02	9.39430e+00	1.00000e-01
-2.10596e+00	1.00000e-02	4.48677e-01	1.00000e-02	1.00222e+01	1.00000e-01
-8.15924e-01	1.00000e-02	-8.58665e-02	1.00000e-02	4.47466e+00	1.00000e-01
-1.04511e+00	1.00000e-02	1.29675e-01	1.00000e-02	7.58051e+00	1.00000e-01
-9.67038e-01	1.00000e-02	5.35555e-02	1.00000e-02	6.51450e+00	1.00000e-01
-1.35975e+00	1.00000e-02	2.88976e-01	1.00000e-02	8.99510e+00	1.00000e-01
-1.07786e+00	1.00000e-02	1.67194e-01	1.00000e-02	7.78835e+00	1.00000e-01
-1.78361e+00	1.00000e-02	4.29436e-01	1.00000e-02	9.61265e+00	1.00000e-01
-1.16053e+00	1.00000e-02	2.15075e-01	1.00000e-02	8.37376e+00	1.00000e-01
-6.61175e-01	1.00000e-02	-2.46410e-01	1.00000e-02	2.36881e+00	1.00000e-01
-8.84339e-01	1.00000e-02	-2.57228e-02	1.00000e-02	5.29373e+00	1.00000e-01
-1.26282e+00	1.00000e-02	2.70889e-01	1.00000e-02	8.67610e+00	1.00000e-01
-7.45145e-01	1.00000e-02	-1.61769e-01	1.00000e-02	3.31220e+00	1.00000e-01
-1.39182e+00	1.00000e-02	3.21283e-01	1.00000e-02	9.17366e+00	1.00000e-01
-7.66774e-01	1.00000e-02	-1.31565e-01	1.00000e-02	3.95805e+00	1.00000e-01
-7.95531e-01	1.00000e-02	-1.12879e-01	1.00000e-02	4.20519e+00	1.00000e-01
-9.51444e-01	1.00000e-02	3.54351e-02	1.00000e-02	6.36996e+00	1.00000e-01
-1.05953e+00	1.00000e-02	1.34023e-01	1.00000e-02	7.78747e+00	1.00000e-01
-8.96290e-01	1.00000e-02	-1.63181e-02	1.00000e-02	5.59694e+00	1.00000e-01
-1.32250e+00	1.00000e-02	2.83194e-01	1.00000e-02	8.85435e+00	1.00000e-01
-9.14141e-01	1.00000e-02	1.97132e-02	1.00000e-02	5.91791e+00	1.00000e-01
-1.07783e+00	1.00000e-02	1.61537e-01	1.00000e-02	7.53534e+00	1.00000e-01
-2.17753e+00	1.00000e-02	4.59686e-01	1.00000e-02	9.88258e+00	1.00000e-01
-1.27505e+00	1.00000e-02	2.49297e-01	1.00000e-02	8.99208e+00	1.00000e-01
-1.54664e+00	1.00000e-02	3.67138e-01	1.00000e-02	9.40179e+00	1.00000e-01
-6.29460e-01	1.00000e-02	-2.61952e-01	1.00000e-02	2.34324e+00	1.00000e-01
-1.16470e+00	1.00000e-02	2.01481e-01	1.00000e-02	8.12590e+00	1.00000e-01
-1.15435e+00	1.00000e-02	1.98539e-01	1.00000e-02	8.32450e+00	1.00000e-01
-1.05055e+00	1.00000e-02	1.30435e-01	1.00000e-02	7.43368e+00	1.00000e-01
-1.27722e+00	1.00000e-02	2.62437e-01	1.00000e-02	8.63108e+00	1.00000e-01
-1.57367e+00	1.00000e-02	3.69281e-01	1.00000e-02	9.25944e+00	1.00000e-01
-9.42908e-01	1.00000e-02	5.09007e-02	1.00000e-02	6.23054e+00	1.00000e-01
-1.46299e+00	1.00000e-02	3.20669e-01	1.00000e-02	9.46436e+00	1.00000e-01
-1.15227e+00	1.00000e-02	2.09835e-01	1.00000e-02	7.95849e+00	1.00000e-01
-1.40030e+00	1.00000e-02	3.34738e-01	1.00000e-02	9.05756e+00	1.00000e-01
-1.66316e+00	1.00000e-02	3.99238e-01	1.00000e-02	9.43862e+00	1.00000e-01
-9.19585e-01	1.00000e-02	-1.55150e-02	1.00000e-02	5.75410e+00	1.00000e-01
-6.87118e-01	1.00000e-02	-2.21800e-01	1.00000e-02	2.94668e+00	1.00000e-01
-7.30390e-01	1.00000e-02	-1.75618e-01	1.00000e-02	3.30988e+00	1.00000e-01
-8.47972e-01	1.00000e-02	-5.82477e-02	1.00000e-02	4.97992e+00	1.00000e-01
-9.58834e-01	1.00000e-02	6.87168e-02	1.00000e-02	6.56377e+00	1.00000e-01
-1.28332e+00	1.00000e-02	2.57672e-01	1.00000e-02	8.97085e+00	1.00000e-01
-1.72125e+00	1.00000e-02	4.06958e-01	1.00000e-02	9.60077e+00	1.00000e-01
-1.21438e+00	1.00000e-02	2.14842e-01	1.00000e-02	8.41536e+00	1.00000e-01
-1.40931e+00	1.00000e-02	3.18313e-01	1.00000e-02	9.10622e+00	1.00000e-01
-1.58613e+00	1.00000e-02	3.56564e-01	1.00000e-02	9.36984e+00	1.00000e-01
-1.83435e+00	1.00000e-02	4.31908e-01	1.00000e-02	9.63737e+00	1.00000e-01
-9.99581e-01	1.00000e-02	8.56636e-02	1.00000e-02	7.00440e+00	1.00000e-01
-2.19162e+00	1.00000e-02	4.42258e-01	1.00000e-02	9.93251e+00	1.00000e-01
-9.85075e-01	1.00000e-02	6.06314e-02	1.00000e-02	6.67269e+00	1.00000e-01
-1.56078e+00	1.00000e-02	3.58547e-01	1.00000e-02	9.29887e+00	1.00000e-01
-1.72979e+00	1.00000e-02	4.06518e-01	1.00000e-02	9.50001e+00	1.00000e-01
-1.69793e+00	1.00000e-02	4.13512e-01	1.00000e-02	9.54742e+00	1.00000e-01
-1.02640e+00	1.00000e-02	1.22408e-01	1.00000e-02	7.45742e+00	1.00000e-01
-1.39419e+00	1.00000e-02	3.09430e-01	1.00000e-02	9.09339e+00	1.00000e-01
-1.21040e+00	1.00000e-02	2.20138e-01	1.00000e-02	8.36097e+00	1.00000e-01
-1.09235e+00	1.00000e-02	1.60988e-01	1.00000e-02	8.10462e+00	1.00000e-01
-9.11185e-01	1.00000e-02	-9.59107e-03	1.00000e-02	5.78225e+00	1.00000e-01
-1.01106e+00	1.00000e-02	9.65396e-02	1.00000e-02	6.98672e+00	1.00000e-01
-1.34782e+00	1.00000e-02	2.85754e-01	1.00000e-02	9.08314e+00	1.00000e-01
-1.57919e+00	1.00000e-02	3.62949e-01	1.00000e-02	9.68429e+00	1.00000e-01
-1.81161e+00	1.00000e-02	4.47578e-01	1.00000e-02	9.82003e+00	1.00000e-01
-1.32045e+00	1.00000e-02	2.77528e-01	1.00000e-02	8.86965e+00	1.00000e-01
-1.38318e+00	1.00000e-02	2.93253e-01	1.00000e-02	9.05468e+00	1.00000e-01
-1.16118e+00	1.00000e-02	2.05535e-01	1.00000e-02	8.46821e+00	1.00000e-01
-1.04355e+00	1.00000e-02	1.07455e-01	1.00000e-02	7.26424e+00	1.00000e-01
-1.01976e+00	1.00000e-02	1.11567e-01	1.00000e-02	7.32623e+00	1.00000e-01
-1.32929e+00	1.00000e-02	2.91644e-01	1.00000e-02	8.99904e+00	1.00000e-01
-1.22276e+00	1.00000e-02	2.40617e-01	1.00000e-02	8.72747e+00	1.00000e-01
-1.50194e+00	1.00000e-02	3.46241e-01	1.00000e-02	9.22168e+00	1.00000e-01
-9.64580e-01	1.00000e-02	6.48346e-02	1.00000e-02	6.53646e+00	1.00000e-01
-1.80816e+00	1.00000e-02	4.39411e-01	1.00000e-02	9.69891e+00	1.00000e-01
-1.01084e+00	1.00000e-02	1.02945e-01	1.00000e-02	7.21918e+00	1.00000e-01
-9.76722e-01	1.00000e-02	7.12614e-02	1.00000e-02	6.65141e+00	1.00000e-01
-9.77341e-01	1.00000e-02	6.30927e-02	1.00000e-02	6.72416e+00	1.00000e-01
-1.36527e+00	1.00000e-02	2.90722e-01	1.00000e-02	9.04319e+00	1.00000e-01
-1.26379e+00	1.00000e-02	2.55997e-01	1.00000e-02	8.62787e+00	1.00000e-01
-1.09310e+00	1.00000e-02	1.66350e-01	1.00000e-02	7.69348e+00	1.00000e-01
-1.32917e+00	1.00000e-02	2.89063e-01	1.00000e-02	8.93767e+00	1.00000e-01
-1.23649e+00	1.00000e-02	2.56698e-01	1.00000e-02	8.92512e+00	1.00000e-01
-1.45762e+00	1.00000e-02	3.31600e-01	1.00000e-02	9.07207e+00	1.00000e-01
-1.17776e+00	1.00000e-02	2.04923e-01	1.00000e-02	8.32512e+00	1.00000e-01
-1.90112e+00	1.00000e-02	4.51392e-01	1.00000e-02	9.56834e+00	1.00000e-01
-9.84349e-01	1.00000e-02	3.47988e-02	1.00000e-02	6.34962e+00	1.00000e-01
-1.74790e+00	1.00000e-02	4.20330e-01	1.00000e-02	9.57622e+00	1.00000e-01
-1.13286e+00	1.00000e-02	1.93635e-01	1.00000e-02	8.16860e+00	1.00000e-01
-1.30172e+00	1.00000e-02	2.67596e-01	1.00000e-02	8.83525e+00	1.00000e-01
-1.08828e+00	1.00000e-02	1.36864e-01	1.00000e-02	7.74248e+00	1.00000e-01
-7.35377e-01	1.00000e-02	-1.68058e-01	1.00000e-02	3.58361e+00	1.00000e-01
-1.04521e+00	1.00000e-02	1.19330e-01	1.00000e-02	7.57067e+00	1.00000e-01
-1.91624e+00	1.00000e-02	4.41612e-01	1.00000e-02	9.64225e+00	1.00000e-01
-1.18873e+00	1.00000e-02	2.31153e-01	1.00000e-02	8.53426e+00	1.00000e-01
-1.13088e+00	1.00000e-02	1.60665e-01	1.00000e-02	8.25809e+00	1.00000e-01
-1.10245e+00	1.00000e-02	1.83852e-01	1.00000e-02	8.07927e+00	1.00000e-01
-1.02502e+00	1.00000e-02	1.17498e-01	1.00000e-02	7.38518e+00	1.00000e-01
-1.34470e+00	1.00000e-02	2.84638e-01	1.00000e-02	8.87957e+00	1.00000e-01
-1.59405e+00	1.00000e-02	3.58415e-01	1.00000e-02	9.31323e+00	1.00000e-01
-1.21069e+00	1.00000e-02	2.48181e-01	1.00000e-02	8.54750e+00	1.00000e-01
-7.54031e-01	1.00000e-02	-1.52602e-01	1.00000e-02	3.54445e+00	1.00000e-01
-1.47158e+00	1.00000e-02	3.46135e-01	1.00000e-02	9.24643e+00	1.00000e-01
-8.53437e-01	1.00000e-02	-4.04965e-02	1.00000e-02	4.99279e+00	1.00000e-01
-1.11318e+00	1.00000e-02	1.73436e-01	1.00000e-02	8.02715e+00	1.00000e-01
-1.17968e+00	1.00000e-02	2.07974e-01	1.00000e-02	8.39737e+00	1.00000e-01
-8.78199e-01	1.00000e-02	-2.14952e-02	1.00000e-02	5.44987e+00	1.00000e-01
-1.18382e+00	1.00000e-02	2.01225e-01	1.00000e-02	8.42170e+00	1.00000e-01
-9.99592e-01	1.00000e-02	9.28644e-02	1.00000e-02	7.17480e+00	1.00000e-01
-1.21422e+00	1.00000e-02	2.64942e-01	1.00000e-02	8.56992e+00	1.00000e-01
-8.66786e-01	1.00000e-02	-5.67628e-02	1.00000e-02	4.96345e+00	1.00000e-01
-1.02152e+00	1.00000e-02	8.77722e-02	1.00000e-02	7.39186e+00	1.00000e-01
-1.02310e+00	1.00000e-02	1.02181e-01	1.00000e-02	7.09207e+00	1.00000e-01
-1.28926e+00	1.00000e-02	2.68738e-01	1.00000e-02	8.80781e+00	1.00000e-01
-9.82274e-01	1.00000e-02	6.79163e-02	1.00000e-02	6.70042e+00	1.00000e-01
-1.05324e+00	1.00000e-02	1.36526e-01	1.00000e-02	7.59972e+00	1.00000e-01
-1.38034e+00	1.00000e-02	2.99823e-01	1.00000e-02	9.00448e+00	1.00000e-01
-1.50839e+00	1.00000e-02	3.38934e-01	1.00000e-02	9.19906e+00	1.00000e-01
-9.50392e-01	1.00000e-02	5.11723e-02	1.00000e-02	6.45052e+00	1.00000e-01
-7.42120e-01	1.00000e-02	-1.62144e-01	1.00000e-02	3.49079e+00	1.00000e-01
-1.16288e+00	1.00000e-02	2.09281e-01	1.00000e-02	8.36386e+00	1.00000e-01
-1.06791e+00	1.00000e-02	1.56043e-01	1.00000e-02	8.03320e+00	1.00000e-01
-9.10395e-01	1.00000e-02	1.54512e-02	1.00000e-02	5.59447e+00	1.00000e-01
-1.17490e+00	1.00000e-02	1.97418e-01	1.00000e-02	8.46445e+00	1.00000e-01
-7.75848e-01	1.00000e-02	-1.37591e-01	1.00000e-02	3.75178e+00	1.00000e-01
-1.10652e+00	1.00000e-02	1.46016e-01	1.00000e-02	7.82890e+00	1.00000e-01
-9.23458e-01	1.00000e-02	2.91160e-02	1.00000e-02	6.29172e+00	1.00000e-01
-8.50172e-01	1.00000e-02	-4.76252e-02	1.00000e-02	4.73731e+00	1.00000e-01
-9.48543e-01	1.00000e-02	4.50124e-02	1.00000e-02	6.23367e+00	1.00000e-01
-1.52182e+00	1.00000e-02	3.49458e-01	1.00000e-02	9.44494e+00	1.00000e-01
-1.06020e+00	1.00000e-02	1.39403e-01	1.00000e-02	7.68431e+00	1.00000e-01
-1.21741e+00	1.00000e-02	2.40262e-01	1.00000e-02	8.74470e+00	1.00000e-01
-1.79321e+00	1.00000e-02	4.23159e-01	1.00000e-02	9.57570e+00	1.00000e-01
-1.20050e+00	1.00000e-02	2.43049e-01	1.00000e-02	8.43567e+00	1.00000e-01
-1.38041e+00	1.00000e-02	3.11791e-01	1.00000e-02	9.02512e+00	1.00000e-01
-9.16197e-01	1.00000e-02	8.87110e-03	1.00000e-02	5.87791e+00	1.00000e-01
-1.93550e+00	1.00000e-02	4.33355e-01	1.00000e-02	9.64882e+00	1.00000e-01
-7.41169e-01	1.00000e-02	-1.77723e-01	1.00000e-02	3.37269e+00	1.00000e-01
-1.24498e+00	1.00000e-02	2.65145e-01	1.00000e-02	8.73899e+00	1.00000e-01
-1.24836e+00	1.00000e-02	2.45820e-01	1.00000e-02	8.69844e+00	1.00000e-01
-2.10743e+00	1.00000e-02	4.58888e-01	1.00000e-02	9.89129e+00	1.00000e-01
-1.50342e+00	1.00000e-02	3.30556e-01	1.00000e-02	9.30771e+00	1.00000e-01
-1.22439e+00	1.00000e-02	2.62296e-01	1.00000e-02	8.67266e+00	1.00000e-01
-8.10332e-01	1.00000e-02	-1.00516e-01	1.00000e-02	4.45647e+00	1.00000e-01
-1.65590e+00	1.00000e-02	4.02834e-01	1.00000e-02	9.59811e+00	1.00000e-01
-7.70638e-01	1.00000e-02	-1.32787e-01	1.00000e-02	4.14122e+00	1.00000e-01
-9.11114e-01	1.00000e-02	-1.52454e-02	1.00000e-02	5.63308e+00	1.00000e-01
-1.17995e+00	1.00000e-02	2.04332e-01	1.00000e-02	8.30785e+00	1.00000e-01
-1.30682e+00	1.00000e-02	2.75341e-01	1.00000e-02	8.95606e+00	1.00000e-01
-1.40111e+00	1.00000e-02	3.09414e-01	1.00000e-02	8.96277e+00	1.00000e-01
-1.06209e+00	1.00000e-02	1.67159e-01	1.00000e-02	7.51025e+00	1.00000e-01
-1.95464e+00	1.00000e-02	4.34951e-01	1.00000e-02	9.69357e+00	1.00000e-01
-2.11139e+00	1.00000e-02	4.66124e-01	1.00000e-02	9.94086e+00	1.00000e-01
-1.19225e+00	1.00000e-02	2.17560e-01	1.00000e-02	8.36804e+00	1.00000e-01
-1.77732e+00	1.00000e-02	4.31481e-01	1.00000e-02	9.61383e+00	1.00000e-01
-1.38211e+00	1.00000e-02	3.03243e-01	1.00000e-02	9.14246e+00	1.00000e-01
-1.43236e+00	1.00000e-02	3.34444e-01	1.00000e-02	9.16565e+00	1.00000e-01
-1.37549e+00	1.00000e-02	3.07875e-01	1.00000e-02	9.07184e+00	1.00000e-01
-1.58751e+00	1.00000e-02	3.69618e-01	1.00000e-02	9.33311e+00	1.00000e-01
-2.15514e+00	1.00000e-02	4.44760e-01	1.00000e-02	9.76437e+00	1.00000e-01
-1.61386e+00	1.00000e-02	3.93950e-01	1.00000e-02	9.45517e+00	1.00000e-01
-1.07497e+00	1.00000e-02	1.47334e-01	1.00000e-02	7.86367e+00	1.00000e-01
-6.93749e-01	1.00000e-02	-2.19207e-01	1.00000e-02	2.79051e+00	1.00000e-01
-5.46187e-01	1.00000e-02	-3.31445e-01	1.00000e-02	1.47133e+00	1.00000e-01
-1.23043e+00	1.00000e-02	2.41269e-01	1.00000e-02	8.46648e+00	1.00000e-01
-1.52399e+00	1.00000e-02	3.63273e-01	1.00000e-02	9.22891e+00	1.00000e-01
-1.04360e+00	1.00000e-02	1.38048e-01	1.00000e-02	7.60191e+00	1.00000e-01
-1.14876e+00	1.00000e-02	1.82624e-01	1.00000e-02	8.07236e+00	1.00000e-01
-5.65748e-01	1.00000e-02	-3.25852e-01	1.00000e-02	1.59826e+00	1.00000e-01
-1.78906e+00	1.00000e-02	4.18387e-01	1.00000e-02	9.62180e+00	1.00000e-01
-9.77991e-01	1.00000e-02	6.81210e-02	1.00000e-02	6.39697e+00	1.00000e-01
-1.32733e+00	1.00000e-02	2.91525e-01	1.00000e-02	9.05097e+00	1.00000e-01
-1.40099e+00	1.00000e-02	3.11063e-01	1.00000e-02	9.30712e+00	1.00000e-01
-1.03626e+00	1.00000e-02	1.24021e-01	1.00000e-02	7.48392e+00	1.00000e-01
-1.38558e+00	1.00000e-02	3.30290e-01	1.00000e-02	9.17836e+00	1.00000e-01
-1.04171e+00	1.00000e-02	1.23904e-01	1.00000e-02	7.37092e+00	1.00000e-01
-1.12101e+00	1.00000e-02	1.73470e-01	1.00000e-02	7.97953e+00	1.00000e-01
-1.18741e+00	1.00000e-02	2.48703e-01	1.00000e-02	8.54683e+00	1.00000e-01
-1.10761e+00	1.00000e-02	1.78246e-01	1.00000e-02	7.91529e+00	1.00000e-01
-1.33151e+00	1.00000e-02	2.88070e-01	1.00000e-02	9.01266e+00	1.00000e-01
-1.03265e+00	1.00000e-02	9.64735e-02	1.00000e-02	7.24450e+00	1.00000e-01
-1.21564e+00	1.00000e-02	2.20839e-01	1.00000e-02	8.73421e+00	1.00000e-01
-1.25749e+00	1.00000e-02	2.49100e-01	1.00000e-02	8.55076e+00	1.00000e-01
-9.27049e-01	1.00000e-02	3.28202e-02	1.00000e-02	6.08012e+00	1.00000e-01
-8.35092e-01	1.00000e-02	-8.16098e-02	1.00000e-02	4.48641e+00	1.00000e-01
-1.87906e+00	1.00000e-02	4.31828e-01	1.00000e-02	9.59486e+00	1.00000e-01
-1.40232e+00	1.00000e-02	3.21199e-01	1.00000e-02	9.03604e+00	1.00000e-01
-1.28323e+00	1.00000e-02	2.75896e-01	1.00000e-02	8.66597e+00	1.00000e-01
-9.51843e-01	1.00000e-02	3.83435e-02	1.00000e-02	6.31994e+00	1.00000e-01
-6.07892e-01	1.00000e-02	-2.90499e-01	1.00000e-02	1.92990e+00	1.00000e-01
-7.14155e-01	1.00000e-02	-1.84135e-01	1.00000e-02	3.30884e+00	1.00000e-01
-8.38402e-01	1.00000e-02	-4.93463e-02	1.00000e-02	5.18334e+00	1.00000e-01
-1.31860e+00	1.00000e-02	2.78371e-01	1.00000e-02	8.96664e+00	1.00000e-01
-5.39264e-01	1.00000e-02	-3.70115e-01	1.00000e-02	1.21017e+00	1.00000e-01
-1.37399e+00	1.00000e-02	2.88260e-01	1.00000e-02	9.13041e+00	1.00000e-01
-1.65699e+00	1.00000e-02	3.65955e-01	1.00000e-02	9.30612e+00	1.00000e-01
-7.46426e-01	1.00000e-02	-1.40068e-01	1.00000e-02	3.81866e+00	1.00000e-01
-1.38591e+00	1.00000e-02	3.22759e-01	1.00000e-02	8.97085e+00	1.00000e-01
-1.01853e+00	1.00000e-02	1.11984e-01	1.00000e-02	7.23583e+00	1.00000e-01
-1.80442e+00	1.00000e-02	4.35336e-01	1.00000e-02	9.56140e+00	1.00000e-01
-9.98175e-01	1.00000e-02	8.85015e-02	1.00000e-02	6.81028e+00	1.00000e-01
-8.92596e-01	1.00000e-02	-2.03365e-02	1.00000e-02	5.53973e+00	1.00000e-01
-1.34261e+00	1.00000e-02	3.01408e-01	1.00000e-02	8.91847e+00	1.00000e-01
-1.22329e+00	1.00000e-02	2.49167e-01	1.00000e-02	8.55936e+00	1.00000e-01
-1.24582e+00	1.00000e-02	2.57272e-01	1.00000e-02	8.67076e+00	1.00000e-01
-9.81655e-01	1.00000e-02	8.92409e-02	1.00000e-02	6.89005e+00	1.00000e-01
-1.40406e+00	1.00000e-02	3.13082e-01	1.00000e-02	9.10452e+00	1.00000e-01
-1.47723e+00	1.00000e-02	3.29688e-01	1.00000e-02	9.27652e+00	1.00000e-01
-1.18839e+00	1.00000e-02	2.20019e-01	1.00000e-02	8.16624e+00	1.00000e-01
-1.30387e+00	1.00000e-02	2.80303e-01	1.00000e-02	8.71553e+00	1.00000e-01
-9.29330e-01	1.00000e-02	2.36535e-02	1.00000e-02	5.83086e+00	1.00000e-01
-1.39545e+00	1.00000e-02	3.01152e-01	1.00000e-02	9.04440e+00	1.00000e-01
-1.14283e+00	1.00000e-02	1.95563e-01	1.00000e-02	8.15293e+00	1.00000e-01
-7.85192e-01	1.00000e-02	-1.08565e-01	1.00000e-02	4.06211e+00	1.00000e-01
-1.04551e+00	1.00000e-02	1.51014e-01	1.00000e-02	7.54713e+00	1.00000e-01
-9.05811e-01	1.00000e-02	-2.44684e-02	1.00000e-02	5.60734e+00	1.00000e-01
-7.96921e-01	1.00000e-02	-1.03701e-01	1.00000e-02	4.00903e+00	1.00000e-01
-9.92483e-01	1.00000e-02	8.71569e-02	1.00000e-02	6.76696e+00	1.00000e-01
-1.02833e+00	1.00000e-02	9.01795e-02	1.00000e-02	7.46206e+00	1.00000e-01
-7.16185e-01	1.00000e-02	-2.07232e-01	1.00000e-02	3.02961e+00	1.00000e-01
-5.13464e-01	1.00000e-02	-3.94613e-01	1.00000e-02	1.07254e+00	1.00000e-01
-1.18348e+00	1.00000e-02	2.06300e-01	1.00000e-02	8.25487e+00	1.00000e-01
-1.75790e+00	1.00000e-02	4.14217e-01	1.00000e-02	9.76309e+00	1.00000e-01
-1.32488e+00	1.00000e-02	2.83657e-01	1.00000e-02	8.82493e+00	1.00000e-01
-1.53722e+00	1.00000e-02	3.53367e-01	1.00000e-02	9.31298e+00	1.00000e-01
-1.21616e+00	1.00000e-02	2.34950e-01	1.00000e-02	8.50576e+00	1.00000e-01
-1.58608e+00	1.00000e-02	3.55005e-01	1.00000e-02	9.46936e+00	1.00000e-01
-1.07352e+00	1.00000e-02	1.41967e-01	1.00000e-02	7.84901e+00	1.00000e-01
-1.24967e+00	1.00000e-02	2.44226e-01	1.00000e-02	8.61288e+00	1.00000e-01
-8.81411e-01	1.00000e-02	-3.62933e-02	1.00000e-02	5.35026e+00	1.00000e-01
-7.08884e-01	1.00000e-02	-1.98027e-01	1.00000e-02	3.16470e+00	1.00000e-01
-1.11349e+00	1.00000e-02	1.75829e-01	1.00000e-02	7.97745e+00	1.00000e-01
-1.33442e+00	1.00000e-02	2.98429e-01	1.00000e-02	8.93713e+00	1.00000e-01
-1.08693e+00	1.00000e-02	1.48359e-01	1.00000e-02	7.74917e+00	1.00000e-01
-8.72507e-01	1.00000e-02	-5.16212e-02	1.00000e-02	5.22773e+00	1.00000e-01
-1.21888e+00	1.00000e-02	2.39968e-01	1.00000e-02	8.49299e+00	1.00000e-01
-1.11077e+00	1.00000e-02	1.65528e-01	1.00000e-02	8.06197e+00	1.00000e-01
-1.35510e+00	1.00000e-02	2.88128e-01	1.00000e-02	8.83583e+00	1.00000e-01
-1.17570e+00	1.00000e-02	2.07309e-01	1.00000e-02	8.38842e+00	1.00000e-01
-1.22574e+00	1.00000e-02	2.46436e-01	1.00000e-02	8.63441e+00	1.00000e-01
-1.37754e+00	1.00000e-02	3.00564e-01	1.00000e-02	9.11663e+00	1.00000e-01
-1.12425e+00	1.00000e-02	1.84363e-01	1.00000e-02	8.20723e+00	1.00000e-01
