# [Fe/H]	[Fe/H]_err	[O/Fe]	[O/Fe]_err	Log(age/Gyr)	Log(age/Gyr)_err
-1.06322e+00	5.00000e-02	3.61834e-01	5.00000e-02	1.06312e+00	1.00000e-01	
-2.12884e+00	5.00000e-02	3.26318e-01	5.00000e-02	1.15004e+00	1.00000e-01	
-1.04755e+00	5.00000e-02	2.18098e-01	5.00000e-02	1.00239e+00	1.00000e-01	
-1.08338e+00	5.00000e-02	2.46529e-01	5.00000e-02	9.23238e-01	1.00000e-01	
-1.12741e+00	5.00000e-02	1.97004e-01	5.00000e-02	8.78033e-01	1.00000e-01	
-1.16673e+00	5.00000e-02	2.59784e-01	5.00000e-02	1.23799e+00	1.00000e-01	
-1.50548e+00	5.00000e-02	3.12406e-01	5.00000e-02	1.04991e+00	1.00000e-01	
-8.13360e-01	5.00000e-02	2.91566e-01	5.00000e-02	9.76578e-01	1.00000e-01	
-1.25836e+00	5.00000e-02	2.55294e-01	5.00000e-02	9.98940e-01	1.00000e-01	
-1.28127e+00	5.00000e-02	2.80665e-01	5.00000e-02	1.13995e+00	1.00000e-01	
-9.19939e-01	5.00000e-02	2.68716e-01	5.00000e-02	9.50830e-01	1.00000e-01	
-9.96688e-01	5.00000e-02	2.33701e-01	5.00000e-02	1.19330e+00	1.00000e-01	
-1.58416e+00	5.00000e-02	2.48736e-01	5.00000e-02	1.19111e+00	1.00000e-01	
-1.03869e+00	5.00000e-02	3.37801e-01	5.00000e-02	1.04517e+00	1.00000e-01	
-1.38265e+00	5.00000e-02	2.48484e-01	5.00000e-02	8.54787e-01	1.00000e-01	
-8.54076e-01	5.00000e-02	2.44436e-01	5.00000e-02	1.07552e+00	1.00000e-01	
-5.98012e-01	5.00000e-02	3.07597e-01	5.00000e-02	8.80244e-01	1.00000e-01	
-1.02393e+00	5.00000e-02	2.96027e-01	5.00000e-02	9.86862e-01	1.00000e-01	
-6.78553e-01	5.00000e-02	3.19770e-01	5.00000e-02	8.98994e-01	1.00000e-01	
-1.72997e+00	5.00000e-02	2.95667e-01	5.00000e-02	1.00911e+00	1.00000e-01	
-1.06003e+00	5.00000e-02	3.53922e-01	5.00000e-02	1.22072e+00	1.00000e-01	
-1.75821e+00	5.00000e-02	3.07753e-01	5.00000e-02	1.00612e+00	1.00000e-01	
-1.10870e+00	5.00000e-02	2.52457e-01	5.00000e-02	1.04312e+00	1.00000e-01	
-1.75677e+00	5.00000e-02	2.64953e-01	5.00000e-02	9.91124e-01	1.00000e-01	
-1.56677e+00	5.00000e-02	3.45127e-01	5.00000e-02	1.02122e+00	1.00000e-01	
-9.32482e-01	5.00000e-02	3.30373e-01	5.00000e-02	9.47362e-01	1.00000e-01	
-1.39237e+00	5.00000e-02	2.94228e-01	5.00000e-02	9.60137e-01	1.00000e-01	
-1.60316e+00	5.00000e-02	2.92628e-01	5.00000e-02	1.10145e+00	1.00000e-01	
-1.41458e+00	5.00000e-02	1.81177e-01	5.00000e-02	1.09701e+00	1.00000e-01	
-1.21561e+00	5.00000e-02	2.28983e-01	5.00000e-02	1.01527e+00	1.00000e-01	
-1.06368e+00	5.00000e-02	2.60527e-01	5.00000e-02	9.73427e-01	1.00000e-01	
-1.43276e+00	5.00000e-02	2.99176e-01	5.00000e-02	1.07193e+00	1.00000e-01	
-9.65343e-01	5.00000e-02	3.49172e-01	5.00000e-02	9.90886e-01	1.00000e-01	
-1.03810e+00	5.00000e-02	2.64065e-01	5.00000e-02	9.31040e-01	1.00000e-01	
-1.11197e+00	5.00000e-02	2.30497e-01	5.00000e-02	1.00107e+00	1.00000e-01	
-1.28385e+00	5.00000e-02	2.73275e-01	5.00000e-02	1.14290e+00	1.00000e-01	
-7.79572e-01	5.00000e-02	2.70633e-01	5.00000e-02	8.49500e-01	1.00000e-01	
-9.68543e-01	5.00000e-02	3.13547e-01	5.00000e-02	1.02761e+00	1.00000e-01	
-1.48397e+00	5.00000e-02	2.42671e-01	5.00000e-02	1.05422e+00	1.00000e-01	
-8.51678e-01	5.00000e-02	3.07649e-01	5.00000e-02	1.06775e+00	1.00000e-01	
-4.34041e-01	5.00000e-02	2.06917e-01	5.00000e-02	9.08956e-01	1.00000e-01	
-1.08779e+00	5.00000e-02	3.29548e-01	5.00000e-02	9.04233e-01	1.00000e-01	
-6.23587e-01	5.00000e-02	2.50407e-01	5.00000e-02	1.24237e+00	1.00000e-01	
-1.25730e+00	5.00000e-02	2.80329e-01	5.00000e-02	9.41532e-01	1.00000e-01	
-8.30963e-01	5.00000e-02	2.23125e-01	5.00000e-02	1.05782e+00	1.00000e-01	
-1.18855e+00	5.00000e-02	3.01517e-01	5.00000e-02	9.03640e-01	1.00000e-01	
-1.13911e+00	5.00000e-02	1.82272e-01	5.00000e-02	9.88801e-01	1.00000e-01	
-7.89184e-01	5.00000e-02	4.12983e-01	5.00000e-02	7.86563e-01	1.00000e-01	
-9.90997e-01	5.00000e-02	2.84753e-01	5.00000e-02	9.62279e-01	1.00000e-01	
-4.97756e-01	5.00000e-02	2.56907e-01	5.00000e-02	1.00280e+00	1.00000e-01	
-1.01185e+00	5.00000e-02	2.45815e-01	5.00000e-02	9.82738e-01	1.00000e-01	
-1.72975e+00	5.00000e-02	2.72910e-01	5.00000e-02	1.05136e+00	1.00000e-01	
-1.19133e+00	5.00000e-02	2.67718e-01	5.00000e-02	1.07379e+00	1.00000e-01	
-7.03807e-01	5.00000e-02	2.16708e-01	5.00000e-02	1.09000e+00	1.00000e-01	
-1.09866e+00	5.00000e-02	3.16832e-01	5.00000e-02	1.06495e+00	1.00000e-01	
-2.05218e+00	5.00000e-02	3.64544e-01	5.00000e-02	1.01216e+00	1.00000e-01	
-1.36622e+00	5.00000e-02	2.35853e-01	5.00000e-02	1.15516e+00	1.00000e-01	
-1.77900e+00	5.00000e-02	3.04639e-01	5.00000e-02	1.06526e+00	1.00000e-01	
-3.75244e-01	5.00000e-02	1.60517e-01	5.00000e-02	1.14149e+00	1.00000e-01	
-4.64756e-01	5.00000e-02	2.71791e-01	5.00000e-02	8.64308e-01	1.00000e-01	
-7.96773e-01	5.00000e-02	4.08402e-01	5.00000e-02	1.05335e+00	1.00000e-01	
-9.57516e-01	5.00000e-02	3.26732e-01	5.00000e-02	9.97906e-01	1.00000e-01	
-7.98580e-01	5.00000e-02	3.35324e-01	5.00000e-02	1.03698e+00	1.00000e-01	
-1.48600e+00	5.00000e-02	2.43522e-01	5.00000e-02	1.11123e+00	1.00000e-01	
-1.32557e+00	5.00000e-02	2.73672e-01	5.00000e-02	1.02729e+00	1.00000e-01	
-1.01892e+00	5.00000e-02	2.92491e-01	5.00000e-02	9.47813e-01	1.00000e-01	
-1.23380e+00	5.00000e-02	2.42112e-01	5.00000e-02	1.07879e+00	1.00000e-01	
-1.89484e+00	5.00000e-02	3.48954e-01	5.00000e-02	1.04606e+00	1.00000e-01	
-3.93310e-01	5.00000e-02	1.80905e-01	5.00000e-02	1.07568e+00	1.00000e-01	
-1.05337e+00	5.00000e-02	3.58600e-01	5.00000e-02	8.62205e-01	1.00000e-01	
-1.07287e+00	5.00000e-02	2.70718e-01	5.00000e-02	1.09985e+00	1.00000e-01	
-1.21533e+00	5.00000e-02	2.48942e-01	5.00000e-02	1.11508e+00	1.00000e-01	
-1.36572e+00	5.00000e-02	2.27459e-01	5.00000e-02	1.08070e+00	1.00000e-01	
-1.22525e+00	5.00000e-02	3.31061e-01	5.00000e-02	9.52144e-01	1.00000e-01	
-7.77142e-01	5.00000e-02	3.37664e-01	5.00000e-02	8.22614e-01	1.00000e-01	
-8.51381e-01	5.00000e-02	3.14136e-01	5.00000e-02	1.14339e+00	1.00000e-01	
-1.02951e+00	5.00000e-02	2.60656e-01	5.00000e-02	9.03922e-01	1.00000e-01	
-2.29103e+00	5.00000e-02	4.44380e-01	5.00000e-02	1.03793e+00	1.00000e-01	
-7.45795e-01	5.00000e-02	4.03625e-01	5.00000e-02	1.06316e+00	1.00000e-01	
-1.36231e+00	5.00000e-02	2.17564e-01	5.00000e-02	8.86412e-01	1.00000e-01	
-9.96398e-01	5.00000e-02	2.65094e-01	5.00000e-02	1.15807e+00	1.00000e-01	
-2.19046e+00	5.00000e-02	3.03502e-01	5.00000e-02	1.14180e+00	1.00000e-01	
-8.76130e-01	5.00000e-02	2.84051e-01	5.00000e-02	1.03754e+00	1.00000e-01	
-1.13710e+00	5.00000e-02	2.90191e-01	5.00000e-02	1.06761e+00	1.00000e-01	
-1.02881e+00	5.00000e-02	1.96471e-01	5.00000e-02	1.10265e+00	1.00000e-01	
-1.13252e+00	5.00000e-02	2.16730e-01	5.00000e-02	9.89449e-01	1.00000e-01	
-1.22907e+00	5.00000e-02	2.21664e-01	5.00000e-02	1.01913e+00	1.00000e-01	
-1.02532e+00	5.00000e-02	2.13013e-01	5.00000e-02	1.23475e+00	1.00000e-01	
-4.17888e-01	5.00000e-02	3.14776e-01	5.00000e-02	9.75050e-01	1.00000e-01	
-1.56886e+00	5.00000e-02	2.92428e-01	5.00000e-02	1.24778e+00	1.00000e-01	
-1.21591e+00	5.00000e-02	2.83496e-01	5.00000e-02	1.02318e+00	1.00000e-01	
-1.95667e+00	5.00000e-02	4.22884e-01	5.00000e-02	9.17396e-01	1.00000e-01	
-8.63925e-01	5.00000e-02	2.60573e-01	5.00000e-02	9.25374e-01	1.00000e-01	
-8.81517e-01	5.00000e-02	3.51587e-01	5.00000e-02	9.99258e-01	1.00000e-01	
-1.35731e+00	5.00000e-02	2.20012e-01	5.00000e-02	1.00431e+00	1.00000e-01	
-1.13079e+00	5.00000e-02	2.78526e-01	5.00000e-02	1.01628e+00	1.00000e-01	
-9.79101e-01	5.00000e-02	3.35564e-01	5.00000e-02	1.18952e+00	1.00000e-01	
-9.23631e-01	5.00000e-02	3.13126e-01	5.00000e-02	9.08980e-01	1.00000e-01	
-1.50103e+00	5.00000e-02	2.27220e-01	5.00000e-02	1.09385e+00	1.00000e-01	
-5.64765e-01	5.00000e-02	3.31022e-01	5.00000e-02	9.39631e-01	1.00000e-01	
-7.49275e-01	5.00000e-02	2.39845e-01	5.00000e-02	1.13689e+00	1.00000e-01	
-1.57225e+00	5.00000e-02	2.35459e-01	5.00000e-02	1.05467e+00	1.00000e-01	
-7.07966e-01	5.00000e-02	4.10176e-01	5.00000e-02	1.06895e+00	1.00000e-01	
-8.67934e-01	5.00000e-02	2.90551e-01	5.00000e-02	1.03252e+00	1.00000e-01	
-7.91016e-01	5.00000e-02	3.37193e-01	5.00000e-02	1.05269e+00	1.00000e-01	
-1.08237e+00	5.00000e-02	3.14838e-01	5.00000e-02	1.18853e+00	1.00000e-01	
-1.38609e+00	5.00000e-02	2.85491e-01	5.00000e-02	1.01068e+00	1.00000e-01	
-5.98296e-01	5.00000e-02	2.94168e-01	5.00000e-02	9.21071e-01	1.00000e-01	
-1.04883e+00	5.00000e-02	3.36989e-01	5.00000e-02	9.55890e-01	1.00000e-01	
-1.20955e+00	5.00000e-02	2.54142e-01	5.00000e-02	1.07716e+00	1.00000e-01	
-1.30191e+00	5.00000e-02	2.71922e-01	5.00000e-02	1.02172e+00	1.00000e-01	
-5.42020e-01	5.00000e-02	2.65085e-01	5.00000e-02	1.04428e+00	1.00000e-01	
-1.16604e+00	5.00000e-02	2.62689e-01	5.00000e-02	9.43861e-01	1.00000e-01	
-9.45445e-01	5.00000e-02	2.99311e-01	5.00000e-02	9.48900e-01	1.00000e-01	
-1.04457e+00	5.00000e-02	2.63631e-01	5.00000e-02	1.14965e+00	1.00000e-01	
-7.63173e-01	5.00000e-02	3.72077e-01	5.00000e-02	9.91799e-01	1.00000e-01	
-9.57301e-01	5.00000e-02	2.50908e-01	5.00000e-02	1.04732e+00	1.00000e-01	
-1.43705e+00	5.00000e-02	3.08206e-01	5.00000e-02	1.12508e+00	1.00000e-01	
-1.02088e+00	5.00000e-02	2.99903e-01	5.00000e-02	9.05067e-01	1.00000e-01	
-1.10504e+00	5.00000e-02	2.89391e-01	5.00000e-02	9.15725e-01	1.00000e-01	
-9.87387e-01	5.00000e-02	2.67232e-01	5.00000e-02	1.16154e+00	1.00000e-01	
-8.82088e-01	5.00000e-02	3.39809e-01	5.00000e-02	1.11355e+00	1.00000e-01	
-1.33347e+00	5.00000e-02	2.77145e-01	5.00000e-02	8.77524e-01	1.00000e-01	
-1.42579e+00	5.00000e-02	1.83037e-01	5.00000e-02	9.97715e-01	1.00000e-01	
-1.77956e+00	5.00000e-02	2.80061e-01	5.00000e-02	1.01919e+00	1.00000e-01	
-1.33237e+00	5.00000e-02	1.92580e-01	5.00000e-02	1.02426e+00	1.00000e-01	
-2.40749e+00	5.00000e-02	4.06820e-01	5.00000e-02	1.20572e+00	1.00000e-01	
-1.04549e+00	5.00000e-02	2.98929e-01	5.00000e-02	9.96084e-01	1.00000e-01	
-1.36730e+00	5.00000e-02	2.19305e-01	5.00000e-02	1.17773e+00	1.00000e-01	
-1.45235e+00	5.00000e-02	2.33907e-01	5.00000e-02	1.13604e+00	1.00000e-01	
-1.69171e+00	5.00000e-02	2.41513e-01	5.00000e-02	1.05335e+00	1.00000e-01	
-1.30847e+00	5.00000e-02	2.41773e-01	5.00000e-02	1.07300e+00	1.00000e-01	
-1.41608e+00	5.00000e-02	2.55007e-01	5.00000e-02	1.00274e+00	1.00000e-01	
-1.32220e+00	5.00000e-02	2.15399e-01	5.00000e-02	1.08952e+00	1.00000e-01	
-1.08913e+00	5.00000e-02	2.35612e-01	5.00000e-02	1.09261e+00	1.00000e-01	
-8.88357e-01	5.00000e-02	2.74962e-01	5.00000e-02	1.14138e+00	1.00000e-01	
-7.34204e-01	5.00000e-02	3.28009e-01	5.00000e-02	1.09930e+00	1.00000e-01	
-3.34460e-01	5.00000e-02	2.74194e-01	5.00000e-02	9.50657e-01	1.00000e-01	
-1.91719e+00	5.00000e-02	4.15509e-01	5.00000e-02	1.24268e+00	1.00000e-01	
-1.42461e+00	5.00000e-02	2.50867e-01	5.00000e-02	1.15963e+00	1.00000e-01	
-8.64624e-01	5.00000e-02	2.60320e-01	5.00000e-02	1.05599e+00	1.00000e-01	
-1.63077e+00	5.00000e-02	3.27165e-01	5.00000e-02	1.25539e+00	1.00000e-01	
-7.17056e-01	5.00000e-02	3.00155e-01	5.00000e-02	8.71379e-01	1.00000e-01	
-1.43105e+00	5.00000e-02	2.83453e-01	5.00000e-02	1.12252e+00	1.00000e-01	
-8.08752e-01	5.00000e-02	2.53993e-01	5.00000e-02	9.33905e-01	1.00000e-01	
-8.18253e-01	5.00000e-02	3.22260e-01	5.00000e-02	9.77770e-01	1.00000e-01	
-7.49465e-01	5.00000e-02	2.97074e-01	5.00000e-02	1.03257e+00	1.00000e-01	
-2.09150e+00	5.00000e-02	3.38801e-01	5.00000e-02	9.65494e-01	1.00000e-01	
-1.29873e+00	5.00000e-02	2.88343e-01	5.00000e-02	1.12300e+00	1.00000e-01	
-8.21994e-01	5.00000e-02	3.12776e-01	5.00000e-02	9.11075e-01	1.00000e-01	
-1.70656e+00	5.00000e-02	3.49617e-01	5.00000e-02	nan	nan
-2.08137e+00	5.00000e-02	2.98536e-01	5.00000e-02	nan	nan
-1.18550e+00	5.00000e-02	2.47481e-01	5.00000e-02	nan	nan
-9.74311e-01	5.00000e-02	2.68465e-01	5.00000e-02	nan	nan
-1.90512e+00	5.00000e-02	3.23991e-01	5.00000e-02	nan	nan
-1.84163e+00	5.00000e-02	3.46521e-01	5.00000e-02	nan	nan
-1.93200e+00	5.00000e-02	4.58618e-01	5.00000e-02	nan	nan
-1.13056e+00	5.00000e-02	2.99158e-01	5.00000e-02	nan	nan
-8.85670e-01	5.00000e-02	2.35730e-01	5.00000e-02	nan	nan
-1.36658e+00	5.00000e-02	2.73152e-01	5.00000e-02	nan	nan
-5.54946e-01	5.00000e-02	2.22889e-01	5.00000e-02	nan	nan
-1.08872e+00	5.00000e-02	1.64295e-01	5.00000e-02	nan	nan
-9.25883e-01	5.00000e-02	2.67480e-01	5.00000e-02	nan	nan
-1.26205e+00	5.00000e-02	2.36466e-01	5.00000e-02	nan	nan
-9.55196e-01	5.00000e-02	3.09258e-01	5.00000e-02	nan	nan
-3.76489e-01	5.00000e-02	2.57835e-01	5.00000e-02	nan	nan
-1.08583e+00	5.00000e-02	2.77264e-01	5.00000e-02	nan	nan
-1.49759e+00	5.00000e-02	2.94491e-01	5.00000e-02	nan	nan
-1.05136e+00	5.00000e-02	2.09424e-01	5.00000e-02	nan	nan
-1.08973e+00	5.00000e-02	3.05721e-01	5.00000e-02	nan	nan
-1.01295e+00	5.00000e-02	2.74236e-01	5.00000e-02	nan	nan
-1.01970e+00	5.00000e-02	2.55661e-01	5.00000e-02	nan	nan
-2.00483e+00	5.00000e-02	2.76515e-01	5.00000e-02	nan	nan
-1.52091e+00	5.00000e-02	2.72367e-01	5.00000e-02	nan	nan
-1.08379e+00	5.00000e-02	2.47667e-01	5.00000e-02	nan	nan
-7.89189e-01	5.00000e-02	3.11262e-01	5.00000e-02	nan	nan
-7.80405e-01	5.00000e-02	3.50300e-01	5.00000e-02	nan	nan
-8.81854e-01	5.00000e-02	3.82338e-01	5.00000e-02	nan	nan
-1.00450e+00	5.00000e-02	2.53189e-01	5.00000e-02	nan	nan
-4.86443e-01	5.00000e-02	1.77637e-01	5.00000e-02	nan	nan
-1.14638e+00	5.00000e-02	3.11501e-01	5.00000e-02	nan	nan
-1.08151e+00	5.00000e-02	2.62083e-01	5.00000e-02	nan	nan
-9.20053e-01	5.00000e-02	3.12506e-01	5.00000e-02	nan	nan
-6.39489e-01	5.00000e-02	3.62847e-01	5.00000e-02	nan	nan
-1.18515e+00	5.00000e-02	2.28737e-01	5.00000e-02	nan	nan
-6.82569e-01	5.00000e-02	3.69960e-01	5.00000e-02	nan	nan
-1.05910e+00	5.00000e-02	2.47606e-01	5.00000e-02	nan	nan
-8.39303e-01	5.00000e-02	2.84715e-01	5.00000e-02	nan	nan
-2.34867e+00	5.00000e-02	4.62062e-01	5.00000e-02	nan	nan
-2.11998e+00	5.00000e-02	4.40298e-01	5.00000e-02	nan	nan
-6.42366e-01	5.00000e-02	3.69268e-01	5.00000e-02	nan	nan
-1.70465e+00	5.00000e-02	1.96322e-01	5.00000e-02	nan	nan
-8.88305e-01	5.00000e-02	2.46543e-01	5.00000e-02	nan	nan
-1.31082e+00	5.00000e-02	2.37311e-01	5.00000e-02	nan	nan
-1.40621e+00	5.00000e-02	3.29798e-01	5.00000e-02	nan	nan
-1.20674e+00	5.00000e-02	2.87985e-01	5.00000e-02	nan	nan
-5.80343e-01	5.00000e-02	2.09637e-01	5.00000e-02	nan	nan
-1.13514e+00	5.00000e-02	2.07460e-01	5.00000e-02	nan	nan
-6.36958e-01	5.00000e-02	3.81633e-01	5.00000e-02	nan	nan
-8.52103e-01	5.00000e-02	4.53721e-01	5.00000e-02	nan	nan
-1.06756e+00	5.00000e-02	2.46915e-01	5.00000e-02	nan	nan
-1.14813e+00	5.00000e-02	2.94648e-01	5.00000e-02	nan	nan
-1.43988e+00	5.00000e-02	2.99254e-01	5.00000e-02	nan	nan
-2.65297e+00	5.00000e-02	3.85752e-01	5.00000e-02	nan	nan
-1.12190e+00	5.00000e-02	3.51087e-01	5.00000e-02	nan	nan
-9.71175e-01	5.00000e-02	3.37818e-01	5.00000e-02	nan	nan
-6.38983e-01	5.00000e-02	2.49776e-01	5.00000e-02	nan	nan
-7.84701e-01	5.00000e-02	3.21684e-01	5.00000e-02	nan	nan
-7.64203e-01	5.00000e-02	3.31128e-01	5.00000e-02	nan	nan
-5.85104e-01	5.00000e-02	2.23386e-01	5.00000e-02	nan	nan
-5.44066e-01	5.00000e-02	2.18600e-01	5.00000e-02	nan	nan
-7.04601e-01	5.00000e-02	2.51145e-01	5.00000e-02	nan	nan
-1.55195e+00	5.00000e-02	2.71981e-01	5.00000e-02	nan	nan
-1.27825e+00	5.00000e-02	2.72007e-01	5.00000e-02	nan	nan
-1.39890e+00	5.00000e-02	2.52820e-01	5.00000e-02	nan	nan
-6.51268e-01	5.00000e-02	3.32041e-01	5.00000e-02	nan	nan
-8.44492e-01	5.00000e-02	2.97743e-01	5.00000e-02	nan	nan
-1.23286e+00	5.00000e-02	2.27633e-01	5.00000e-02	nan	nan
-9.26257e-01	5.00000e-02	3.72334e-01	5.00000e-02	nan	nan
-7.33078e-01	5.00000e-02	1.59504e-01	5.00000e-02	nan	nan
-6.96613e-01	5.00000e-02	2.73482e-01	5.00000e-02	nan	nan
-1.46542e+00	5.00000e-02	2.64396e-01	5.00000e-02	nan	nan
-8.25136e-01	5.00000e-02	2.47460e-01	5.00000e-02	nan	nan
-8.02943e-01	5.00000e-02	2.67607e-01	5.00000e-02	nan	nan
-1.91162e+00	5.00000e-02	2.96501e-01	5.00000e-02	nan	nan
-1.67643e+00	5.00000e-02	3.21768e-01	5.00000e-02	nan	nan
-1.12394e+00	5.00000e-02	1.94395e-01	5.00000e-02	nan	nan
-1.35420e+00	5.00000e-02	2.99473e-01	5.00000e-02	nan	nan
-6.86205e-01	5.00000e-02	2.64949e-01	5.00000e-02	nan	nan
-8.86669e-01	5.00000e-02	3.47155e-01	5.00000e-02	nan	nan
-8.18958e-01	5.00000e-02	3.71007e-01	5.00000e-02	nan	nan
-8.31424e-01	5.00000e-02	2.73969e-01	5.00000e-02	nan	nan
-1.24923e+00	5.00000e-02	2.19942e-01	5.00000e-02	nan	nan
-1.37637e+00	5.00000e-02	2.45635e-01	5.00000e-02	nan	nan
-9.63940e-01	5.00000e-02	2.26098e-01	5.00000e-02	nan	nan
-1.14660e+00	5.00000e-02	2.64862e-01	5.00000e-02	nan	nan
-4.70109e-01	5.00000e-02	2.13199e-01	5.00000e-02	nan	nan
-9.75665e-01	5.00000e-02	2.46489e-01	5.00000e-02	nan	nan
-1.20036e+00	5.00000e-02	1.96552e-01	5.00000e-02	nan	nan
-7.09087e-01	5.00000e-02	3.12987e-01	5.00000e-02	nan	nan
-1.17250e+00	5.00000e-02	1.64821e-01	5.00000e-02	nan	nan
-1.45462e+00	5.00000e-02	3.05772e-01	5.00000e-02	nan	nan
-7.71106e-01	5.00000e-02	3.18189e-01	5.00000e-02	nan	nan
-1.13722e+00	5.00000e-02	2.82214e-01	5.00000e-02	nan	nan
-1.41102e+00	5.00000e-02	2.08131e-01	5.00000e-02	nan	nan
-8.95092e-01	5.00000e-02	3.55847e-01	5.00000e-02	nan	nan
-4.84915e-01	5.00000e-02	1.87976e-01	5.00000e-02	nan	nan
-1.39139e+00	5.00000e-02	2.94298e-01	5.00000e-02	nan	nan
-7.80676e-01	5.00000e-02	3.05040e-01	5.00000e-02	nan	nan
-8.83468e-01	5.00000e-02	2.19143e-01	5.00000e-02	nan	nan
-1.63963e+00	5.00000e-02	2.61906e-01	5.00000e-02	nan	nan
-7.25871e-01	5.00000e-02	2.93169e-01	5.00000e-02	nan	nan
-1.05298e+00	5.00000e-02	1.87500e-01	5.00000e-02	nan	nan
-1.69609e+00	5.00000e-02	3.96891e-01	5.00000e-02	nan	nan
-1.04245e+00	5.00000e-02	3.20926e-01	5.00000e-02	nan	nan
-1.24272e+00	5.00000e-02	3.11468e-01	5.00000e-02	nan	nan
-1.39600e+00	5.00000e-02	2.34520e-01	5.00000e-02	nan	nan
-1.72671e+00	5.00000e-02	2.00563e-01	5.00000e-02	nan	nan
-1.45679e+00	5.00000e-02	2.99285e-01	5.00000e-02	nan	nan
-1.08524e+00	5.00000e-02	2.05283e-01	5.00000e-02	nan	nan
-8.91167e-01	5.00000e-02	2.78912e-01	5.00000e-02	nan	nan
-1.74677e+00	5.00000e-02	2.92896e-01	5.00000e-02	nan	nan
-7.88920e-01	5.00000e-02	3.38140e-01	5.00000e-02	nan	nan
-1.76348e+00	5.00000e-02	3.01329e-01	5.00000e-02	nan	nan
-1.48660e+00	5.00000e-02	2.41651e-01	5.00000e-02	nan	nan
-8.16312e-01	5.00000e-02	3.08936e-01	5.00000e-02	nan	nan
-6.78030e-01	5.00000e-02	3.07506e-01	5.00000e-02	nan	nan
-4.07461e-01	5.00000e-02	2.02964e-01	5.00000e-02	nan	nan
-8.42204e-01	5.00000e-02	3.26733e-01	5.00000e-02	nan	nan
-1.06198e+00	5.00000e-02	1.94754e-01	5.00000e-02	nan	nan
-1.68007e+00	5.00000e-02	2.72975e-01	5.00000e-02	nan	nan
-9.88948e-01	5.00000e-02	3.31813e-01	5.00000e-02	nan	nan
-1.48797e+00	5.00000e-02	3.42489e-01	5.00000e-02	nan	nan
-1.02196e+00	5.00000e-02	2.76365e-01	5.00000e-02	nan	nan
-9.62163e-01	5.00000e-02	3.29038e-01	5.00000e-02	nan	nan
-8.06450e-01	5.00000e-02	2.38360e-01	5.00000e-02	nan	nan
-1.14924e+00	5.00000e-02	3.15086e-01	5.00000e-02	nan	nan
-4.28951e-01	5.00000e-02	1.44444e-01	5.00000e-02	nan	nan
-3.09934e-01	5.00000e-02	1.25401e-01	5.00000e-02	nan	nan
-7.56767e-01	5.00000e-02	2.62706e-01	5.00000e-02	nan	nan
-8.80141e-01	5.00000e-02	3.21940e-01	5.00000e-02	nan	nan
-9.32949e-01	5.00000e-02	3.34030e-01	5.00000e-02	nan	nan
-6.73403e-01	5.00000e-02	3.25158e-01	5.00000e-02	nan	nan
-4.97377e-01	5.00000e-02	2.78831e-01	5.00000e-02	nan	nan
-6.69083e-01	5.00000e-02	3.21995e-01	5.00000e-02	nan	nan
-9.51365e-01	5.00000e-02	2.71377e-01	5.00000e-02	nan	nan
-1.73166e+00	5.00000e-02	3.44468e-01	5.00000e-02	nan	nan
-9.38962e-01	5.00000e-02	2.25391e-01	5.00000e-02	nan	nan
-1.21341e+00	5.00000e-02	3.05105e-01	5.00000e-02	nan	nan
-1.47059e+00	5.00000e-02	2.98067e-01	5.00000e-02	nan	nan
-5.79654e-01	5.00000e-02	3.13030e-01	5.00000e-02	nan	nan
-6.85331e-01	5.00000e-02	3.40653e-01	5.00000e-02	nan	nan
-1.09862e+00	5.00000e-02	2.86080e-01	5.00000e-02	nan	nan
-1.05425e+00	5.00000e-02	2.23622e-01	5.00000e-02	nan	nan
-1.09122e+00	5.00000e-02	2.74987e-01	5.00000e-02	nan	nan
-1.25448e+00	5.00000e-02	3.08603e-01	5.00000e-02	nan	nan
-1.12107e+00	5.00000e-02	2.36013e-01	5.00000e-02	nan	nan
-1.15052e+00	5.00000e-02	3.26808e-01	5.00000e-02	nan	nan
-2.28338e+00	5.00000e-02	3.60745e-01	5.00000e-02	nan	nan
-6.18238e-01	5.00000e-02	3.19892e-01	5.00000e-02	nan	nan
-2.11836e+00	5.00000e-02	4.59275e-01	5.00000e-02	nan	nan
-1.17506e+00	5.00000e-02	2.52404e-01	5.00000e-02	nan	nan
-1.72979e+00	5.00000e-02	3.55958e-01	5.00000e-02	nan	nan
-1.44686e+00	5.00000e-02	2.35472e-01	5.00000e-02	nan	nan
-4.15126e-01	5.00000e-02	2.76827e-01	5.00000e-02	nan	nan
-1.30341e+00	5.00000e-02	2.87811e-01	5.00000e-02	nan	nan
-8.26396e-01	5.00000e-02	3.53377e-01	5.00000e-02	nan	nan
-1.50877e+00	5.00000e-02	2.72749e-01	5.00000e-02	nan	nan
-1.38011e+00	5.00000e-02	1.83168e-01	5.00000e-02	nan	nan
-5.68880e-01	5.00000e-02	3.78604e-01	5.00000e-02	nan	nan
-5.60851e-01	5.00000e-02	2.83122e-01	5.00000e-02	nan	nan
-1.33978e+00	5.00000e-02	2.61868e-01	5.00000e-02	nan	nan
-4.94148e-01	5.00000e-02	1.88307e-01	5.00000e-02	nan	nan
-8.96369e-01	5.00000e-02	3.97615e-01	5.00000e-02	nan	nan
-9.66985e-01	5.00000e-02	3.06808e-01	5.00000e-02	nan	nan
-1.22983e+00	5.00000e-02	2.57184e-01	5.00000e-02	nan	nan
-1.21043e+00	5.00000e-02	2.16972e-01	5.00000e-02	nan	nan
-4.78804e-01	5.00000e-02	2.50608e-01	5.00000e-02	nan	nan
-8.42831e-01	5.00000e-02	3.10740e-01	5.00000e-02	nan	nan
-1.01677e+00	5.00000e-02	3.13228e-01	5.00000e-02	nan	nan
-1.89534e+00	5.00000e-02	2.69137e-01	5.00000e-02	nan	nan
-1.32583e+00	5.00000e-02	2.74103e-01	5.00000e-02	nan	nan
-4.26094e-01	5.00000e-02	2.87101e-01	5.00000e-02	nan	nan
-1.02452e+00	5.00000e-02	3.01529e-01	5.00000e-02	nan	nan
-1.23694e+00	5.00000e-02	3.40701e-01	5.00000e-02	nan	nan
-2.34365e+00	5.00000e-02	5.23759e-01	5.00000e-02	nan	nan
-1.36012e+00	5.00000e-02	2.96851e-01	5.00000e-02	nan	nan
-1.35251e+00	5.00000e-02	1.88104e-01	5.00000e-02	nan	nan
-1.58059e+00	5.00000e-02	2.26412e-01	5.00000e-02	nan	nan
-1.23740e+00	5.00000e-02	3.39207e-01	5.00000e-02	nan	nan
-1.39875e+00	5.00000e-02	3.20890e-01	5.00000e-02	nan	nan
-1.81000e+00	5.00000e-02	2.48118e-01	5.00000e-02	nan	nan
-1.68724e+00	5.00000e-02	2.99013e-01	5.00000e-02	nan	nan
-1.04126e+00	5.00000e-02	2.47157e-01	5.00000e-02	nan	nan
-1.83754e+00	5.00000e-02	2.59065e-01	5.00000e-02	nan	nan
-5.70354e-01	5.00000e-02	2.80489e-01	5.00000e-02	nan	nan
-1.45350e+00	5.00000e-02	2.76895e-01	5.00000e-02	nan	nan
-1.08897e+00	5.00000e-02	2.53417e-01	5.00000e-02	nan	nan
-1.18431e+00	5.00000e-02	2.50948e-01	5.00000e-02	nan	nan
-1.34599e+00	5.00000e-02	2.48220e-01	5.00000e-02	nan	nan
-1.20178e+00	5.00000e-02	1.92085e-01	5.00000e-02	nan	nan
-1.49944e+00	5.00000e-02	2.68920e-01	5.00000e-02	nan	nan
-1.35679e+00	5.00000e-02	2.57470e-01	5.00000e-02	nan	nan
-1.54007e+00	5.00000e-02	3.58958e-01	5.00000e-02	nan	nan
-8.05877e-01	5.00000e-02	2.79687e-01	5.00000e-02	nan	nan
-8.79931e-01	5.00000e-02	2.35764e-01	5.00000e-02	nan	nan
-1.25859e+00	5.00000e-02	3.55311e-01	5.00000e-02	nan	nan
-6.09186e-01	5.00000e-02	2.98022e-01	5.00000e-02	nan	nan
-1.21766e+00	5.00000e-02	3.03126e-01	5.00000e-02	nan	nan
-8.95473e-01	5.00000e-02	2.15397e-01	5.00000e-02	nan	nan
-1.03389e+00	5.00000e-02	3.36084e-01	5.00000e-02	nan	nan
-1.25933e+00	5.00000e-02	2.12800e-01	5.00000e-02	nan	nan
-4.73307e-01	5.00000e-02	2.30461e-01	5.00000e-02	nan	nan
-7.03633e-01	5.00000e-02	4.23211e-01	5.00000e-02	nan	nan
-6.53286e-01	5.00000e-02	2.77566e-01	5.00000e-02	nan	nan
-4.88245e-01	5.00000e-02	2.42496e-01	5.00000e-02	nan	nan
-2.72071e+00	5.00000e-02	3.96402e-01	5.00000e-02	nan	nan
-1.10814e+00	5.00000e-02	2.33191e-01	5.00000e-02	nan	nan
-5.08447e-01	5.00000e-02	2.64434e-01	5.00000e-02	nan	nan
-1.62918e+00	5.00000e-02	2.96866e-01	5.00000e-02	nan	nan
-1.41168e+00	5.00000e-02	2.71310e-01	5.00000e-02	nan	nan
-1.02992e+00	5.00000e-02	3.17868e-01	5.00000e-02	nan	nan
-8.13950e-01	5.00000e-02	3.60166e-01	5.00000e-02	nan	nan
-1.18043e+00	5.00000e-02	2.66215e-01	5.00000e-02	nan	nan
-1.30415e+00	5.00000e-02	2.31948e-01	5.00000e-02	nan	nan
-8.26691e-01	5.00000e-02	3.01765e-01	5.00000e-02	nan	nan
-2.08248e+00	5.00000e-02	3.21014e-01	5.00000e-02	nan	nan
-7.85004e-01	5.00000e-02	3.36589e-01	5.00000e-02	nan	nan
-1.06676e+00	5.00000e-02	2.52286e-01	5.00000e-02	nan	nan
-9.32436e-01	5.00000e-02	3.68340e-01	5.00000e-02	nan	nan
-8.93176e-01	5.00000e-02	3.39087e-01	5.00000e-02	nan	nan
-1.66529e+00	5.00000e-02	1.86578e-01	5.00000e-02	nan	nan
-6.94892e-01	5.00000e-02	1.34479e-01	5.00000e-02	nan	nan
-7.81637e-01	5.00000e-02	3.88859e-01	5.00000e-02	nan	nan
-1.12029e+00	5.00000e-02	2.93881e-01	5.00000e-02	nan	nan
-1.43120e+00	5.00000e-02	1.88490e-01	5.00000e-02	nan	nan
-1.81491e+00	5.00000e-02	4.24012e-01	5.00000e-02	nan	nan
-1.32349e+00	5.00000e-02	2.42659e-01	5.00000e-02	nan	nan
-8.01560e-01	5.00000e-02	3.28511e-01	5.00000e-02	nan	nan
-6.91766e-01	5.00000e-02	3.45790e-01	5.00000e-02	nan	nan
-1.12301e+00	5.00000e-02	2.25986e-01	5.00000e-02	nan	nan
-1.44772e+00	5.00000e-02	2.68341e-01	5.00000e-02	nan	nan
-1.21491e+00	5.00000e-02	1.66206e-01	5.00000e-02	nan	nan
-5.31727e-01	5.00000e-02	1.55358e-01	5.00000e-02	nan	nan
-1.69417e+00	5.00000e-02	2.96032e-01	5.00000e-02	nan	nan
-1.53011e+00	5.00000e-02	3.03026e-01	5.00000e-02	nan	nan
-8.09929e-01	5.00000e-02	3.15027e-01	5.00000e-02	nan	nan
-1.56695e+00	5.00000e-02	2.74392e-01	5.00000e-02	nan	nan
-1.34563e+00	5.00000e-02	2.23360e-01	5.00000e-02	nan	nan
-7.48125e-01	5.00000e-02	3.55784e-01	5.00000e-02	nan	nan
-1.21405e+00	5.00000e-02	2.37520e-01	5.00000e-02	nan	nan
-9.70056e-01	5.00000e-02	2.90925e-01	5.00000e-02	nan	nan
-9.43037e-01	5.00000e-02	2.94574e-01	5.00000e-02	nan	nan
-1.34626e+00	5.00000e-02	2.78976e-01	5.00000e-02	nan	nan
-1.31138e+00	5.00000e-02	2.59238e-01	5.00000e-02	nan	nan
-1.25031e+00	5.00000e-02	2.39532e-01	5.00000e-02	nan	nan
-6.00097e-01	5.00000e-02	3.82233e-01	5.00000e-02	nan	nan
-2.18840e+00	5.00000e-02	4.44346e-01	5.00000e-02	nan	nan
-1.68728e+00	5.00000e-02	3.22686e-01	5.00000e-02	nan	nan
-1.25756e+00	5.00000e-02	2.60007e-01	5.00000e-02	nan	nan
-1.38539e+00	5.00000e-02	2.47514e-01	5.00000e-02	nan	nan
-9.16575e-01	5.00000e-02	2.93257e-01	5.00000e-02	nan	nan
-9.26019e-01	5.00000e-02	2.65500e-01	5.00000e-02	nan	nan
-1.02444e+00	5.00000e-02	2.13421e-01	5.00000e-02	nan	nan
-1.28194e+00	5.00000e-02	2.41729e-01	5.00000e-02	nan	nan
-1.00077e+00	5.00000e-02	3.02932e-01	5.00000e-02	nan	nan
-7.80363e-01	5.00000e-02	3.31258e-01	5.00000e-02	nan	nan
-7.40573e-01	5.00000e-02	3.14639e-01	5.00000e-02	nan	nan
-1.06091e+00	5.00000e-02	2.36253e-01	5.00000e-02	nan	nan
-7.14950e-01	5.00000e-02	3.76631e-01	5.00000e-02	nan	nan
-2.04531e+00	5.00000e-02	3.94336e-01	5.00000e-02	nan	nan
-1.56839e+00	5.00000e-02	3.31966e-01	5.00000e-02	nan	nan
-8.13844e-01	5.00000e-02	3.01158e-01	5.00000e-02	nan	nan
-1.11265e+00	5.00000e-02	2.50452e-01	5.00000e-02	nan	nan
-1.19804e+00	5.00000e-02	2.88337e-01	5.00000e-02	nan	nan
-9.35358e-01	5.00000e-02	2.66992e-01	5.00000e-02	nan	nan
-1.19206e+00	5.00000e-02	2.87702e-01	5.00000e-02	nan	nan
-6.70976e-01	5.00000e-02	2.86644e-01	5.00000e-02	nan	nan
-1.14206e+00	5.00000e-02	1.93557e-01	5.00000e-02	nan	nan
-7.36882e-01	5.00000e-02	3.96183e-01	5.00000e-02	nan	nan
-9.32210e-01	5.00000e-02	3.82898e-01	5.00000e-02	nan	nan
-6.33204e-01	5.00000e-02	2.30394e-01	5.00000e-02	nan	nan
-1.04120e+00	5.00000e-02	2.01530e-01	5.00000e-02	nan	nan
-4.31516e-01	5.00000e-02	3.06052e-01	5.00000e-02	nan	nan
-9.85605e-01	5.00000e-02	2.97989e-01	5.00000e-02	nan	nan
-2.15345e+00	5.00000e-02	3.88697e-01	5.00000e-02	nan	nan
-8.29454e-01	5.00000e-02	2.67818e-01	5.00000e-02	nan	nan
-6.09203e-01	5.00000e-02	3.36217e-01	5.00000e-02	nan	nan
-1.65169e+00	5.00000e-02	3.50603e-01	5.00000e-02	nan	nan
-5.02732e-01	5.00000e-02	1.25958e-01	5.00000e-02	nan	nan
-9.70643e-01	5.00000e-02	2.71822e-01	5.00000e-02	nan	nan
-9.44424e-01	5.00000e-02	3.76315e-01	5.00000e-02	nan	nan
-1.38050e+00	5.00000e-02	2.48994e-01	5.00000e-02	nan	nan
-4.90748e-01	5.00000e-02	1.88985e-01	5.00000e-02	nan	nan
-8.98683e-01	5.00000e-02	3.64825e-01	5.00000e-02	nan	nan
-9.84314e-01	5.00000e-02	2.41580e-01	5.00000e-02	nan	nan
-4.52657e-01	5.00000e-02	2.32416e-01	5.00000e-02	nan	nan
-1.00007e+00	5.00000e-02	2.08052e-01	5.00000e-02	nan	nan
-9.90170e-01	5.00000e-02	2.83150e-01	5.00000e-02	nan	nan
-1.93255e+00	5.00000e-02	5.28511e-01	5.00000e-02	nan	nan
-9.89936e-01	5.00000e-02	2.82699e-01	5.00000e-02	nan	nan
-8.60905e-01	5.00000e-02	3.79015e-01	5.00000e-02	nan	nan
-1.27896e+00	5.00000e-02	3.40128e-01	5.00000e-02	nan	nan
-8.53200e-01	5.00000e-02	3.28748e-01	5.00000e-02	nan	nan
-9.04309e-01	5.00000e-02	2.43320e-01	5.00000e-02	nan	nan
-1.40222e+00	5.00000e-02	1.85651e-01	5.00000e-02	nan	nan
-9.68383e-01	5.00000e-02	3.86512e-01	5.00000e-02	nan	nan
-1.19285e+00	5.00000e-02	3.25117e-01	5.00000e-02	nan	nan
-1.27494e+00	5.00000e-02	2.46613e-01	5.00000e-02	nan	nan
-9.12550e-01	5.00000e-02	2.98472e-01	5.00000e-02	nan	nan
-1.92319e+00	5.00000e-02	3.50378e-01	5.00000e-02	nan	nan
-1.15181e+00	5.00000e-02	1.69834e-01	5.00000e-02	nan	nan
-1.05284e+00	5.00000e-02	2.19618e-01	5.00000e-02	nan	nan
-3.64028e-01	5.00000e-02	2.12214e-01	5.00000e-02	nan	nan
-8.47164e-01	5.00000e-02	2.76165e-01	5.00000e-02	nan	nan
-1.04654e+00	5.00000e-02	3.22613e-01	5.00000e-02	nan	nan
-1.58237e+00	5.00000e-02	2.54069e-01	5.00000e-02	nan	nan
-1.12267e+00	5.00000e-02	3.06802e-01	5.00000e-02	nan	nan
-1.13206e+00	5.00000e-02	3.36004e-01	5.00000e-02	nan	nan
-5.25210e-01	5.00000e-02	1.72300e-01	5.00000e-02	nan	nan
-1.01448e+00	5.00000e-02	3.00670e-01	5.00000e-02	nan	nan
-7.40084e-01	5.00000e-02	2.84760e-01	5.00000e-02	nan	nan
-9.08324e-01	5.00000e-02	3.08030e-01	5.00000e-02	nan	nan
-6.47823e-01	5.00000e-02	2.75822e-01	5.00000e-02	nan	nan
-2.77711e+00	5.00000e-02	3.98424e-01	5.00000e-02	nan	nan
-5.27798e-01	5.00000e-02	3.01951e-01	5.00000e-02	nan	nan
-4.33064e-01	5.00000e-02	2.49838e-01	5.00000e-02	nan	nan
-1.50811e+00	5.00000e-02	2.53186e-01	5.00000e-02	nan	nan
-1.81627e+00	5.00000e-02	2.76606e-01	5.00000e-02	nan	nan
-1.24328e+00	5.00000e-02	3.18403e-01	5.00000e-02	nan	nan
-1.00506e+00	5.00000e-02	3.54720e-01	5.00000e-02	nan	nan
-1.01581e+00	5.00000e-02	2.42658e-01	5.00000e-02	nan	nan
-1.18479e+00	5.00000e-02	2.34477e-01	5.00000e-02	nan	nan
-5.21990e-01	5.00000e-02	2.87617e-01	5.00000e-02	nan	nan
-9.03467e-01	5.00000e-02	2.14208e-01	5.00000e-02	nan	nan
-4.91668e-01	5.00000e-02	2.33053e-01	5.00000e-02	nan	nan
-1.04807e+00	5.00000e-02	2.09371e-01	5.00000e-02	nan	nan
-1.41904e+00	5.00000e-02	3.28512e-01	5.00000e-02	nan	nan
-4.37943e-01	5.00000e-02	1.13259e-01	5.00000e-02	nan	nan
-2.69489e-01	5.00000e-02	1.09706e-01	5.00000e-02	nan	nan
-1.03756e+00	5.00000e-02	2.04007e-01	5.00000e-02	nan	nan
-8.34386e-01	5.00000e-02	3.61405e-01	5.00000e-02	nan	nan
-1.00654e+00	5.00000e-02	3.15563e-01	5.00000e-02	nan	nan
-1.44751e+00	5.00000e-02	3.62270e-01	5.00000e-02	nan	nan
-1.05072e+00	5.00000e-02	2.09653e-01	5.00000e-02	nan	nan
-9.65451e-01	5.00000e-02	2.32816e-01	5.00000e-02	nan	nan
-8.70571e-01	5.00000e-02	3.14265e-01	5.00000e-02	nan	nan
-1.04992e+00	5.00000e-02	2.89512e-01	5.00000e-02	nan	nan
-9.61081e-01	5.00000e-02	3.39951e-01	5.00000e-02	nan	nan
-8.93531e-01	5.00000e-02	2.65487e-01	5.00000e-02	nan	nan
-8.66647e-01	5.00000e-02	3.43641e-01	5.00000e-02	nan	nan
-1.64426e+00	5.00000e-02	2.77207e-01	5.00000e-02	nan	nan
-5.05775e-01	5.00000e-02	2.39413e-01	5.00000e-02	nan	nan
-1.16922e+00	5.00000e-02	2.61939e-01	5.00000e-02	nan	nan
-8.46801e-01	5.00000e-02	3.12694e-01	5.00000e-02	nan	nan
-1.16705e+00	5.00000e-02	2.86486e-01	5.00000e-02	nan	nan
-1.89507e+00	5.00000e-02	4.33576e-01	5.00000e-02	nan	nan
-9.18566e-01	5.00000e-02	2.99774e-01	5.00000e-02	nan	nan
-1.22736e+00	5.00000e-02	2.95919e-01	5.00000e-02	nan	nan
-9.68941e-01	5.00000e-02	2.65815e-01	5.00000e-02	nan	nan
-1.24404e+00	5.00000e-02	2.35772e-01	5.00000e-02	nan	nan
-1.43556e+00	5.00000e-02	2.27526e-01	5.00000e-02	nan	nan
-1.22582e+00	5.00000e-02	2.60771e-01	5.00000e-02	nan	nan
-7.25810e-01	5.00000e-02	2.74815e-01	5.00000e-02	nan	nan
-6.01995e-01	5.00000e-02	2.74207e-01	5.00000e-02	nan	nan
-5.03095e-01	5.00000e-02	1.79438e-01	5.00000e-02	nan	nan
-1.25213e+00	5.00000e-02	1.90380e-01	5.00000e-02	nan	nan
-8.12243e-01	5.00000e-02	3.42070e-01	5.00000e-02	nan	nan
-1.50913e+00	5.00000e-02	2.87474e-01	5.00000e-02	nan	nan
-9.34972e-01	5.00000e-02	2.99183e-01	5.00000e-02	nan	nan
-1.08719e+00	5.00000e-02	2.32390e-01	5.00000e-02	nan	nan
-6.77143e-01	5.00000e-02	2.54203e-01	5.00000e-02	nan	nan
-1.39182e+00	5.00000e-02	2.20979e-01	5.00000e-02	nan	nan
-7.32960e-01	5.00000e-02	3.57812e-01	5.00000e-02	nan	nan
-1.69065e+00	5.00000e-02	1.86347e-01	5.00000e-02	nan	nan
-6.85745e-01	5.00000e-02	3.74075e-01	5.00000e-02	nan	nan
-1.08741e+00	5.00000e-02	2.04577e-01	5.00000e-02	nan	nan
-1.50332e+00	5.00000e-02	2.03568e-01	5.00000e-02	nan	nan
-1.26092e+00	5.00000e-02	3.16020e-01	5.00000e-02	nan	nan
-9.12801e-01	5.00000e-02	2.91482e-01	5.00000e-02	nan	nan
-1.18243e+00	5.00000e-02	3.66102e-01	5.00000e-02	nan	nan
-1.41037e+00	5.00000e-02	1.64021e-01	5.00000e-02	nan	nan
-1.37509e+00	5.00000e-02	3.12023e-01	5.00000e-02	nan	nan
-8.84395e-01	5.00000e-02	3.46227e-01	5.00000e-02	nan	nan
-9.55095e-01	5.00000e-02	2.89602e-01	5.00000e-02	nan	nan
-1.86572e+00	5.00000e-02	3.57674e-01	5.00000e-02	nan	nan
-7.05063e-01	5.00000e-02	3.60575e-01	5.00000e-02	nan	nan
-1.63528e+00	5.00000e-02	3.02179e-01	5.00000e-02	nan	nan
-1.43653e+00	5.00000e-02	3.00617e-01	5.00000e-02	nan	nan
-2.21123e+00	5.00000e-02	4.76947e-01	5.00000e-02	nan	nan
-1.00805e+00	5.00000e-02	2.04637e-01	5.00000e-02	nan	nan
-6.65275e-01	5.00000e-02	2.55232e-01	5.00000e-02	nan	nan
-4.64705e-01	5.00000e-02	2.87102e-01	5.00000e-02	nan	nan
-1.03715e+00	5.00000e-02	1.26411e-01	5.00000e-02	nan	nan
-1.68646e+00	5.00000e-02	3.08151e-01	5.00000e-02	nan	nan
-1.10993e+00	5.00000e-02	2.65128e-01	5.00000e-02	nan	nan
-1.22827e+00	5.00000e-02	1.97093e-01	5.00000e-02	nan	nan
-1.22140e+00	5.00000e-02	2.18143e-01	5.00000e-02	nan	nan
-1.40960e+00	5.00000e-02	2.47269e-01	5.00000e-02	nan	nan
-5.63636e-01	5.00000e-02	1.53444e-01	5.00000e-02	nan	nan
-1.11707e+00	5.00000e-02	2.83131e-01	5.00000e-02	nan	nan
-2.55357e+00	5.00000e-02	4.25681e-01	5.00000e-02	nan	nan
-1.06396e+00	5.00000e-02	2.85434e-01	5.00000e-02	nan	nan
-8.58813e-01	5.00000e-02	3.47433e-01	5.00000e-02	nan	nan
-8.20581e-01	5.00000e-02	4.19090e-01	5.00000e-02	nan	nan
-8.29583e-01	5.00000e-02	3.31874e-01	5.00000e-02	nan	nan
-8.88399e-01	5.00000e-02	2.97119e-01	5.00000e-02	nan	nan
-1.46351e+00	5.00000e-02	1.63584e-01	5.00000e-02	nan	nan
-1.21247e+00	5.00000e-02	2.05728e-01	5.00000e-02	nan	nan
-1.11094e+00	5.00000e-02	3.40301e-01	5.00000e-02	nan	nan
-1.58151e+00	5.00000e-02	3.02796e-01	5.00000e-02	nan	nan
-1.15710e+00	5.00000e-02	2.30392e-01	5.00000e-02	nan	nan
-1.77856e+00	5.00000e-02	1.62981e-01	5.00000e-02	nan	nan
-1.72634e+00	5.00000e-02	3.73292e-01	5.00000e-02	nan	nan
-6.57638e-01	5.00000e-02	3.91833e-01	5.00000e-02	nan	nan
-1.53467e+00	5.00000e-02	2.26274e-01	5.00000e-02	nan	nan
-1.14981e+00	5.00000e-02	2.80799e-01	5.00000e-02	nan	nan
-9.69839e-01	5.00000e-02	3.53295e-01	5.00000e-02	nan	nan
-5.18465e-01	5.00000e-02	2.67180e-01	5.00000e-02	nan	nan
-1.28450e+00	5.00000e-02	2.92482e-01	5.00000e-02	nan	nan
-1.41370e+00	5.00000e-02	2.33446e-01	5.00000e-02	nan	nan
-7.31281e-01	5.00000e-02	3.43781e-01	5.00000e-02	nan	nan
-1.22980e+00	5.00000e-02	1.80717e-01	5.00000e-02	nan	nan
-1.30734e+00	5.00000e-02	1.78602e-01	5.00000e-02	nan	nan
-1.43798e+00	5.00000e-02	2.95906e-01	5.00000e-02	nan	nan
-1.18762e+00	5.00000e-02	2.53039e-01	5.00000e-02	nan	nan
-1.36982e+00	5.00000e-02	2.44140e-01	5.00000e-02	nan	nan
-1.10652e+00	5.00000e-02	2.23211e-01	5.00000e-02	nan	nan
-1.22409e+00	5.00000e-02	2.32208e-01	5.00000e-02	nan	nan
-9.79644e-01	5.00000e-02	2.60613e-01	5.00000e-02	nan	nan
-1.05619e+00	5.00000e-02	2.13056e-01	5.00000e-02	nan	nan
-8.81285e-01	5.00000e-02	3.49461e-01	5.00000e-02	nan	nan
-1.29387e+00	5.00000e-02	2.12290e-01	5.00000e-02	nan	nan
-1.27361e+00	5.00000e-02	2.34748e-01	5.00000e-02	nan	nan
-3.62158e-01	5.00000e-02	1.86616e-01	5.00000e-02	nan	nan
-1.38746e+00	5.00000e-02	2.50574e-01	5.00000e-02	nan	nan
-8.62740e-01	5.00000e-02	2.75841e-01	5.00000e-02	nan	nan
-8.57908e-01	5.00000e-02	2.90782e-01	5.00000e-02	nan	nan
-9.48664e-01	5.00000e-02	3.59991e-01	5.00000e-02	nan	nan
-1.68048e+00	5.00000e-02	2.96252e-01	5.00000e-02	nan	nan
-2.48973e+00	5.00000e-02	4.47518e-01	5.00000e-02	nan	nan
-8.02502e-01	5.00000e-02	2.96221e-01	5.00000e-02	nan	nan
-1.71374e+00	5.00000e-02	3.01458e-01	5.00000e-02	nan	nan
-1.31534e+00	5.00000e-02	2.23039e-01	5.00000e-02	nan	nan
-3.76675e-01	5.00000e-02	1.89962e-01	5.00000e-02	nan	nan
-4.44507e-01	5.00000e-02	2.10902e-01	5.00000e-02	nan	nan
-4.66793e-01	5.00000e-02	3.01369e-01	5.00000e-02	nan	nan
-9.39764e-01	5.00000e-02	3.52169e-01	5.00000e-02	nan	nan
-1.03403e+00	5.00000e-02	1.74232e-01	5.00000e-02	nan	nan
-1.12300e+00	5.00000e-02	1.87477e-01	5.00000e-02	nan	nan
-1.25673e+00	5.00000e-02	2.02706e-01	5.00000e-02	nan	nan
-4.24448e-01	5.00000e-02	1.71696e-01	5.00000e-02	nan	nan
-7.84013e-01	5.00000e-02	3.30896e-01	5.00000e-02	nan	nan
-4.67945e-01	5.00000e-02	1.82403e-01	5.00000e-02	nan	nan
-1.16586e+00	5.00000e-02	2.76821e-01	5.00000e-02	nan	nan
-9.64316e-01	5.00000e-02	2.71568e-01	5.00000e-02	nan	nan
-9.02553e-01	5.00000e-02	3.44837e-01	5.00000e-02	nan	nan
-1.11125e+00	5.00000e-02	2.60362e-01	5.00000e-02	nan	nan
-9.48529e-01	5.00000e-02	2.73179e-01	5.00000e-02	nan	nan
-1.45486e+00	5.00000e-02	3.09642e-01	5.00000e-02	nan	nan
-1.21701e+00	5.00000e-02	2.88678e-01	5.00000e-02	nan	nan
-1.66982e+00	5.00000e-02	4.25738e-01	5.00000e-02	nan	nan
-9.18248e-01	5.00000e-02	2.68735e-01	5.00000e-02	nan	nan
-1.31322e+00	5.00000e-02	2.31561e-01	5.00000e-02	nan	nan
-1.19130e+00	5.00000e-02	2.51079e-01	5.00000e-02	nan	nan
-1.12776e+00	5.00000e-02	2.68767e-01	5.00000e-02	nan	nan
-1.79888e+00	5.00000e-02	3.74402e-01	5.00000e-02	nan	nan
-5.67299e-01	5.00000e-02	2.62278e-01	5.00000e-02	nan	nan
-8.93444e-01	5.00000e-02	3.98088e-01	5.00000e-02	nan	nan
-1.31519e+00	5.00000e-02	1.89144e-01	5.00000e-02	nan	nan
-6.75641e-01	5.00000e-02	2.85961e-01	5.00000e-02	nan	nan
-8.78795e-01	5.00000e-02	3.67289e-01	5.00000e-02	nan	nan
-3.73800e-01	5.00000e-02	1.74340e-01	5.00000e-02	nan	nan
-1.07018e+00	5.00000e-02	2.79295e-01	5.00000e-02	nan	nan
-1.64673e+00	5.00000e-02	2.97660e-01	5.00000e-02	nan	nan
-1.64214e+00	5.00000e-02	2.85831e-01	5.00000e-02	nan	nan
-7.73660e-01	5.00000e-02	2.49109e-01	5.00000e-02	nan	nan
-9.33084e-01	5.00000e-02	2.41577e-01	5.00000e-02	nan	nan
-1.43680e+00	5.00000e-02	3.18330e-01	5.00000e-02	nan	nan
-9.88822e-01	5.00000e-02	2.20161e-01	5.00000e-02	nan	nan
-1.04056e+00	5.00000e-02	3.16619e-01	5.00000e-02	nan	nan
-6.57731e-01	5.00000e-02	4.37734e-01	5.00000e-02	nan	nan
-1.83808e+00	5.00000e-02	3.23678e-01	5.00000e-02	nan	nan
-1.70343e+00	5.00000e-02	3.65565e-01	5.00000e-02	nan	nan
-1.14872e+00	5.00000e-02	2.26979e-01	5.00000e-02	nan	nan
-1.54153e+00	5.00000e-02	2.98432e-01	5.00000e-02	nan	nan
-3.56064e-01	5.00000e-02	1.43740e-01	5.00000e-02	nan	nan
-1.38669e+00	5.00000e-02	3.44130e-01	5.00000e-02	nan	nan
-8.96646e-01	5.00000e-02	2.59484e-01	5.00000e-02	nan	nan
-1.04533e+00	5.00000e-02	2.60685e-01	5.00000e-02	nan	nan
-7.86873e-01	5.00000e-02	3.64377e-01	5.00000e-02	nan	nan
-1.93856e+00	5.00000e-02	3.33879e-01	5.00000e-02	nan	nan
-1.20533e+00	5.00000e-02	1.35758e-01	5.00000e-02	nan	nan
-1.07956e+00	5.00000e-02	3.25583e-01	5.00000e-02	nan	nan
-1.65231e+00	5.00000e-02	2.71011e-01	5.00000e-02	nan	nan
-9.80191e-01	5.00000e-02	2.86577e-01	5.00000e-02	nan	nan
-9.90391e-01	5.00000e-02	4.37149e-01	5.00000e-02	nan	nan
-7.45840e-01	5.00000e-02	5.02335e-01	5.00000e-02	nan	nan
-1.12192e+00	5.00000e-02	3.12028e-01	5.00000e-02	nan	nan
-1.29301e+00	5.00000e-02	1.74059e-01	5.00000e-02	nan	nan
-1.29594e+00	5.00000e-02	2.08845e-01	5.00000e-02	nan	nan
-1.32540e+00	5.00000e-02	2.29045e-01	5.00000e-02	nan	nan
-5.07930e-01	5.00000e-02	3.36057e-01	5.00000e-02	nan	nan
-7.16472e-01	5.00000e-02	3.78471e-01	5.00000e-02	nan	nan
-1.19262e+00	5.00000e-02	2.07889e-01	5.00000e-02	nan	nan
-1.09080e+00	5.00000e-02	2.77803e-01	5.00000e-02	nan	nan
-1.69877e+00	5.00000e-02	1.93456e-01	5.00000e-02	nan	nan
-9.22239e-01	5.00000e-02	3.56852e-01	5.00000e-02	nan	nan
-7.73929e-01	5.00000e-02	3.09696e-01	5.00000e-02	nan	nan
-1.40790e+00	5.00000e-02	3.19655e-01	5.00000e-02	nan	nan
-1.02469e+00	5.00000e-02	2.07324e-01	5.00000e-02	nan	nan
-8.71548e-01	5.00000e-02	2.90052e-01	5.00000e-02	nan	nan
-1.13733e+00	5.00000e-02	3.29200e-01	5.00000e-02	nan	nan
-1.05483e+00	5.00000e-02	2.38881e-01	5.00000e-02	nan	nan
-1.47041e+00	5.00000e-02	3.81942e-01	5.00000e-02	nan	nan
-7.35799e-01	5.00000e-02	3.16329e-01	5.00000e-02	nan	nan
-1.68053e+00	5.00000e-02	3.67580e-01	5.00000e-02	nan	nan
-1.06947e+00	5.00000e-02	2.43466e-01	5.00000e-02	nan	nan
-1.28760e+00	5.00000e-02	2.65918e-01	5.00000e-02	nan	nan
-1.58476e+00	5.00000e-02	2.30017e-01	5.00000e-02	nan	nan
-6.54974e-01	5.00000e-02	3.27210e-01	5.00000e-02	nan	nan
-1.40943e+00	5.00000e-02	2.64621e-01	5.00000e-02	nan	nan
-9.96208e-01	5.00000e-02	2.51269e-01	5.00000e-02	nan	nan
-9.76624e-01	5.00000e-02	2.20794e-01	5.00000e-02	nan	nan
-1.27759e+00	5.00000e-02	2.08503e-01	5.00000e-02	nan	nan
-1.17414e+00	5.00000e-02	2.83703e-01	5.00000e-02	nan	nan
-1.02235e+00	5.00000e-02	2.70553e-01	5.00000e-02	nan	nan
-1.12605e+00	5.00000e-02	3.22412e-01	5.00000e-02	nan	nan
-1.21337e+00	5.00000e-02	2.72541e-01	5.00000e-02	nan	nan
-1.38813e+00	5.00000e-02	2.23065e-01	5.00000e-02	nan	nan
-7.37890e-01	5.00000e-02	2.44334e-01	5.00000e-02	nan	nan
-1.02177e+00	5.00000e-02	2.72635e-01	5.00000e-02	nan	nan
-8.48563e-01	5.00000e-02	3.60815e-01	5.00000e-02	nan	nan
-1.00036e+00	5.00000e-02	2.64608e-01	5.00000e-02	nan	nan
-1.24708e+00	5.00000e-02	2.44392e-01	5.00000e-02	nan	nan
-1.14234e+00	5.00000e-02	3.35996e-01	5.00000e-02	nan	nan
-8.39131e-01	5.00000e-02	3.46190e-01	5.00000e-02	nan	nan
-7.77772e-01	5.00000e-02	3.91124e-01	5.00000e-02	nan	nan
-4.83850e-01	5.00000e-02	1.94297e-01	5.00000e-02	nan	nan
-1.41626e+00	5.00000e-02	2.74964e-01	5.00000e-02	nan	nan
-1.27019e+00	5.00000e-02	1.66452e-01	5.00000e-02	nan	nan
-1.59651e+00	5.00000e-02	2.78770e-01	5.00000e-02	nan	nan
-4.42204e-01	5.00000e-02	1.45275e-01	5.00000e-02	nan	nan
-1.02714e+00	5.00000e-02	2.07595e-01	5.00000e-02	nan	nan
-9.15792e-01	5.00000e-02	3.77777e-01	5.00000e-02	nan	nan
-1.13917e+00	5.00000e-02	3.05699e-01	5.00000e-02	nan	nan
-1.34899e+00	5.00000e-02	2.57478e-01	5.00000e-02	nan	nan
-1.27009e+00	5.00000e-02	3.16290e-01	5.00000e-02	nan	nan
-1.23856e+00	5.00000e-02	3.00878e-01	5.00000e-02	nan	nan
-9.85032e-01	5.00000e-02	2.43610e-01	5.00000e-02	nan	nan
-6.83626e-01	5.00000e-02	3.36126e-01	5.00000e-02	nan	nan
-7.04553e-01	5.00000e-02	2.27348e-01	5.00000e-02	nan	nan
-1.15595e+00	5.00000e-02	2.39802e-01	5.00000e-02	nan	nan
-1.48383e+00	5.00000e-02	2.30519e-01	5.00000e-02	nan	nan
-8.19427e-01	5.00000e-02	2.31815e-01	5.00000e-02	nan	nan
-1.14813e+00	5.00000e-02	2.48615e-01	5.00000e-02	nan	nan
-1.49331e+00	5.00000e-02	3.52311e-01	5.00000e-02	nan	nan
-8.45572e-01	5.00000e-02	2.88739e-01	5.00000e-02	nan	nan
-1.66900e+00	5.00000e-02	2.05648e-01	5.00000e-02	nan	nan
-1.59285e+00	5.00000e-02	3.28990e-01	5.00000e-02	nan	nan
-2.22608e+00	5.00000e-02	4.72083e-01	5.00000e-02	nan	nan
-1.43504e+00	5.00000e-02	2.48209e-01	5.00000e-02	nan	nan
-1.12896e+00	5.00000e-02	1.70189e-01	5.00000e-02	nan	nan
-1.50977e+00	5.00000e-02	2.72822e-01	5.00000e-02	nan	nan
-1.77220e+00	5.00000e-02	2.59732e-01	5.00000e-02	nan	nan
-1.05195e+00	5.00000e-02	2.38249e-01	5.00000e-02	nan	nan
-6.74879e-01	5.00000e-02	2.46695e-01	5.00000e-02	nan	nan
-2.36808e+00	5.00000e-02	4.84620e-01	5.00000e-02	nan	nan
-1.44141e+00	5.00000e-02	2.05224e-01	5.00000e-02	nan	nan
-5.98532e-01	5.00000e-02	3.04044e-01	5.00000e-02	nan	nan
-9.87432e-01	5.00000e-02	3.90231e-01	5.00000e-02	nan	nan
-7.68946e-01	5.00000e-02	2.74582e-01	5.00000e-02	nan	nan
-4.64416e-01	5.00000e-02	3.26764e-01	5.00000e-02	nan	nan
-1.40790e+00	5.00000e-02	2.00368e-01	5.00000e-02	nan	nan
-9.31372e-01	5.00000e-02	3.07237e-01	5.00000e-02	nan	nan
-1.38031e+00	5.00000e-02	3.67270e-01	5.00000e-02	nan	nan
-5.96718e-01	5.00000e-02	2.83823e-01	5.00000e-02	nan	nan
-4.22671e-01	5.00000e-02	2.59009e-01	5.00000e-02	nan	nan
-1.53745e+00	5.00000e-02	3.01578e-01	5.00000e-02	nan	nan
-6.64024e-01	5.00000e-02	4.13887e-01	5.00000e-02	nan	nan
-1.93337e+00	5.00000e-02	3.17499e-01	5.00000e-02	nan	nan
-8.99759e-01	5.00000e-02	2.01580e-01	5.00000e-02	nan	nan
-1.02325e+00	5.00000e-02	1.93454e-01	5.00000e-02	nan	nan
-9.38880e-01	5.00000e-02	2.68718e-01	5.00000e-02	nan	nan
-7.53346e-01	5.00000e-02	3.09464e-01	5.00000e-02	nan	nan
-6.83449e-01	5.00000e-02	3.46354e-01	5.00000e-02	nan	nan
-1.04846e+00	5.00000e-02	1.84956e-01	5.00000e-02	nan	nan
-1.76396e+00	5.00000e-02	3.38605e-01	5.00000e-02	nan	nan
-5.92307e-01	5.00000e-02	1.83952e-01	5.00000e-02	nan	nan
-1.85774e+00	5.00000e-02	4.08833e-01	5.00000e-02	nan	nan
-6.65677e-01	5.00000e-02	1.95262e-01	5.00000e-02	nan	nan
-1.66958e+00	5.00000e-02	3.20702e-01	5.00000e-02	nan	nan
-6.67724e-01	5.00000e-02	1.99786e-01	5.00000e-02	nan	nan
-9.10540e-01	5.00000e-02	3.65029e-01	5.00000e-02	nan	nan
-1.27494e+00	5.00000e-02	1.90682e-01	5.00000e-02	nan	nan
-7.21713e-01	5.00000e-02	3.58669e-01	5.00000e-02	nan	nan
-1.58836e+00	5.00000e-02	2.89897e-01	5.00000e-02	nan	nan
-1.48691e+00	5.00000e-02	2.93215e-01	5.00000e-02	nan	nan
-1.19926e+00	5.00000e-02	2.76260e-01	5.00000e-02	nan	nan
-1.12649e+00	5.00000e-02	2.52418e-01	5.00000e-02	nan	nan
-1.45028e+00	5.00000e-02	3.14120e-01	5.00000e-02	nan	nan
-5.53874e-01	5.00000e-02	2.02749e-01	5.00000e-02	nan	nan
-1.12188e+00	5.00000e-02	1.88025e-01	5.00000e-02	nan	nan
-4.84815e-01	5.00000e-02	2.87052e-01	5.00000e-02	nan	nan
-1.27069e+00	5.00000e-02	2.11243e-01	5.00000e-02	nan	nan
-9.92824e-01	5.00000e-02	3.19080e-01	5.00000e-02	nan	nan
-8.09106e-01	5.00000e-02	3.28752e-01	5.00000e-02	nan	nan
-4.06116e-01	5.00000e-02	1.72168e-01	5.00000e-02	nan	nan
-1.01312e+00	5.00000e-02	1.55680e-01	5.00000e-02	nan	nan
-1.11503e+00	5.00000e-02	2.46256e-01	5.00000e-02	nan	nan
-5.22864e-01	5.00000e-02	2.52785e-01	5.00000e-02	nan	nan
-1.15090e+00	5.00000e-02	2.66353e-01	5.00000e-02	nan	nan
-1.12732e+00	5.00000e-02	3.39025e-01	5.00000e-02	nan	nan
-5.90300e-01	5.00000e-02	1.91370e-01	5.00000e-02	nan	nan
-1.01238e+00	5.00000e-02	2.52763e-01	5.00000e-02	nan	nan
-1.61824e+00	5.00000e-02	3.64481e-01	5.00000e-02	nan	nan
-5.51022e-01	5.00000e-02	2.85717e-01	5.00000e-02	nan	nan
-1.04915e+00	5.00000e-02	3.10665e-01	5.00000e-02	nan	nan
-1.17917e+00	5.00000e-02	1.79158e-01	5.00000e-02	nan	nan
-6.08486e-01	5.00000e-02	3.81179e-01	5.00000e-02	nan	nan
-2.23276e+00	5.00000e-02	4.33967e-01	5.00000e-02	nan	nan
-4.22503e-01	5.00000e-02	3.06112e-01	5.00000e-02	nan	nan
-1.72454e+00	5.00000e-02	3.41158e-01	5.00000e-02	nan	nan
-1.74400e+00	5.00000e-02	2.86117e-01	5.00000e-02	nan	nan
-5.36523e-01	5.00000e-02	2.34565e-01	5.00000e-02	nan	nan
-1.04398e+00	5.00000e-02	2.94564e-01	5.00000e-02	nan	nan
-1.39150e+00	5.00000e-02	2.43369e-01	5.00000e-02	nan	nan
-3.11500e-01	5.00000e-02	1.96066e-01	5.00000e-02	nan	nan
-1.15291e+00	5.00000e-02	2.42411e-01	5.00000e-02	nan	nan
-5.48163e-01	5.00000e-02	3.28160e-01	5.00000e-02	nan	nan
-1.11990e+00	5.00000e-02	2.28851e-01	5.00000e-02	nan	nan
-1.21938e+00	5.00000e-02	1.94878e-01	5.00000e-02	nan	nan
-9.75658e-01	5.00000e-02	2.61456e-01	5.00000e-02	nan	nan
-6.52421e-01	5.00000e-02	3.48966e-01	5.00000e-02	nan	nan
-4.08811e-01	5.00000e-02	1.72196e-01	5.00000e-02	nan	nan
-8.87321e-01	5.00000e-02	3.92295e-01	5.00000e-02	nan	nan
-1.13473e+00	5.00000e-02	2.08335e-01	5.00000e-02	nan	nan
-6.70415e-01	5.00000e-02	4.00702e-01	5.00000e-02	nan	nan
-5.53427e-01	5.00000e-02	2.56191e-01	5.00000e-02	nan	nan
-1.06228e+00	5.00000e-02	2.65534e-01	5.00000e-02	nan	nan
-8.94498e-01	5.00000e-02	2.76341e-01	5.00000e-02	nan	nan
-7.00784e-01	5.00000e-02	3.00842e-01	5.00000e-02	nan	nan
-8.69999e-01	5.00000e-02	3.33427e-01	5.00000e-02	nan	nan
-9.26964e-01	5.00000e-02	2.60698e-01	5.00000e-02	nan	nan
-1.16866e+00	5.00000e-02	2.34595e-01	5.00000e-02	nan	nan
-9.51329e-01	5.00000e-02	3.38070e-01	5.00000e-02	nan	nan
-1.41615e+00	5.00000e-02	2.65636e-01	5.00000e-02	nan	nan
-1.79380e+00	5.00000e-02	1.99132e-01	5.00000e-02	nan	nan
-1.29977e+00	5.00000e-02	2.70328e-01	5.00000e-02	nan	nan
-1.07439e+00	5.00000e-02	1.43109e-01	5.00000e-02	nan	nan
-1.26986e+00	5.00000e-02	2.42177e-01	5.00000e-02	nan	nan
-8.08336e-01	5.00000e-02	4.05841e-01	5.00000e-02	nan	nan
-1.21140e+00	5.00000e-02	2.81600e-01	5.00000e-02	nan	nan
-9.65377e-01	5.00000e-02	2.27892e-01	5.00000e-02	nan	nan
-1.21069e+00	5.00000e-02	2.95589e-01	5.00000e-02	nan	nan
-1.75602e+00	5.00000e-02	2.36449e-01	5.00000e-02	nan	nan
-8.11656e-01	5.00000e-02	2.80102e-01	5.00000e-02	nan	nan
-1.36795e+00	5.00000e-02	2.64093e-01	5.00000e-02	nan	nan
-1.03142e+00	5.00000e-02	2.47083e-01	5.00000e-02	nan	nan
-8.99989e-01	5.00000e-02	2.14386e-01	5.00000e-02	nan	nan
-8.95436e-01	5.00000e-02	4.06798e-01	5.00000e-02	nan	nan
-1.17594e+00	5.00000e-02	3.39387e-01	5.00000e-02	nan	nan
-1.31251e+00	5.00000e-02	1.82978e-01	5.00000e-02	nan	nan
-6.11812e-01	5.00000e-02	2.19804e-01	5.00000e-02	nan	nan
-9.29629e-01	5.00000e-02	3.71482e-01	5.00000e-02	nan	nan
-1.35280e+00	5.00000e-02	3.21731e-01	5.00000e-02	nan	nan
-8.45858e-01	5.00000e-02	3.06460e-01	5.00000e-02	nan	nan
-1.04448e+00	5.00000e-02	2.61384e-01	5.00000e-02	nan	nan
-1.18266e+00	5.00000e-02	2.61546e-01	5.00000e-02	nan	nan
-1.63087e+00	5.00000e-02	3.58553e-01	5.00000e-02	nan	nan
-1.36529e+00	5.00000e-02	2.52228e-01	5.00000e-02	nan	nan
-1.68598e+00	5.00000e-02	4.29556e-01	5.00000e-02	nan	nan
-8.59507e-01	5.00000e-02	3.03176e-01	5.00000e-02	nan	nan
-7.27030e-01	5.00000e-02	2.79700e-01	5.00000e-02	nan	nan
-1.19373e+00	5.00000e-02	2.64856e-01	5.00000e-02	nan	nan
-1.90066e+00	5.00000e-02	2.91731e-01	5.00000e-02	nan	nan
-1.57305e+00	5.00000e-02	2.56825e-01	5.00000e-02	nan	nan
-4.98578e-01	5.00000e-02	2.20198e-01	5.00000e-02	nan	nan
-6.85812e-01	5.00000e-02	3.37433e-01	5.00000e-02	nan	nan
-1.16002e+00	5.00000e-02	2.67089e-01	5.00000e-02	nan	nan
-1.63470e+00	5.00000e-02	2.57599e-01	5.00000e-02	nan	nan
-1.17771e+00	5.00000e-02	2.78456e-01	5.00000e-02	nan	nan
-1.04709e+00	5.00000e-02	1.79662e-01	5.00000e-02	nan	nan
-2.23175e+00	5.00000e-02	2.73207e-01	5.00000e-02	nan	nan
-8.23902e-01	5.00000e-02	3.37767e-01	5.00000e-02	nan	nan
-9.92826e-01	5.00000e-02	3.27017e-01	5.00000e-02	nan	nan
-9.95866e-01	5.00000e-02	3.24135e-01	5.00000e-02	nan	nan
-7.40694e-01	5.00000e-02	2.95942e-01	5.00000e-02	nan	nan
-7.74372e-01	5.00000e-02	3.49578e-01	5.00000e-02	nan	nan
-1.31174e+00	5.00000e-02	2.51849e-01	5.00000e-02	nan	nan
-1.83585e+00	5.00000e-02	3.09033e-01	5.00000e-02	nan	nan
-1.19446e+00	5.00000e-02	2.41695e-01	5.00000e-02	nan	nan
-5.78211e-01	5.00000e-02	2.84374e-01	5.00000e-02	nan	nan
-8.20760e-01	5.00000e-02	3.59140e-01	5.00000e-02	nan	nan
-1.37141e+00	5.00000e-02	2.88080e-01	5.00000e-02	nan	nan
-7.45536e-01	5.00000e-02	3.08533e-01	5.00000e-02	nan	nan
-9.92154e-01	5.00000e-02	2.78267e-01	5.00000e-02	nan	nan
-1.35642e+00	5.00000e-02	2.97882e-01	5.00000e-02	nan	nan
-7.49567e-01	5.00000e-02	3.41272e-01	5.00000e-02	nan	nan
-1.31425e+00	5.00000e-02	2.45089e-01	5.00000e-02	nan	nan
-1.27544e+00	5.00000e-02	3.17859e-01	5.00000e-02	nan	nan
-1.42991e+00	5.00000e-02	2.13536e-01	5.00000e-02	nan	nan
-9.68695e-01	5.00000e-02	3.28482e-01	5.00000e-02	nan	nan
-1.06769e+00	5.00000e-02	2.89180e-01	5.00000e-02	nan	nan
-9.39618e-01	5.00000e-02	2.64569e-01	5.00000e-02	nan	nan
-2.32699e+00	5.00000e-02	3.35044e-01	5.00000e-02	nan	nan
-1.16335e+00	5.00000e-02	2.82346e-01	5.00000e-02	nan	nan
-1.93306e+00	5.00000e-02	3.98892e-01	5.00000e-02	nan	nan
-1.24956e+00	5.00000e-02	2.59097e-01	5.00000e-02	nan	nan
-1.82390e+00	5.00000e-02	2.78285e-01	5.00000e-02	nan	nan
-9.89477e-01	5.00000e-02	2.46182e-01	5.00000e-02	nan	nan
-5.53491e-01	5.00000e-02	2.82124e-01	5.00000e-02	nan	nan
-6.10368e-01	5.00000e-02	3.11604e-01	5.00000e-02	nan	nan
-1.01122e+00	5.00000e-02	2.53782e-01	5.00000e-02	nan	nan
-1.12151e+00	5.00000e-02	2.65041e-01	5.00000e-02	nan	nan
-2.69236e+00	5.00000e-02	4.32286e-01	5.00000e-02	nan	nan
-9.05218e-01	5.00000e-02	3.72720e-01	5.00000e-02	nan	nan
-1.13270e+00	5.00000e-02	1.67407e-01	5.00000e-02	nan	nan
-1.22008e+00	5.00000e-02	2.33250e-01	5.00000e-02	nan	nan
-9.80301e-01	5.00000e-02	3.24932e-01	5.00000e-02	nan	nan
-1.61300e+00	5.00000e-02	2.72178e-01	5.00000e-02	nan	nan
-1.00419e+00	5.00000e-02	2.98540e-01	5.00000e-02	nan	nan
-1.13171e+00	5.00000e-02	2.25012e-01	5.00000e-02	nan	nan
-1.21374e+00	5.00000e-02	2.68491e-01	5.00000e-02	nan	nan
-7.43989e-01	5.00000e-02	2.19574e-01	5.00000e-02	nan	nan
-7.99063e-01	5.00000e-02	2.90920e-01	5.00000e-02	nan	nan
-1.48991e+00	5.00000e-02	1.90635e-01	5.00000e-02	nan	nan
-7.03154e-01	5.00000e-02	2.81285e-01	5.00000e-02	nan	nan
-2.67020e+00	5.00000e-02	4.33689e-01	5.00000e-02	nan	nan
-1.34716e+00	5.00000e-02	2.46865e-01	5.00000e-02	nan	nan
-1.58450e+00	5.00000e-02	3.12208e-01	5.00000e-02	nan	nan
-1.24076e+00	5.00000e-02	3.04804e-01	5.00000e-02	nan	nan
-1.53663e+00	5.00000e-02	2.83414e-01	5.00000e-02	nan	nan
-1.31373e+00	5.00000e-02	2.84632e-01	5.00000e-02	nan	nan
-1.09386e+00	5.00000e-02	2.83173e-01	5.00000e-02	nan	nan
-9.91744e-01	5.00000e-02	3.17313e-01	5.00000e-02	nan	nan
-1.29096e+00	5.00000e-02	2.49947e-01	5.00000e-02	nan	nan
-1.80530e+00	5.00000e-02	4.02385e-01	5.00000e-02	nan	nan
-1.03431e+00	5.00000e-02	3.15744e-01	5.00000e-02	nan	nan
-9.61342e-01	5.00000e-02	2.97426e-01	5.00000e-02	nan	nan
-9.45434e-01	5.00000e-02	2.56325e-01	5.00000e-02	nan	nan
-2.02162e+00	5.00000e-02	3.39926e-01	5.00000e-02	nan	nan
-1.66274e+00	5.00000e-02	2.99104e-01	5.00000e-02	nan	nan
-9.00108e-01	5.00000e-02	3.26022e-01	5.00000e-02	nan	nan
-1.73408e+00	5.00000e-02	3.62753e-01	5.00000e-02	nan	nan
-1.82341e+00	5.00000e-02	4.57362e-01	5.00000e-02	nan	nan
-1.14073e+00	5.00000e-02	2.58465e-01	5.00000e-02	nan	nan
-1.16313e+00	5.00000e-02	3.14365e-01	5.00000e-02	nan	nan
-1.02738e+00	5.00000e-02	3.26783e-01	5.00000e-02	nan	nan
-2.00828e+00	5.00000e-02	3.86074e-01	5.00000e-02	nan	nan
-1.36240e+00	5.00000e-02	8.77196e-02	5.00000e-02	nan	nan
-1.36103e+00	5.00000e-02	2.25050e-01	5.00000e-02	nan	nan
-1.23235e+00	5.00000e-02	2.68788e-01	5.00000e-02	nan	nan
-2.50828e+00	5.00000e-02	4.17959e-01	5.00000e-02	nan	nan
-9.98983e-01	5.00000e-02	2.03047e-01	5.00000e-02	nan	nan
-2.36809e+00	5.00000e-02	4.45983e-01	5.00000e-02	nan	nan
-1.26394e+00	5.00000e-02	2.66073e-01	5.00000e-02	nan	nan
-6.56076e-01	5.00000e-02	2.03750e-01	5.00000e-02	nan	nan
-1.53153e+00	5.00000e-02	2.58419e-01	5.00000e-02	nan	nan
-9.71226e-01	5.00000e-02	3.50882e-01	5.00000e-02	nan	nan
-1.03115e+00	5.00000e-02	2.74012e-01	5.00000e-02	nan	nan
-5.75428e-01	5.00000e-02	3.02553e-01	5.00000e-02	nan	nan
-1.20466e+00	5.00000e-02	2.91512e-01	5.00000e-02	nan	nan
-1.47536e+00	5.00000e-02	2.76079e-01	5.00000e-02	nan	nan
-3.73125e-01	5.00000e-02	1.63030e-01	5.00000e-02	nan	nan
-8.49320e-01	5.00000e-02	4.75942e-01	5.00000e-02	nan	nan
-1.49830e+00	5.00000e-02	2.90343e-01	5.00000e-02	nan	nan
-1.09544e+00	5.00000e-02	2.75184e-01	5.00000e-02	nan	nan
-1.23586e+00	5.00000e-02	2.60422e-01	5.00000e-02	nan	nan
-6.66444e-01	5.00000e-02	3.08237e-01	5.00000e-02	nan	nan
-1.49752e+00	5.00000e-02	3.25377e-01	5.00000e-02	nan	nan
-9.74406e-01	5.00000e-02	3.29913e-01	5.00000e-02	nan	nan
-4.43268e-01	5.00000e-02	2.13811e-01	5.00000e-02	nan	nan
-5.45550e-01	5.00000e-02	2.36500e-01	5.00000e-02	nan	nan
-7.05538e-01	5.00000e-02	2.95963e-01	5.00000e-02	nan	nan
-9.16676e-01	5.00000e-02	3.84141e-01	5.00000e-02	nan	nan
-1.29078e+00	5.00000e-02	2.24791e-01	5.00000e-02	nan	nan
-1.72877e+00	5.00000e-02	2.54703e-01	5.00000e-02	nan	nan
-1.57123e+00	5.00000e-02	2.65733e-01	5.00000e-02	nan	nan
-5.73303e-01	5.00000e-02	3.30007e-01	5.00000e-02	nan	nan
-9.06687e-01	5.00000e-02	2.74340e-01	5.00000e-02	nan	nan
-1.74888e+00	5.00000e-02	2.60162e-01	5.00000e-02	nan	nan
-4.00724e-01	5.00000e-02	1.62103e-01	5.00000e-02	nan	nan
-9.49683e-01	5.00000e-02	2.14239e-01	5.00000e-02	nan	nan
-1.55274e+00	5.00000e-02	2.83859e-01	5.00000e-02	nan	nan
-1.11963e+00	5.00000e-02	2.91374e-01	5.00000e-02	nan	nan
-1.17265e+00	5.00000e-02	2.03759e-01	5.00000e-02	nan	nan
-1.43818e+00	5.00000e-02	2.16156e-01	5.00000e-02	nan	nan
-9.51262e-01	5.00000e-02	2.91677e-01	5.00000e-02	nan	nan
-1.05212e+00	5.00000e-02	3.01871e-01	5.00000e-02	nan	nan
-1.27234e+00	5.00000e-02	2.98121e-01	5.00000e-02	nan	nan
-8.55363e-01	5.00000e-02	4.51357e-01	5.00000e-02	nan	nan
-1.06353e+00	5.00000e-02	2.93965e-01	5.00000e-02	nan	nan
-1.21881e+00	5.00000e-02	2.91839e-01	5.00000e-02	nan	nan
-1.60948e+00	5.00000e-02	2.36838e-01	5.00000e-02	nan	nan
-1.11171e+00	5.00000e-02	2.65677e-01	5.00000e-02	nan	nan
-1.56754e+00	5.00000e-02	3.64596e-01	5.00000e-02	nan	nan
-5.80880e-01	5.00000e-02	2.39062e-01	5.00000e-02	nan	nan
-1.00375e+00	5.00000e-02	2.44365e-01	5.00000e-02	nan	nan
-6.43218e-01	5.00000e-02	2.31842e-01	5.00000e-02	nan	nan
-1.25448e+00	5.00000e-02	2.75108e-01	5.00000e-02	nan	nan
-1.16367e+00	5.00000e-02	2.92359e-01	5.00000e-02	nan	nan
-1.02520e+00	5.00000e-02	2.68568e-01	5.00000e-02	nan	nan
-5.88227e-01	5.00000e-02	2.87587e-01	5.00000e-02	nan	nan
-1.62440e+00	5.00000e-02	2.93183e-01	5.00000e-02	nan	nan
-1.14745e+00	5.00000e-02	3.30220e-01	5.00000e-02	nan	nan
-1.88292e+00	5.00000e-02	2.42064e-01	5.00000e-02	nan	nan
-6.26332e-01	5.00000e-02	3.42327e-01	5.00000e-02	nan	nan
-7.09891e-01	5.00000e-02	2.61511e-01	5.00000e-02	nan	nan
-1.21426e+00	5.00000e-02	2.11064e-01	5.00000e-02	nan	nan
-8.54050e-01	5.00000e-02	3.43381e-01	5.00000e-02	nan	nan
-1.08325e+00	5.00000e-02	3.39314e-01	5.00000e-02	nan	nan
-9.65894e-01	5.00000e-02	2.64230e-01	5.00000e-02	nan	nan
-6.37529e-01	5.00000e-02	3.25112e-01	5.00000e-02	nan	nan
-4.46380e-01	5.00000e-02	2.18406e-01	5.00000e-02	nan	nan
-1.87272e+00	5.00000e-02	3.04014e-01	5.00000e-02	nan	nan
-1.02163e+00	5.00000e-02	2.56068e-01	5.00000e-02	nan	nan
-6.06433e-01	5.00000e-02	2.16142e-01	5.00000e-02	nan	nan
-1.14433e+00	5.00000e-02	3.01343e-01	5.00000e-02	nan	nan
-1.36985e+00	5.00000e-02	2.63154e-01	5.00000e-02	nan	nan
-1.57258e+00	5.00000e-02	3.58100e-01	5.00000e-02	nan	nan
-9.97485e-01	5.00000e-02	3.59569e-01	5.00000e-02	nan	nan
-1.39585e+00	5.00000e-02	3.38004e-01	5.00000e-02	nan	nan
-1.19094e+00	5.00000e-02	2.70501e-01	5.00000e-02	nan	nan
-1.20065e+00	5.00000e-02	2.31170e-01	5.00000e-02	nan	nan
-9.03734e-01	5.00000e-02	3.24275e-01	5.00000e-02	nan	nan
-4.57127e-01	5.00000e-02	2.56658e-01	5.00000e-02	nan	nan
-3.97335e-01	5.00000e-02	1.16743e-01	5.00000e-02	nan	nan
-1.24974e+00	5.00000e-02	2.14941e-01	5.00000e-02	nan	nan
-1.41065e+00	5.00000e-02	2.21280e-01	5.00000e-02	nan	nan
-8.27562e-01	5.00000e-02	3.74694e-01	5.00000e-02	nan	nan
-9.33024e-01	5.00000e-02	3.79628e-01	5.00000e-02	nan	nan
-1.26437e+00	5.00000e-02	3.05320e-01	5.00000e-02	nan	nan
-6.24266e-01	5.00000e-02	2.93704e-01	5.00000e-02	nan	nan
-7.06443e-01	5.00000e-02	3.67904e-01	5.00000e-02	nan	nan
-1.52227e+00	5.00000e-02	2.69368e-01	5.00000e-02	nan	nan
-1.06825e+00	5.00000e-02	2.84699e-01	5.00000e-02	nan	nan
-1.76841e+00	5.00000e-02	3.14440e-01	5.00000e-02	nan	nan
-1.04952e+00	5.00000e-02	2.48654e-01	5.00000e-02	nan	nan
-9.11861e-01	5.00000e-02	1.88451e-01	5.00000e-02	nan	nan
-1.49722e+00	5.00000e-02	1.25653e-01	5.00000e-02	nan	nan
-1.79440e+00	5.00000e-02	3.02790e-01	5.00000e-02	nan	nan
-1.56221e+00	5.00000e-02	2.56533e-01	5.00000e-02	nan	nan
-1.07135e+00	5.00000e-02	2.16956e-01	5.00000e-02	nan	nan
-1.81619e+00	5.00000e-02	3.08911e-01	5.00000e-02	nan	nan
-1.43739e+00	5.00000e-02	2.10892e-01	5.00000e-02	nan	nan
-1.46501e+00	5.00000e-02	2.18580e-01	5.00000e-02	nan	nan
-1.10068e+00	5.00000e-02	2.20952e-01	5.00000e-02	nan	nan
-1.05056e+00	5.00000e-02	3.17420e-01	5.00000e-02	nan	nan
-1.16410e+00	5.00000e-02	2.55889e-01	5.00000e-02	nan	nan
-9.15537e-01	5.00000e-02	2.54187e-01	5.00000e-02	nan	nan
-5.03730e-01	5.00000e-02	3.31216e-01	5.00000e-02	nan	nan
-1.36784e+00	5.00000e-02	2.06686e-01	5.00000e-02	nan	nan
-3.92495e-01	5.00000e-02	1.25640e-01	5.00000e-02	nan	nan
-1.19060e+00	5.00000e-02	2.71430e-01	5.00000e-02	nan	nan
-9.21810e-01	5.00000e-02	3.17981e-01	5.00000e-02	nan	nan
-1.17398e+00	5.00000e-02	3.02923e-01	5.00000e-02	nan	nan
-8.73418e-01	5.00000e-02	3.63347e-01	5.00000e-02	nan	nan
-6.36641e-01	5.00000e-02	2.84497e-01	5.00000e-02	nan	nan
-7.98532e-01	5.00000e-02	2.59344e-01	5.00000e-02	nan	nan
