# [Fe/H]	[Fe/H]_err	[O/Fe]	[O/Fe]_err	Log(age/Gyr)	Log(age/Gyr)_err
-1.12293e+00	1.00000e-02	1.59859e-01	1.00000e-02	9.86039e-01	5.00000e-02	
-1.01007e+00	1.00000e-02	1.02603e-01	1.00000e-02	8.40125e-01	5.00000e-02	
-1.08193e+00	1.00000e-02	1.34193e-01	1.00000e-02	8.74710e-01	5.00000e-02	
-1.12364e+00	1.00000e-02	1.85109e-01	1.00000e-02	9.61771e-01	5.00000e-02	
-1.18733e+00	1.00000e-02	2.35697e-01	1.00000e-02	8.99486e-01	5.00000e-02	
-1.06446e+00	1.00000e-02	1.38978e-01	1.00000e-02	8.94610e-01	5.00000e-02	
-1.20867e+00	1.00000e-02	2.24837e-01	1.00000e-02	9.67583e-01	5.00000e-02	
-8.71921e-01	1.00000e-02	-3.58735e-02	1.00000e-02	6.78949e-01	5.00000e-02	
-7.40009e-01	1.00000e-02	-1.69768e-01	1.00000e-02	5.04372e-01	5.00000e-02	
-1.23835e+00	1.00000e-02	2.61772e-01	1.00000e-02	9.70739e-01	5.00000e-02	
-9.58625e-01	1.00000e-02	5.37336e-02	1.00000e-02	8.88244e-01	5.00000e-02	
-1.10796e+00	1.00000e-02	1.91769e-01	1.00000e-02	9.37060e-01	5.00000e-02	
-1.12128e+00	1.00000e-02	1.67194e-01	1.00000e-02	8.92220e-01	5.00000e-02	
-8.21652e-01	1.00000e-02	-7.33801e-02	1.00000e-02	5.21028e-01	5.00000e-02	
-1.76381e+00	1.00000e-02	4.16490e-01	1.00000e-02	9.59381e-01	5.00000e-02	
-1.70990e+00	1.00000e-02	4.09114e-01	1.00000e-02	9.93847e-01	5.00000e-02	
-2.08018e+00	1.00000e-02	4.52464e-01	1.00000e-02	1.03319e+00	5.00000e-02	
-9.31407e-01	1.00000e-02	3.10763e-02	1.00000e-02	7.87102e-01	5.00000e-02	
-9.75448e-01	1.00000e-02	4.92374e-02	1.00000e-02	8.15905e-01	5.00000e-02	
-8.95367e-01	1.00000e-02	-1.12790e-03	1.00000e-02	7.41656e-01	5.00000e-02	
-6.49530e-01	1.00000e-02	-2.57202e-01	1.00000e-02	3.57068e-01	5.00000e-02	
-9.58177e-01	1.00000e-02	3.68387e-02	1.00000e-02	8.48547e-01	5.00000e-02	
-1.16782e+00	1.00000e-02	2.13808e-01	1.00000e-02	9.39151e-01	5.00000e-02	
-9.49744e-01	1.00000e-02	5.47163e-02	1.00000e-02	7.08813e-01	5.00000e-02	
-1.61353e+00	1.00000e-02	3.80153e-01	1.00000e-02	9.50015e-01	5.00000e-02	
-1.06633e+00	1.00000e-02	1.29450e-01	1.00000e-02	8.87589e-01	5.00000e-02	
-1.55984e+00	1.00000e-02	3.87963e-01	1.00000e-02	9.24178e-01	5.00000e-02	
-7.90449e-01	1.00000e-02	-1.44917e-01	1.00000e-02	6.16800e-01	5.00000e-02	
-1.15005e+00	1.00000e-02	1.80102e-01	1.00000e-02	8.95773e-01	5.00000e-02	
-1.21598e+00	1.00000e-02	2.48162e-01	1.00000e-02	9.80669e-01	5.00000e-02	
-1.34755e+00	1.00000e-02	2.89785e-01	1.00000e-02	1.01164e+00	5.00000e-02	
-9.69637e-01	1.00000e-02	7.14076e-02	1.00000e-02	8.74294e-01	5.00000e-02	
-1.18552e+00	1.00000e-02	2.09019e-01	1.00000e-02	9.66374e-01	5.00000e-02	
-1.12689e+00	1.00000e-02	1.81090e-01	1.00000e-02	9.26382e-01	5.00000e-02	
-2.07093e+00	1.00000e-02	4.51520e-01	1.00000e-02	9.40615e-01	5.00000e-02	
-1.07355e+00	1.00000e-02	1.55172e-01	1.00000e-02	9.50262e-01	5.00000e-02	
-1.04662e+00	1.00000e-02	1.46067e-01	1.00000e-02	8.54127e-01	5.00000e-02	
-1.07519e+00	1.00000e-02	1.33989e-01	1.00000e-02	8.81468e-01	5.00000e-02	
-7.81010e-01	1.00000e-02	-1.20104e-01	1.00000e-02	6.62272e-01	5.00000e-02	
-1.03433e+00	1.00000e-02	1.10642e-01	1.00000e-02	8.35448e-01	5.00000e-02	
-1.27420e+00	1.00000e-02	2.39211e-01	1.00000e-02	8.81559e-01	5.00000e-02	
-1.17797e+00	1.00000e-02	2.30235e-01	1.00000e-02	9.95605e-01	5.00000e-02	
-1.03587e+00	1.00000e-02	8.65241e-02	1.00000e-02	8.25534e-01	5.00000e-02	
-1.80290e+00	1.00000e-02	4.27525e-01	1.00000e-02	1.03693e+00	5.00000e-02	
-1.03801e+00	1.00000e-02	1.38807e-01	1.00000e-02	8.58688e-01	5.00000e-02	
-1.04699e+00	1.00000e-02	1.02130e-01	1.00000e-02	8.23608e-01	5.00000e-02	
-1.43190e+00	1.00000e-02	3.16693e-01	1.00000e-02	1.00968e+00	5.00000e-02	
-1.56995e+00	1.00000e-02	3.48449e-01	1.00000e-02	1.01725e+00	5.00000e-02	
-1.32364e+00	1.00000e-02	2.78332e-01	1.00000e-02	1.00868e+00	5.00000e-02	
-1.25438e+00	1.00000e-02	2.40762e-01	1.00000e-02	9.10747e-01	5.00000e-02	
-1.10159e+00	1.00000e-02	1.63193e-01	1.00000e-02	8.88032e-01	5.00000e-02	
-1.19208e+00	1.00000e-02	2.23417e-01	1.00000e-02	8.66428e-01	5.00000e-02	
-5.81313e-01	1.00000e-02	-3.05660e-01	1.00000e-02	2.11217e-01	5.00000e-02	
-1.66275e+00	1.00000e-02	4.02338e-01	1.00000e-02	8.50221e-01	5.00000e-02	
-1.42769e+00	1.00000e-02	3.21049e-01	1.00000e-02	9.71512e-01	5.00000e-02	
-1.51999e+00	1.00000e-02	3.63188e-01	1.00000e-02	9.56502e-01	5.00000e-02	
-1.05585e+00	1.00000e-02	1.40947e-01	1.00000e-02	7.56273e-01	5.00000e-02	
-1.37313e+00	1.00000e-02	2.89967e-01	1.00000e-02	9.18570e-01	5.00000e-02	
-1.15038e+00	1.00000e-02	2.09456e-01	1.00000e-02	9.31440e-01	5.00000e-02	
-1.40426e+00	1.00000e-02	3.01091e-01	1.00000e-02	9.67914e-01	5.00000e-02	
-1.51741e+00	1.00000e-02	3.59932e-01	1.00000e-02	9.70313e-01	5.00000e-02	
-1.62687e+00	1.00000e-02	3.89525e-01	1.00000e-02	8.85321e-01	5.00000e-02	
-1.04661e+00	1.00000e-02	1.33988e-01	1.00000e-02	9.02815e-01	5.00000e-02	
-1.57282e+00	1.00000e-02	3.59909e-01	1.00000e-02	9.17212e-01	5.00000e-02	
-1.45682e+00	1.00000e-02	3.44135e-01	1.00000e-02	8.67141e-01	5.00000e-02	
-1.25605e+00	1.00000e-02	2.39522e-01	1.00000e-02	9.78268e-01	5.00000e-02	
-9.46407e-01	1.00000e-02	2.73445e-02	1.00000e-02	7.81544e-01	5.00000e-02	
-1.66293e+00	1.00000e-02	3.89839e-01	1.00000e-02	8.26330e-01	5.00000e-02	
-9.21718e-01	1.00000e-02	2.33297e-02	1.00000e-02	7.67897e-01	5.00000e-02	
-1.68748e+00	1.00000e-02	3.99496e-01	1.00000e-02	9.98055e-01	5.00000e-02	
-6.71465e-01	1.00000e-02	-2.37367e-01	1.00000e-02	3.73448e-01	5.00000e-02	
-1.17033e+00	1.00000e-02	1.93287e-01	1.00000e-02	9.42032e-01	5.00000e-02	
-6.75311e-01	1.00000e-02	-2.33695e-01	1.00000e-02	3.48003e-01	5.00000e-02	
-1.08308e+00	1.00000e-02	1.48361e-01	1.00000e-02	8.05706e-01	5.00000e-02	
-9.95976e-01	1.00000e-02	8.03252e-02	1.00000e-02	7.53615e-01	5.00000e-02	
-1.92600e+00	1.00000e-02	4.44485e-01	1.00000e-02	1.03289e+00	5.00000e-02	
-1.33832e+00	1.00000e-02	2.93260e-01	1.00000e-02	9.63500e-01	5.00000e-02	
-1.60414e+00	1.00000e-02	3.91372e-01	1.00000e-02	9.00082e-01	5.00000e-02	
-1.31540e+00	1.00000e-02	2.79324e-01	1.00000e-02	9.39152e-01	5.00000e-02	
-1.61046e+00	1.00000e-02	3.74760e-01	1.00000e-02	9.14122e-01	5.00000e-02	
-1.29941e+00	1.00000e-02	2.91026e-01	1.00000e-02	9.44627e-01	5.00000e-02	
-1.21123e+00	1.00000e-02	2.25112e-01	1.00000e-02	9.25584e-01	5.00000e-02	
-1.77618e+00	1.00000e-02	4.14495e-01	1.00000e-02	9.60936e-01	5.00000e-02	
-1.02131e+00	1.00000e-02	9.93848e-02	1.00000e-02	8.72963e-01	5.00000e-02	
-1.09351e+00	1.00000e-02	1.80501e-01	1.00000e-02	8.94754e-01	5.00000e-02	
-1.34706e+00	1.00000e-02	3.08953e-01	1.00000e-02	9.05396e-01	5.00000e-02	
-1.14207e+00	1.00000e-02	1.82447e-01	1.00000e-02	9.61003e-01	5.00000e-02	
-1.67736e+00	1.00000e-02	3.89972e-01	1.00000e-02	1.05671e+00	5.00000e-02	
-1.09207e+00	1.00000e-02	1.39003e-01	1.00000e-02	9.12384e-01	5.00000e-02	
-8.10712e-01	1.00000e-02	-8.70903e-02	1.00000e-02	6.71820e-01	5.00000e-02	
-1.29857e+00	1.00000e-02	2.59693e-01	1.00000e-02	9.28408e-01	5.00000e-02	
-1.04931e+00	1.00000e-02	1.11239e-01	1.00000e-02	8.06078e-01	5.00000e-02	
-1.57204e+00	1.00000e-02	3.71028e-01	1.00000e-02	9.51181e-01	5.00000e-02	
-1.01732e+00	1.00000e-02	9.59316e-02	1.00000e-02	9.04606e-01	5.00000e-02	
-1.34953e+00	1.00000e-02	2.89928e-01	1.00000e-02	9.24052e-01	5.00000e-02	
-1.49685e+00	1.00000e-02	3.20779e-01	1.00000e-02	9.20972e-01	5.00000e-02	
-1.08621e+00	1.00000e-02	1.61524e-01	1.00000e-02	8.46813e-01	5.00000e-02	
-2.06030e+00	1.00000e-02	4.63545e-01	1.00000e-02	1.01192e+00	5.00000e-02	
-9.40256e-01	1.00000e-02	3.70731e-02	1.00000e-02	8.23811e-01	5.00000e-02	
-2.34763e+00	1.00000e-02	4.43531e-01	1.00000e-02	8.54784e-01	5.00000e-02	
-1.01276e+00	1.00000e-02	9.96090e-02	1.00000e-02	8.63908e-01	5.00000e-02	
-1.32881e+00	1.00000e-02	2.98742e-01	1.00000e-02	1.00170e+00	5.00000e-02	
-1.01467e+00	1.00000e-02	6.85753e-02	1.00000e-02	8.15974e-01	5.00000e-02	
-7.20443e-01	1.00000e-02	-1.75556e-01	1.00000e-02	4.89185e-01	5.00000e-02	
-1.38003e+00	1.00000e-02	3.17545e-01	1.00000e-02	8.85360e-01	5.00000e-02	
-1.10705e+00	1.00000e-02	1.54323e-01	1.00000e-02	9.51258e-01	5.00000e-02	
-1.08350e+00	1.00000e-02	1.77089e-01	1.00000e-02	9.39473e-01	5.00000e-02	
-1.09797e+00	1.00000e-02	1.76727e-01	1.00000e-02	9.08202e-01	5.00000e-02	
-1.42140e+00	1.00000e-02	3.25357e-01	1.00000e-02	9.26130e-01	5.00000e-02	
-7.64241e-01	1.00000e-02	-1.29481e-01	1.00000e-02	5.68967e-01	5.00000e-02	
-1.19266e+00	1.00000e-02	2.13170e-01	1.00000e-02	9.76402e-01	5.00000e-02	
-9.24818e-01	1.00000e-02	7.51244e-03	1.00000e-02	7.45337e-01	5.00000e-02	
-1.01887e+00	1.00000e-02	1.00794e-01	1.00000e-02	7.77241e-01	5.00000e-02	
-1.33103e+00	1.00000e-02	2.73816e-01	1.00000e-02	1.01253e+00	5.00000e-02	
-9.37849e-01	1.00000e-02	4.27807e-02	1.00000e-02	7.72000e-01	5.00000e-02	
-1.23394e+00	1.00000e-02	2.34310e-01	1.00000e-02	8.81904e-01	5.00000e-02	
-8.60309e-01	1.00000e-02	-4.40326e-02	1.00000e-02	7.62200e-01	5.00000e-02	
-1.10514e+00	1.00000e-02	1.59311e-01	1.00000e-02	8.46022e-01	5.00000e-02	
-8.96350e-01	1.00000e-02	-3.36706e-02	1.00000e-02	8.20947e-01	5.00000e-02	
-1.02667e+00	1.00000e-02	1.00908e-01	1.00000e-02	8.88127e-01	5.00000e-02	
-1.00550e+00	1.00000e-02	9.88104e-02	1.00000e-02	7.55742e-01	5.00000e-02	
-1.14178e+00	1.00000e-02	2.02503e-01	1.00000e-02	8.31263e-01	5.00000e-02	
-7.47256e-01	1.00000e-02	-1.35189e-01	1.00000e-02	5.59164e-01	5.00000e-02	
-1.04616e+00	1.00000e-02	1.38858e-01	1.00000e-02	8.41996e-01	5.00000e-02	
-1.20160e+00	1.00000e-02	2.11502e-01	1.00000e-02	9.06854e-01	5.00000e-02	
-1.07452e+00	1.00000e-02	1.56697e-01	1.00000e-02	8.89972e-01	5.00000e-02	
-2.06327e+00	1.00000e-02	4.38286e-01	1.00000e-02	9.87027e-01	5.00000e-02	
-1.31837e+00	1.00000e-02	3.00147e-01	1.00000e-02	9.39169e-01	5.00000e-02	
-1.04991e+00	1.00000e-02	1.24872e-01	1.00000e-02	8.26201e-01	5.00000e-02	
-1.32756e+00	1.00000e-02	2.82509e-01	1.00000e-02	8.61771e-01	5.00000e-02	
-1.07064e+00	1.00000e-02	1.40994e-01	1.00000e-02	8.03740e-01	5.00000e-02	
-1.19820e+00	1.00000e-02	2.39692e-01	1.00000e-02	9.54461e-01	5.00000e-02	
-1.56306e+00	1.00000e-02	3.54550e-01	1.00000e-02	9.96973e-01	5.00000e-02	
-1.32068e+00	1.00000e-02	2.88435e-01	1.00000e-02	9.71496e-01	5.00000e-02	
-1.11257e+00	1.00000e-02	1.64601e-01	1.00000e-02	8.60283e-01	5.00000e-02	
-1.08635e+00	1.00000e-02	1.46794e-01	1.00000e-02	9.58275e-01	5.00000e-02	
-1.10487e+00	1.00000e-02	1.54152e-01	1.00000e-02	9.00806e-01	5.00000e-02	
-1.05984e+00	1.00000e-02	1.23722e-01	1.00000e-02	8.32984e-01	5.00000e-02	
-1.03495e+00	1.00000e-02	1.35826e-01	1.00000e-02	8.71608e-01	5.00000e-02	
-1.20144e+00	1.00000e-02	2.34208e-01	1.00000e-02	9.48656e-01	5.00000e-02	
-8.61832e-01	1.00000e-02	-3.98437e-02	1.00000e-02	6.28238e-01	5.00000e-02	
-1.25335e+00	1.00000e-02	2.46911e-01	1.00000e-02	9.71772e-01	5.00000e-02	
-1.18302e+00	1.00000e-02	2.15869e-01	1.00000e-02	9.50790e-01	5.00000e-02	
-8.55152e-01	1.00000e-02	-4.07001e-02	1.00000e-02	8.03427e-01	5.00000e-02	
-9.60393e-01	1.00000e-02	4.27124e-02	1.00000e-02	8.02216e-01	5.00000e-02	
-1.01786e+00	1.00000e-02	9.39408e-02	1.00000e-02	8.25960e-01	5.00000e-02	
-1.66499e+00	1.00000e-02	3.94826e-01	1.00000e-02	9.94682e-01	5.00000e-02	
-8.10632e-01	1.00000e-02	-5.90234e-02	1.00000e-02	6.45681e-01	5.00000e-02	
-1.00846e+00	1.00000e-02	1.06901e-01	1.00000e-02	8.52788e-01	5.00000e-02	
-4.23480e-01	1.00000e-02	-4.71629e-01	1.00000e-02	-5.76425e-01	5.00000e-02	
-1.54941e+00	1.00000e-02	3.56510e-01	1.00000e-02	9.94798e-01	5.00000e-02	
-8.95610e-01	1.00000e-02	-6.11722e-03	1.00000e-02	7.30473e-01	5.00000e-02	
-1.50480e+00	1.00000e-02	3.73128e-01	1.00000e-02	9.89737e-01	5.00000e-02	
-1.07315e+00	1.00000e-02	1.52603e-01	1.00000e-02	8.58970e-01	5.00000e-02	
-1.60700e+00	1.00000e-02	3.76705e-01	1.00000e-02	8.45832e-01	5.00000e-02	
-9.29408e-01	1.00000e-02	6.52879e-03	1.00000e-02	7.01708e-01	5.00000e-02	
-9.61454e-01	1.00000e-02	3.74171e-02	1.00000e-02	7.19941e-01	5.00000e-02	
-1.10440e+00	1.00000e-02	1.60604e-01	1.00000e-02	8.99995e-01	5.00000e-02	
-1.20443e+00	1.00000e-02	2.36152e-01	1.00000e-02	9.33527e-01	5.00000e-02	
-1.76836e+00	1.00000e-02	4.18274e-01	1.00000e-02	9.32338e-01	5.00000e-02	
-1.02370e+00	1.00000e-02	1.09298e-01	1.00000e-02	7.89999e-01	5.00000e-02	
-1.16980e+00	1.00000e-02	2.25206e-01	1.00000e-02	8.92193e-01	5.00000e-02	
-1.00975e+00	1.00000e-02	8.43416e-02	1.00000e-02	8.83158e-01	5.00000e-02	
-9.11459e-01	1.00000e-02	-8.67887e-03	1.00000e-02	7.08333e-01	5.00000e-02	
-6.71621e-01	1.00000e-02	-2.47904e-01	1.00000e-02	4.96075e-01	5.00000e-02	
-9.20409e-01	1.00000e-02	3.74760e-03	1.00000e-02	7.51302e-01	5.00000e-02	
-2.19576e+00	1.00000e-02	4.41204e-01	1.00000e-02	1.04114e+00	5.00000e-02	
-1.26313e+00	1.00000e-02	2.57600e-01	1.00000e-02	9.00442e-01	5.00000e-02	
-1.00866e+00	1.00000e-02	9.33205e-02	1.00000e-02	8.90998e-01	5.00000e-02	
-1.50371e+00	1.00000e-02	3.33664e-01	1.00000e-02	1.06838e+00	5.00000e-02	
-1.14006e+00	1.00000e-02	1.71096e-01	1.00000e-02	1.03981e+00	5.00000e-02	
-1.83370e+00	1.00000e-02	4.12162e-01	1.00000e-02	9.51254e-01	5.00000e-02	
-1.44642e+00	1.00000e-02	3.32882e-01	1.00000e-02	9.21673e-01	5.00000e-02	
-2.07332e+00	1.00000e-02	4.44519e-01	1.00000e-02	9.33319e-01	5.00000e-02	
-9.51218e-01	1.00000e-02	6.41929e-02	1.00000e-02	7.70030e-01	5.00000e-02	
-1.42836e+00	1.00000e-02	3.28862e-01	1.00000e-02	8.58580e-01	5.00000e-02	
-1.28482e+00	1.00000e-02	2.71325e-01	1.00000e-02	9.40232e-01	5.00000e-02	
-8.20784e-01	1.00000e-02	-8.36344e-02	1.00000e-02	6.44608e-01	5.00000e-02	
-1.03096e+00	1.00000e-02	1.15078e-01	1.00000e-02	9.21770e-01	5.00000e-02	
-1.95820e+00	1.00000e-02	4.43701e-01	1.00000e-02	1.10643e+00	5.00000e-02	
-1.51729e+00	1.00000e-02	3.49194e-01	1.00000e-02	9.87640e-01	5.00000e-02	
-1.05302e+00	1.00000e-02	1.58352e-01	1.00000e-02	8.71300e-01	5.00000e-02	
-1.09186e+00	1.00000e-02	1.48429e-01	1.00000e-02	8.80927e-01	5.00000e-02	
-1.40389e+00	1.00000e-02	3.01659e-01	1.00000e-02	1.04312e+00	5.00000e-02	
-8.14102e-01	1.00000e-02	-1.04189e-01	1.00000e-02	6.54780e-01	5.00000e-02	
-1.05942e+00	1.00000e-02	1.50736e-01	1.00000e-02	1.02446e+00	5.00000e-02	
-1.12281e+00	1.00000e-02	1.83066e-01	1.00000e-02	9.20654e-01	5.00000e-02	
-1.07277e+00	1.00000e-02	1.61752e-01	1.00000e-02	8.87395e-01	5.00000e-02	
-1.01166e+00	1.00000e-02	9.10425e-02	1.00000e-02	9.14544e-01	5.00000e-02	
-1.30872e+00	1.00000e-02	2.81056e-01	1.00000e-02	9.60231e-01	5.00000e-02	
-1.21466e+00	1.00000e-02	2.30089e-01	1.00000e-02	1.05133e+00	5.00000e-02	
-1.44711e+00	1.00000e-02	3.21925e-01	1.00000e-02	1.00975e+00	5.00000e-02	
-1.46928e+00	1.00000e-02	3.46659e-01	1.00000e-02	9.41337e-01	5.00000e-02	
-7.84040e-01	1.00000e-02	-1.21152e-01	1.00000e-02	6.83768e-01	5.00000e-02	
-9.89390e-01	1.00000e-02	9.13405e-02	1.00000e-02	8.07210e-01	5.00000e-02	
-1.14214e+00	1.00000e-02	2.01264e-01	1.00000e-02	9.85911e-01	5.00000e-02	
-1.38939e+00	1.00000e-02	3.13764e-01	1.00000e-02	9.40156e-01	5.00000e-02	
-1.38197e+00	1.00000e-02	3.02011e-01	1.00000e-02	9.37547e-01	5.00000e-02	
-1.81341e+00	1.00000e-02	4.23228e-01	1.00000e-02	9.66897e-01	5.00000e-02	
-1.18250e+00	1.00000e-02	2.13070e-01	1.00000e-02	9.49026e-01	5.00000e-02	
-1.30868e+00	1.00000e-02	2.83010e-01	1.00000e-02	1.01719e+00	5.00000e-02	
-1.02558e+00	1.00000e-02	1.10621e-01	1.00000e-02	8.67477e-01	5.00000e-02	
-1.24930e+00	1.00000e-02	2.49422e-01	1.00000e-02	9.51974e-01	5.00000e-02	
-1.47972e+00	1.00000e-02	3.40144e-01	1.00000e-02	9.71789e-01	5.00000e-02	
-2.02380e+00	1.00000e-02	4.43409e-01	1.00000e-02	1.01858e+00	5.00000e-02	
-1.76043e+00	1.00000e-02	4.11777e-01	1.00000e-02	9.88411e-01	5.00000e-02	
-1.03068e+00	1.00000e-02	1.16931e-01	1.00000e-02	8.92143e-01	5.00000e-02	
-1.19664e+00	1.00000e-02	2.13899e-01	1.00000e-02	9.35714e-01	5.00000e-02	
-1.13054e+00	1.00000e-02	1.96225e-01	1.00000e-02	9.14413e-01	5.00000e-02	
-8.50465e-01	1.00000e-02	-4.81833e-02	1.00000e-02	6.66442e-01	5.00000e-02	
-5.55560e-01	1.00000e-02	-3.58140e-01	1.00000e-02	1.83935e-01	5.00000e-02	
-1.42322e+00	1.00000e-02	3.32201e-01	1.00000e-02	9.96948e-01	5.00000e-02	
-1.04705e+00	1.00000e-02	1.12041e-01	1.00000e-02	9.56604e-01	5.00000e-02	
-1.36866e+00	1.00000e-02	2.88154e-01	1.00000e-02	9.00964e-01	5.00000e-02	
-2.03913e+00	1.00000e-02	4.43527e-01	1.00000e-02	9.53984e-01	5.00000e-02	
-9.83485e-01	1.00000e-02	7.10144e-02	1.00000e-02	7.97325e-01	5.00000e-02	
-1.29036e+00	1.00000e-02	2.83530e-01	1.00000e-02	9.96209e-01	5.00000e-02	
-1.22835e+00	1.00000e-02	2.48471e-01	1.00000e-02	8.47719e-01	5.00000e-02	
-1.07171e+00	1.00000e-02	1.60613e-01	1.00000e-02	9.24170e-01	5.00000e-02	
-9.21750e-01	1.00000e-02	3.87827e-02	1.00000e-02	8.05537e-01	5.00000e-02	
-1.05882e+00	1.00000e-02	1.32970e-01	1.00000e-02	8.83609e-01	5.00000e-02	
-9.03022e-01	1.00000e-02	-1.98332e-02	1.00000e-02	6.99614e-01	5.00000e-02	
-1.35020e+00	1.00000e-02	3.04356e-01	1.00000e-02	1.11231e+00	5.00000e-02	
-9.55927e-01	1.00000e-02	3.46033e-02	1.00000e-02	8.71460e-01	5.00000e-02	
-1.47526e+00	1.00000e-02	3.31753e-01	1.00000e-02	9.76634e-01	5.00000e-02	
-7.73744e-01	1.00000e-02	-1.40535e-01	1.00000e-02	5.69612e-01	5.00000e-02	
-1.02718e+00	1.00000e-02	1.14748e-01	1.00000e-02	8.65506e-01	5.00000e-02	
-1.42906e+00	1.00000e-02	3.26650e-01	1.00000e-02	9.83139e-01	5.00000e-02	
-7.86615e-01	1.00000e-02	-1.42416e-01	1.00000e-02	5.92414e-01	5.00000e-02	
-1.01651e+00	1.00000e-02	8.94734e-02	1.00000e-02	8.91415e-01	5.00000e-02	
-1.36726e+00	1.00000e-02	2.92965e-01	1.00000e-02	9.13635e-01	5.00000e-02	
-1.42594e+00	1.00000e-02	3.19794e-01	1.00000e-02	9.46537e-01	5.00000e-02	
-1.12714e+00	1.00000e-02	1.77658e-01	1.00000e-02	8.90563e-01	5.00000e-02	
-2.02033e+00	1.00000e-02	4.36559e-01	1.00000e-02	9.47929e-01	5.00000e-02	
-1.43273e+00	1.00000e-02	3.27886e-01	1.00000e-02	9.19357e-01	5.00000e-02	
-1.20431e+00	1.00000e-02	2.10783e-01	1.00000e-02	8.92753e-01	5.00000e-02	
-1.22249e+00	1.00000e-02	2.47407e-01	1.00000e-02	9.74602e-01	5.00000e-02	
-1.17311e+00	1.00000e-02	2.14499e-01	1.00000e-02	9.55369e-01	5.00000e-02	
-1.35576e+00	1.00000e-02	2.91995e-01	1.00000e-02	1.03222e+00	5.00000e-02	
-1.09636e+00	1.00000e-02	1.51929e-01	1.00000e-02	8.78377e-01	5.00000e-02	
-9.00280e-01	1.00000e-02	8.53457e-04	1.00000e-02	8.16954e-01	5.00000e-02	
-1.61052e+00	1.00000e-02	3.80038e-01	1.00000e-02	1.03885e+00	5.00000e-02	
-1.12607e+00	1.00000e-02	1.72574e-01	1.00000e-02	1.03694e+00	5.00000e-02	
-1.55886e+00	1.00000e-02	3.68366e-01	1.00000e-02	9.92485e-01	5.00000e-02	
-9.97588e-01	1.00000e-02	9.44439e-02	1.00000e-02	8.87164e-01	5.00000e-02	
-1.21474e+00	1.00000e-02	2.29237e-01	1.00000e-02	9.04382e-01	5.00000e-02	
-1.09250e+00	1.00000e-02	1.71509e-01	1.00000e-02	9.45463e-01	5.00000e-02	
-1.47933e+00	1.00000e-02	3.37346e-01	1.00000e-02	8.66679e-01	5.00000e-02	
-1.56627e+00	1.00000e-02	3.64310e-01	1.00000e-02	1.01343e+00	5.00000e-02	
-1.14831e+00	1.00000e-02	1.98794e-01	1.00000e-02	9.03391e-01	5.00000e-02	
-1.25857e+00	1.00000e-02	2.57008e-01	1.00000e-02	1.01124e+00	5.00000e-02	
-7.91057e-01	1.00000e-02	-1.27053e-01	1.00000e-02	5.54420e-01	5.00000e-02	
-9.64899e-01	1.00000e-02	5.70205e-02	1.00000e-02	8.65594e-01	5.00000e-02	
-9.93208e-01	1.00000e-02	7.65064e-02	1.00000e-02	8.28984e-01	5.00000e-02	
-8.44584e-01	1.00000e-02	-5.12899e-02	1.00000e-02	6.99038e-01	5.00000e-02	
-1.73094e+00	1.00000e-02	4.06953e-01	1.00000e-02	1.00746e+00	5.00000e-02	
-1.10778e+00	1.00000e-02	1.86617e-01	1.00000e-02	9.05305e-01	5.00000e-02	
-1.08670e+00	1.00000e-02	1.74996e-01	1.00000e-02	8.16815e-01	5.00000e-02	
-7.36734e-01	1.00000e-02	-1.57024e-01	1.00000e-02	5.77006e-01	5.00000e-02	
-1.32270e+00	1.00000e-02	2.94486e-01	1.00000e-02	9.67691e-01	5.00000e-02	
-1.37462e+00	1.00000e-02	3.13826e-01	1.00000e-02	9.70557e-01	5.00000e-02	
-1.65672e+00	1.00000e-02	3.93485e-01	1.00000e-02	9.20330e-01	5.00000e-02	
-2.10596e+00	1.00000e-02	4.48677e-01	1.00000e-02	1.08409e+00	5.00000e-02	
-8.15924e-01	1.00000e-02	-8.58665e-02	1.00000e-02	6.60690e-01	5.00000e-02	
-1.04511e+00	1.00000e-02	1.29675e-01	1.00000e-02	9.63898e-01	5.00000e-02	
-9.67038e-01	1.00000e-02	5.35555e-02	1.00000e-02	7.98490e-01	5.00000e-02	
-1.35975e+00	1.00000e-02	2.88976e-01	1.00000e-02	9.65342e-01	5.00000e-02	
-1.07786e+00	1.00000e-02	1.67194e-01	1.00000e-02	8.72937e-01	5.00000e-02	
-1.78361e+00	1.00000e-02	4.29436e-01	1.00000e-02	9.74953e-01	5.00000e-02	
-1.16053e+00	1.00000e-02	2.15075e-01	1.00000e-02	9.69385e-01	5.00000e-02	
-6.61175e-01	1.00000e-02	-2.46410e-01	1.00000e-02	3.09339e-01	5.00000e-02	
-8.84339e-01	1.00000e-02	-2.57228e-02	1.00000e-02	6.41436e-01	5.00000e-02	
-1.26282e+00	1.00000e-02	2.70889e-01	1.00000e-02	8.87038e-01	5.00000e-02	
-7.45145e-01	1.00000e-02	-1.61769e-01	1.00000e-02	4.87580e-01	5.00000e-02	
-1.39182e+00	1.00000e-02	3.21283e-01	1.00000e-02	9.86825e-01	5.00000e-02	
-7.66774e-01	1.00000e-02	-1.31565e-01	1.00000e-02	6.31737e-01	5.00000e-02	
-7.95531e-01	1.00000e-02	-1.12879e-01	1.00000e-02	6.53547e-01	5.00000e-02	
-9.51444e-01	1.00000e-02	3.54351e-02	1.00000e-02	7.82515e-01	5.00000e-02	
-1.05953e+00	1.00000e-02	1.34023e-01	1.00000e-02	9.70118e-01	5.00000e-02	
-8.96290e-01	1.00000e-02	-1.63181e-02	1.00000e-02	7.80411e-01	5.00000e-02	
-1.32250e+00	1.00000e-02	2.83194e-01	1.00000e-02	9.13027e-01	5.00000e-02	
-9.14141e-01	1.00000e-02	1.97132e-02	1.00000e-02	7.92593e-01	5.00000e-02	
-1.07783e+00	1.00000e-02	1.61537e-01	1.00000e-02	8.13032e-01	5.00000e-02	
-2.17753e+00	1.00000e-02	4.59686e-01	1.00000e-02	1.00517e+00	5.00000e-02	
-1.27505e+00	1.00000e-02	2.49297e-01	1.00000e-02	1.05854e+00	5.00000e-02	
-1.54664e+00	1.00000e-02	3.67138e-01	1.00000e-02	9.87634e-01	5.00000e-02	
-6.29460e-01	1.00000e-02	-2.61952e-01	1.00000e-02	3.92647e-01	5.00000e-02	
-1.16470e+00	1.00000e-02	2.01481e-01	1.00000e-02	8.32027e-01	5.00000e-02	
-1.15435e+00	1.00000e-02	1.98539e-01	1.00000e-02	9.67123e-01	5.00000e-02	
-1.05055e+00	1.00000e-02	1.30435e-01	1.00000e-02	8.15363e-01	5.00000e-02	
-1.27722e+00	1.00000e-02	2.62437e-01	1.00000e-02	9.09558e-01	5.00000e-02	
-1.57367e+00	1.00000e-02	3.69281e-01	1.00000e-02	9.02850e-01	5.00000e-02	
-9.42908e-01	1.00000e-02	5.09007e-02	1.00000e-02	8.16258e-01	5.00000e-02	
-1.46299e+00	1.00000e-02	3.20669e-01	1.00000e-02	1.07785e+00	5.00000e-02	
-1.15227e+00	1.00000e-02	2.09835e-01	1.00000e-02	8.06469e-01	5.00000e-02	
-1.40030e+00	1.00000e-02	3.34738e-01	1.00000e-02	9.19726e-01	5.00000e-02	
-1.66316e+00	1.00000e-02	3.99238e-01	1.00000e-02	9.37947e-01	5.00000e-02	
-9.19585e-01	1.00000e-02	-1.55150e-02	1.00000e-02	7.82925e-01	5.00000e-02	
-6.87118e-01	1.00000e-02	-2.21800e-01	1.00000e-02	5.03183e-01	5.00000e-02	
-7.30390e-01	1.00000e-02	-1.75618e-01	1.00000e-02	4.75234e-01	5.00000e-02	
-8.47972e-01	1.00000e-02	-5.82477e-02	1.00000e-02	7.01317e-01	5.00000e-02	
-9.58834e-01	1.00000e-02	6.87168e-02	1.00000e-02	7.79708e-01	5.00000e-02	
-1.28332e+00	1.00000e-02	2.57672e-01	1.00000e-02	1.02540e+00	5.00000e-02	
-1.72125e+00	1.00000e-02	4.06958e-01	1.00000e-02	9.96299e-01	5.00000e-02	
-1.21438e+00	1.00000e-02	2.14842e-01	1.00000e-02	8.60153e-01	5.00000e-02	
-1.40931e+00	1.00000e-02	3.18313e-01	1.00000e-02	9.53106e-01	5.00000e-02	
-1.58613e+00	1.00000e-02	3.56564e-01	1.00000e-02	9.53512e-01	5.00000e-02	
-1.83435e+00	1.00000e-02	4.31908e-01	1.00000e-02	9.69111e-01	5.00000e-02	
-9.99581e-01	1.00000e-02	8.56636e-02	1.00000e-02	8.34157e-01	5.00000e-02	
-2.19162e+00	1.00000e-02	4.42258e-01	1.00000e-02	1.02557e+00	5.00000e-02	
-9.85075e-01	1.00000e-02	6.06314e-02	1.00000e-02	8.21120e-01	5.00000e-02	
-1.56078e+00	1.00000e-02	3.58547e-01	1.00000e-02	9.36174e-01	5.00000e-02	
-1.72979e+00	1.00000e-02	4.06518e-01	1.00000e-02	9.41370e-01	5.00000e-02	
-1.69793e+00	1.00000e-02	4.13512e-01	1.00000e-02	9.78713e-01	5.00000e-02	
-1.02640e+00	1.00000e-02	1.22408e-01	1.00000e-02	9.06764e-01	5.00000e-02	
-1.39419e+00	1.00000e-02	3.09430e-01	1.00000e-02	9.64781e-01	5.00000e-02	
-1.21040e+00	1.00000e-02	2.20138e-01	1.00000e-02	8.55416e-01	5.00000e-02	
-1.09235e+00	1.00000e-02	1.60988e-01	1.00000e-02	9.68769e-01	5.00000e-02	
-9.11185e-01	1.00000e-02	-9.59107e-03	1.00000e-02	7.88522e-01	5.00000e-02	
-1.01106e+00	1.00000e-02	9.65396e-02	1.00000e-02	8.29697e-01	5.00000e-02	
-1.34782e+00	1.00000e-02	2.85754e-01	1.00000e-02	9.95810e-01	5.00000e-02	
-1.57919e+00	1.00000e-02	3.62949e-01	1.00000e-02	1.10620e+00	5.00000e-02	
-1.81161e+00	1.00000e-02	4.47578e-01	1.00000e-02	1.06499e+00	5.00000e-02	
-1.32045e+00	1.00000e-02	2.77528e-01	1.00000e-02	9.29705e-01	5.00000e-02	
-1.38318e+00	1.00000e-02	2.93253e-01	1.00000e-02	9.68026e-01	5.00000e-02	
-1.16118e+00	1.00000e-02	2.05535e-01	1.00000e-02	9.67347e-01	5.00000e-02	
-1.04355e+00	1.00000e-02	1.07455e-01	1.00000e-02	8.41035e-01	5.00000e-02	
-1.01976e+00	1.00000e-02	1.11567e-01	1.00000e-02	9.07255e-01	5.00000e-02	
-1.32929e+00	1.00000e-02	2.91644e-01	1.00000e-02	9.71826e-01	5.00000e-02	
-1.22276e+00	1.00000e-02	2.40617e-01	1.00000e-02	9.75753e-01	5.00000e-02	
-1.50194e+00	1.00000e-02	3.46241e-01	1.00000e-02	9.42917e-01	5.00000e-02	
-9.64580e-01	1.00000e-02	6.48346e-02	1.00000e-02	8.22480e-01	5.00000e-02	
-1.80816e+00	1.00000e-02	4.39411e-01	1.00000e-02	1.00443e+00	5.00000e-02	
-1.01084e+00	1.00000e-02	1.02945e-01	1.00000e-02	8.58127e-01	5.00000e-02	
-9.76722e-01	1.00000e-02	7.12614e-02	1.00000e-02	8.40906e-01	5.00000e-02	
-9.77341e-01	1.00000e-02	6.30927e-02	1.00000e-02	8.72936e-01	5.00000e-02	
-1.36527e+00	1.00000e-02	2.90722e-01	1.00000e-02	9.62283e-01	5.00000e-02	
-1.26379e+00	1.00000e-02	2.55997e-01	1.00000e-02	9.16953e-01	5.00000e-02	
-1.09310e+00	1.00000e-02	1.66350e-01	1.00000e-02	8.25504e-01	5.00000e-02	
-1.32917e+00	1.00000e-02	2.89063e-01	1.00000e-02	9.27597e-01	5.00000e-02	
-1.23649e+00	1.00000e-02	2.56698e-01	1.00000e-02	1.06108e+00	5.00000e-02	
-1.45762e+00	1.00000e-02	3.31600e-01	1.00000e-02	8.90765e-01	5.00000e-02	
-1.17776e+00	1.00000e-02	2.04923e-01	1.00000e-02	9.00287e-01	5.00000e-02	
-1.90112e+00	1.00000e-02	4.51392e-01	1.00000e-02	9.16389e-01	5.00000e-02	
-9.84349e-01	1.00000e-02	3.47988e-02	1.00000e-02	7.76666e-01	5.00000e-02	
-1.74790e+00	1.00000e-02	4.20330e-01	1.00000e-02	9.74927e-01	5.00000e-02	
-1.13286e+00	1.00000e-02	1.93635e-01	1.00000e-02	9.24925e-01	5.00000e-02	
-1.30172e+00	1.00000e-02	2.67596e-01	1.00000e-02	9.21526e-01	5.00000e-02	
-1.08828e+00	1.00000e-02	1.36864e-01	1.00000e-02	8.27767e-01	5.00000e-02	
-7.35377e-01	1.00000e-02	-1.68058e-01	1.00000e-02	5.89631e-01	5.00000e-02	
-1.04521e+00	1.00000e-02	1.19330e-01	1.00000e-02	8.97128e-01	5.00000e-02	
-1.91624e+00	1.00000e-02	4.41612e-01	1.00000e-02	9.39686e-01	5.00000e-02	
-1.18873e+00	1.00000e-02	2.31153e-01	1.00000e-02	9.55526e-01	5.00000e-02	
-1.13088e+00	1.00000e-02	1.60665e-01	1.00000e-02	9.56269e-01	5.00000e-02	
-1.10245e+00	1.00000e-02	1.83852e-01	1.00000e-02	9.15971e-01	5.00000e-02	
-1.02502e+00	1.00000e-02	1.17498e-01	1.00000e-02	8.97100e-01	5.00000e-02	
-1.34470e+00	1.00000e-02	2.84638e-01	1.00000e-02	9.03060e-01	5.00000e-02	
-1.59405e+00	1.00000e-02	3.58415e-01	1.00000e-02	9.20664e-01	5.00000e-02	
-1.21069e+00	1.00000e-02	2.48181e-01	1.00000e-02	9.03752e-01	5.00000e-02	
-7.54031e-01	1.00000e-02	-1.52602e-01	1.00000e-02	5.24730e-01	5.00000e-02	
-1.47158e+00	1.00000e-02	3.46135e-01	1.00000e-02	9.64355e-01	5.00000e-02	
-8.53437e-01	1.00000e-02	-4.04965e-02	1.00000e-02	6.87097e-01	5.00000e-02	
-1.11318e+00	1.00000e-02	1.73436e-01	1.00000e-02	9.03289e-01	5.00000e-02	
-1.17968e+00	1.00000e-02	2.07974e-01	1.00000e-02	9.31930e-01	5.00000e-02	
-8.78199e-01	1.00000e-02	-2.14952e-02	1.00000e-02	7.57330e-01	5.00000e-02	
-1.18382e+00	1.00000e-02	2.01225e-01	1.00000e-02	9.44096e-01	5.00000e-02	
-9.99592e-01	1.00000e-02	9.28644e-02	1.00000e-02	9.14974e-01	5.00000e-02	
-1.21422e+00	1.00000e-02	2.64942e-01	1.00000e-02	9.23953e-01	5.00000e-02	
-8.66786e-01	1.00000e-02	-5.67628e-02	1.00000e-02	6.72429e-01	5.00000e-02	
-1.02152e+00	1.00000e-02	8.77722e-02	1.00000e-02	9.26864e-01	5.00000e-02	
-1.02310e+00	1.00000e-02	1.02181e-01	1.00000e-02	8.03365e-01	5.00000e-02	
-1.28926e+00	1.00000e-02	2.68738e-01	1.00000e-02	9.39371e-01	5.00000e-02	
-9.82274e-01	1.00000e-02	6.79163e-02	1.00000e-02	7.87079e-01	5.00000e-02	
-1.05324e+00	1.00000e-02	1.36526e-01	1.00000e-02	8.89528e-01	5.00000e-02	
-1.38034e+00	1.00000e-02	2.99823e-01	1.00000e-02	9.15802e-01	5.00000e-02	
-1.50839e+00	1.00000e-02	3.38934e-01	1.00000e-02	9.04411e-01	5.00000e-02	
-9.50392e-01	1.00000e-02	5.11723e-02	1.00000e-02	8.14147e-01	5.00000e-02	
-7.42120e-01	1.00000e-02	-1.62144e-01	1.00000e-02	5.39462e-01	5.00000e-02	
-1.16288e+00	1.00000e-02	2.09281e-01	1.00000e-02	9.15175e-01	5.00000e-02	
-1.06791e+00	1.00000e-02	1.56043e-01	1.00000e-02	1.00425e+00	5.00000e-02	
-9.10395e-01	1.00000e-02	1.54512e-02	1.00000e-02	6.77655e-01	5.00000e-02	
-1.17490e+00	1.00000e-02	1.97418e-01	1.00000e-02	9.65467e-01	5.00000e-02	
-7.75848e-01	1.00000e-02	-1.37591e-01	1.00000e-02	5.63382e-01	5.00000e-02	
-1.10652e+00	1.00000e-02	1.46016e-01	1.00000e-02	8.70974e-01	5.00000e-02	
-9.23458e-01	1.00000e-02	2.91160e-02	1.00000e-02	8.38253e-01	5.00000e-02	
-8.50172e-01	1.00000e-02	-4.76252e-02	1.00000e-02	6.00620e-01	5.00000e-02	
-9.48543e-01	1.00000e-02	4.50124e-02	1.00000e-02	7.87717e-01	5.00000e-02	
-1.52182e+00	1.00000e-02	3.49458e-01	1.00000e-02	1.02735e+00	5.00000e-02	
-1.06020e+00	1.00000e-02	1.39403e-01	1.00000e-02	9.14108e-01	5.00000e-02	
-1.21741e+00	1.00000e-02	2.40262e-01	1.00000e-02	1.01134e+00	5.00000e-02	
-1.79321e+00	1.00000e-02	4.23159e-01	1.00000e-02	9.51929e-01	5.00000e-02	
-1.20050e+00	1.00000e-02	2.43049e-01	1.00000e-02	8.97256e-01	5.00000e-02	
-1.38041e+00	1.00000e-02	3.11791e-01	1.00000e-02	9.48730e-01	5.00000e-02	
-9.16197e-01	1.00000e-02	8.87110e-03	1.00000e-02	7.72594e-01	5.00000e-02	
-1.93550e+00	1.00000e-02	4.33355e-01	1.00000e-02	9.38416e-01	5.00000e-02	
-7.41169e-01	1.00000e-02	-1.77723e-01	1.00000e-02	4.76654e-01	5.00000e-02	
-1.24498e+00	1.00000e-02	2.65145e-01	1.00000e-02	9.41009e-01	5.00000e-02	
-1.24836e+00	1.00000e-02	2.45820e-01	1.00000e-02	9.25234e-01	5.00000e-02	
-2.10743e+00	1.00000e-02	4.58888e-01	1.00000e-02	1.01864e+00	5.00000e-02	
-1.50342e+00	1.00000e-02	3.30556e-01	1.00000e-02	9.90464e-01	5.00000e-02	
-1.22439e+00	1.00000e-02	2.62296e-01	1.00000e-02	9.79815e-01	5.00000e-02	
-8.10332e-01	1.00000e-02	-1.00516e-01	1.00000e-02	6.47570e-01	5.00000e-02	
-1.65590e+00	1.00000e-02	4.02834e-01	1.00000e-02	1.02224e+00	5.00000e-02	
-7.70638e-01	1.00000e-02	-1.32787e-01	1.00000e-02	6.72668e-01	5.00000e-02	
-9.11114e-01	1.00000e-02	-1.52454e-02	1.00000e-02	7.68950e-01	5.00000e-02	
-1.17995e+00	1.00000e-02	2.04332e-01	1.00000e-02	8.82684e-01	5.00000e-02	
-1.30682e+00	1.00000e-02	2.75341e-01	1.00000e-02	1.00899e+00	5.00000e-02	
-1.40111e+00	1.00000e-02	3.09414e-01	1.00000e-02	8.85902e-01	5.00000e-02	
-1.06209e+00	1.00000e-02	1.67159e-01	1.00000e-02	7.96054e-01	5.00000e-02	
-1.95464e+00	1.00000e-02	4.34951e-01	1.00000e-02	9.60789e-01	5.00000e-02	
-2.11139e+00	1.00000e-02	4.66124e-01	1.00000e-02	1.04342e+00	5.00000e-02	
-1.19225e+00	1.00000e-02	2.17560e-01	1.00000e-02	8.72414e-01	5.00000e-02	
-1.77732e+00	1.00000e-02	4.31481e-01	1.00000e-02	9.80088e-01	5.00000e-02	
-1.38211e+00	1.00000e-02	3.03243e-01	1.00000e-02	9.98359e-01	5.00000e-02	
-1.43236e+00	1.00000e-02	3.34444e-01	1.00000e-02	9.69245e-01	5.00000e-02	
-1.37549e+00	1.00000e-02	3.07875e-01	1.00000e-02	9.67568e-01	5.00000e-02	
-1.58751e+00	1.00000e-02	3.69618e-01	1.00000e-02	9.30608e-01	5.00000e-02	
-2.15514e+00	1.00000e-02	4.44760e-01	1.00000e-02	9.46064e-01	5.00000e-02	
-1.61386e+00	1.00000e-02	3.93950e-01	1.00000e-02	9.73474e-01	5.00000e-02	
-1.07497e+00	1.00000e-02	1.47334e-01	1.00000e-02	9.81631e-01	5.00000e-02	
-6.93749e-01	1.00000e-02	-2.19207e-01	1.00000e-02	4.52734e-01	5.00000e-02	
-5.46187e-01	1.00000e-02	-3.31445e-01	1.00000e-02	1.63851e-01	5.00000e-02	
-1.23043e+00	1.00000e-02	2.41269e-01	1.00000e-02	8.90206e-01	5.00000e-02	
-1.52399e+00	1.00000e-02	3.63273e-01	1.00000e-02	9.23873e-01	5.00000e-02	
-1.04360e+00	1.00000e-02	1.38048e-01	1.00000e-02	8.95052e-01	5.00000e-02	
-1.14876e+00	1.00000e-02	1.82624e-01	1.00000e-02	8.27635e-01	5.00000e-02	
-5.65748e-01	1.00000e-02	-3.25852e-01	1.00000e-02	2.05528e-01	5.00000e-02	
-1.78906e+00	1.00000e-02	4.18387e-01	1.00000e-02	9.79525e-01	5.00000e-02	
-9.77991e-01	1.00000e-02	6.81210e-02	1.00000e-02	7.31052e-01	5.00000e-02	
-1.32733e+00	1.00000e-02	2.91525e-01	1.00000e-02	1.00231e+00	5.00000e-02	
-1.40099e+00	1.00000e-02	3.11063e-01	1.00000e-02	1.06712e+00	5.00000e-02	
-1.03626e+00	1.00000e-02	1.24021e-01	1.00000e-02	8.97947e-01	5.00000e-02	
-1.38558e+00	1.00000e-02	3.30290e-01	1.00000e-02	1.00727e+00	5.00000e-02	
-1.04171e+00	1.00000e-02	1.23904e-01	1.00000e-02	8.50278e-01	5.00000e-02	
-1.12101e+00	1.00000e-02	1.73470e-01	1.00000e-02	8.30387e-01	5.00000e-02	
-1.18741e+00	1.00000e-02	2.48703e-01	1.00000e-02	9.52834e-01	5.00000e-02	
-1.10761e+00	1.00000e-02	1.78246e-01	1.00000e-02	8.69650e-01	5.00000e-02	
-1.33151e+00	1.00000e-02	2.88070e-01	1.00000e-02	9.83151e-01	5.00000e-02	
-1.03265e+00	1.00000e-02	9.64735e-02	1.00000e-02	8.97163e-01	5.00000e-02	
-1.21564e+00	1.00000e-02	2.20839e-01	1.00000e-02	1.03305e+00	5.00000e-02	
-1.25749e+00	1.00000e-02	2.49100e-01	1.00000e-02	8.55898e-01	5.00000e-02	
-9.27049e-01	1.00000e-02	3.28202e-02	1.00000e-02	7.71103e-01	5.00000e-02	
-8.35092e-01	1.00000e-02	-8.16098e-02	1.00000e-02	6.18123e-01	5.00000e-02	
-1.87906e+00	1.00000e-02	4.31828e-01	1.00000e-02	9.34202e-01	5.00000e-02	
-1.40232e+00	1.00000e-02	3.21199e-01	1.00000e-02	9.18013e-01	5.00000e-02	
-1.28323e+00	1.00000e-02	2.75896e-01	1.00000e-02	8.95491e-01	5.00000e-02	
-9.51843e-01	1.00000e-02	3.83435e-02	1.00000e-02	8.26543e-01	5.00000e-02	
-6.07892e-01	1.00000e-02	-2.90499e-01	1.00000e-02	2.74417e-01	5.00000e-02	
-7.14155e-01	1.00000e-02	-1.84135e-01	1.00000e-02	6.10144e-01	5.00000e-02	
-8.38402e-01	1.00000e-02	-4.93463e-02	1.00000e-02	7.90642e-01	5.00000e-02	
-1.31860e+00	1.00000e-02	2.78371e-01	1.00000e-02	9.73684e-01	5.00000e-02	
-5.39264e-01	1.00000e-02	-3.70115e-01	1.00000e-02	6.90273e-02	5.00000e-02	
-1.37399e+00	1.00000e-02	2.88260e-01	1.00000e-02	9.87814e-01	5.00000e-02	
-1.65699e+00	1.00000e-02	3.65955e-01	1.00000e-02	8.85324e-01	5.00000e-02	
-7.46426e-01	1.00000e-02	-1.40068e-01	1.00000e-02	5.85254e-01	5.00000e-02	
-1.38591e+00	1.00000e-02	3.22759e-01	1.00000e-02	8.89943e-01	5.00000e-02	
-1.01853e+00	1.00000e-02	1.11984e-01	1.00000e-02	8.44451e-01	5.00000e-02	
-1.80442e+00	1.00000e-02	4.35336e-01	1.00000e-02	9.40229e-01	5.00000e-02	
-9.98175e-01	1.00000e-02	8.85015e-02	1.00000e-02	7.54619e-01	5.00000e-02	
-8.92596e-01	1.00000e-02	-2.03365e-02	1.00000e-02	7.98064e-01	5.00000e-02	
-1.34261e+00	1.00000e-02	3.01408e-01	1.00000e-02	9.13479e-01	5.00000e-02	
-1.22329e+00	1.00000e-02	2.49167e-01	1.00000e-02	8.87200e-01	5.00000e-02	
-1.24582e+00	1.00000e-02	2.57272e-01	1.00000e-02	9.38400e-01	5.00000e-02	
-9.81655e-01	1.00000e-02	8.92409e-02	1.00000e-02	8.55717e-01	5.00000e-02	
-1.40406e+00	1.00000e-02	3.13082e-01	1.00000e-02	9.61300e-01	5.00000e-02	
-1.47723e+00	1.00000e-02	3.29688e-01	1.00000e-02	9.61275e-01	5.00000e-02	
-1.18839e+00	1.00000e-02	2.20019e-01	1.00000e-02	8.02918e-01	5.00000e-02	
-1.30387e+00	1.00000e-02	2.80303e-01	1.00000e-02	8.57155e-01	5.00000e-02	
-9.29330e-01	1.00000e-02	2.36535e-02	1.00000e-02	6.97854e-01	5.00000e-02	
-1.39545e+00	1.00000e-02	3.01152e-01	1.00000e-02	9.31242e-01	5.00000e-02	
-1.14283e+00	1.00000e-02	1.95563e-01	1.00000e-02	8.90277e-01	5.00000e-02	
-7.85192e-01	1.00000e-02	-1.08565e-01	1.00000e-02	5.97778e-01	5.00000e-02	
-1.04551e+00	1.00000e-02	1.51014e-01	1.00000e-02	8.58807e-01	5.00000e-02	
-9.05811e-01	1.00000e-02	-2.44684e-02	1.00000e-02	7.43408e-01	5.00000e-02	
-7.96921e-01	1.00000e-02	-1.03701e-01	1.00000e-02	5.43610e-01	5.00000e-02	
-9.92483e-01	1.00000e-02	8.71569e-02	1.00000e-02	7.98538e-01	5.00000e-02	
-1.02833e+00	1.00000e-02	9.01795e-02	1.00000e-02	9.88361e-01	5.00000e-02	
-7.16185e-01	1.00000e-02	-2.07232e-01	1.00000e-02	4.52568e-01	5.00000e-02	
-5.13464e-01	1.00000e-02	-3.94613e-01	1.00000e-02	3.69038e-02	5.00000e-02	
-1.18348e+00	1.00000e-02	2.06300e-01	1.00000e-02	8.51712e-01	5.00000e-02	
-1.75790e+00	1.00000e-02	4.14217e-01	1.00000e-02	1.05927e+00	5.00000e-02	
-1.32488e+00	1.00000e-02	2.83657e-01	1.00000e-02	8.98319e-01	5.00000e-02	
-1.53722e+00	1.00000e-02	3.53367e-01	1.00000e-02	9.52303e-01	5.00000e-02	
-1.21616e+00	1.00000e-02	2.34950e-01	1.00000e-02	9.23317e-01	5.00000e-02	
-1.58608e+00	1.00000e-02	3.55005e-01	1.00000e-02	9.98733e-01	5.00000e-02	
-1.07352e+00	1.00000e-02	1.41967e-01	1.00000e-02	9.38808e-01	5.00000e-02	
-1.24967e+00	1.00000e-02	2.44226e-01	1.00000e-02	9.22953e-01	5.00000e-02	
-8.81411e-01	1.00000e-02	-3.62933e-02	1.00000e-02	7.99458e-01	5.00000e-02	
-7.08884e-01	1.00000e-02	-1.98027e-01	1.00000e-02	5.16506e-01	5.00000e-02	
-1.11349e+00	1.00000e-02	1.75829e-01	1.00000e-02	8.82897e-01	5.00000e-02	
-1.33442e+00	1.00000e-02	2.98429e-01	1.00000e-02	9.27326e-01	5.00000e-02	
-1.08693e+00	1.00000e-02	1.48359e-01	1.00000e-02	8.62236e-01	5.00000e-02	
-8.72507e-01	1.00000e-02	-5.16212e-02	1.00000e-02	7.50671e-01	5.00000e-02	
-1.21888e+00	1.00000e-02	2.39968e-01	1.00000e-02	8.98967e-01	5.00000e-02	
-1.11077e+00	1.00000e-02	1.65528e-01	1.00000e-02	9.38530e-01	5.00000e-02	
-1.35510e+00	1.00000e-02	2.88128e-01	1.00000e-02	8.72157e-01	5.00000e-02	
-1.17570e+00	1.00000e-02	2.07309e-01	1.00000e-02	9.22973e-01	5.00000e-02	
-1.22574e+00	1.00000e-02	2.46436e-01	1.00000e-02	9.60695e-01	5.00000e-02	
-1.37754e+00	1.00000e-02	3.00564e-01	1.00000e-02	9.80922e-01	5.00000e-02	
-1.12425e+00	1.00000e-02	1.84363e-01	1.00000e-02	9.21901e-01	5.00000e-02	
