# [Fe/H]	[Fe/H]_err	[O/Fe]	[O/Fe]_err	Log(age/Gyr)	Log(age/Gyr)_err
-1.11156e+00	5.00000e-03	2.72009e-01	5.00000e-03	1.03203e+00	1.00000e-02	
-2.11162e+00	5.00000e-03	3.76417e-01	5.00000e-03	1.12682e+00	1.00000e-02	
-1.00937e+00	5.00000e-03	2.79229e-01	5.00000e-03	1.02065e+00	1.00000e-02	
-1.11358e+00	5.00000e-03	2.60479e-01	5.00000e-03	1.01804e+00	1.00000e-02	
-1.13378e+00	5.00000e-03	2.52988e-01	5.00000e-03	1.01469e+00	1.00000e-02	
-1.23238e+00	5.00000e-03	2.48855e-01	5.00000e-03	1.05977e+00	1.00000e-02	
-1.43912e+00	5.00000e-03	2.65745e-01	5.00000e-03	1.06582e+00	1.00000e-02	
-9.33944e-01	5.00000e-03	3.01260e-01	5.00000e-03	1.01658e+00	1.00000e-02	
-1.27743e+00	5.00000e-03	2.46791e-01	5.00000e-03	1.04026e+00	1.00000e-02	
-1.32230e+00	5.00000e-03	2.49606e-01	5.00000e-03	1.06024e+00	1.00000e-02	
-9.37958e-01	5.00000e-03	3.00650e-01	5.00000e-03	1.01386e+00	1.00000e-02	
-1.02337e+00	5.00000e-03	2.75959e-01	5.00000e-03	1.04048e+00	1.00000e-02	
-1.58562e+00	5.00000e-03	2.84474e-01	5.00000e-03	1.09773e+00	1.00000e-02	
-1.03778e+00	5.00000e-03	2.83928e-01	5.00000e-03	1.02611e+00	1.00000e-02	
-1.46222e+00	5.00000e-03	2.65740e-01	5.00000e-03	1.05136e+00	1.00000e-02	
-7.85847e-01	5.00000e-03	3.17961e-01	5.00000e-03	1.02243e+00	1.00000e-02	
-6.79424e-01	5.00000e-03	3.16374e-01	5.00000e-03	1.00034e+00	1.00000e-02	
-1.05467e+00	5.00000e-03	2.75610e-01	5.00000e-03	1.02117e+00	1.00000e-02	
-6.96911e-01	5.00000e-03	3.19482e-01	5.00000e-03	1.00251e+00	1.00000e-02	
-1.76083e+00	5.00000e-03	3.18381e-01	5.00000e-03	1.09458e+00	1.00000e-02	
-1.04940e+00	5.00000e-03	2.83362e-01	5.00000e-03	1.04411e+00	1.00000e-02	
-1.82122e+00	5.00000e-03	3.30028e-01	5.00000e-03	1.09856e+00	1.00000e-02	
-1.12418e+00	5.00000e-03	2.59747e-01	5.00000e-03	1.03061e+00	1.00000e-02	
-1.70590e+00	5.00000e-03	3.04833e-01	5.00000e-03	1.08795e+00	1.00000e-02	
-1.60154e+00	5.00000e-03	2.97322e-01	5.00000e-03	1.08265e+00	1.00000e-02	
-9.58700e-01	5.00000e-03	3.01503e-01	5.00000e-03	1.01396e+00	1.00000e-02	
-1.39282e+00	5.00000e-03	2.57623e-01	5.00000e-03	1.05146e+00	1.00000e-02	
-1.65924e+00	5.00000e-03	3.01905e-01	5.00000e-03	1.09611e+00	1.00000e-02	
-1.40358e+00	5.00000e-03	2.47857e-01	5.00000e-03	1.06650e+00	1.00000e-02	
-1.21530e+00	5.00000e-03	2.47439e-01	5.00000e-03	1.03507e+00	1.00000e-02	
-1.08246e+00	5.00000e-03	2.67160e-01	5.00000e-03	1.02115e+00	1.00000e-02	
-1.43638e+00	5.00000e-03	2.65239e-01	5.00000e-03	1.06869e+00	1.00000e-02	
-9.29515e-01	5.00000e-03	3.11782e-01	5.00000e-03	1.01756e+00	1.00000e-02	
-1.06445e+00	5.00000e-03	2.70633e-01	5.00000e-03	1.01603e+00	1.00000e-02	
-1.05459e+00	5.00000e-03	2.71020e-01	5.00000e-03	1.02214e+00	1.00000e-02	
-1.18248e+00	5.00000e-03	2.56040e-01	5.00000e-03	1.04394e+00	1.00000e-02	
-7.68675e-01	5.00000e-03	3.20561e-01	5.00000e-03	9.99528e-01	1.00000e-02	
-9.78682e-01	5.00000e-03	2.95008e-01	5.00000e-03	1.02243e+00	1.00000e-02	
-1.51530e+00	5.00000e-03	2.72930e-01	5.00000e-03	1.07695e+00	1.00000e-02	
-8.64087e-01	5.00000e-03	3.17820e-01	5.00000e-03	1.02391e+00	1.00000e-02	
-4.56342e-01	5.00000e-03	2.19149e-01	5.00000e-03	9.95712e-01	1.00000e-02	
-1.05520e+00	5.00000e-03	2.80248e-01	5.00000e-03	1.01261e+00	1.00000e-02	
-6.26275e-01	5.00000e-03	2.95241e-01	5.00000e-03	1.03473e+00	1.00000e-02	
-1.22875e+00	5.00000e-03	2.51812e-01	5.00000e-03	1.02870e+00	1.00000e-02	
-9.74599e-01	5.00000e-03	2.83255e-01	5.00000e-03	1.02575e+00	1.00000e-02	
-1.13217e+00	5.00000e-03	2.64653e-01	5.00000e-03	1.01666e+00	1.00000e-02	
-1.11915e+00	5.00000e-03	2.54053e-01	5.00000e-03	1.02459e+00	1.00000e-02	
-7.89213e-01	5.00000e-03	3.34627e-01	5.00000e-03	9.93836e-01	1.00000e-02	
-1.01552e+00	5.00000e-03	2.82866e-01	5.00000e-03	1.01708e+00	1.00000e-02	
-4.88207e-01	5.00000e-03	2.39326e-01	5.00000e-03	1.00618e+00	1.00000e-02	
-1.00986e+00	5.00000e-03	2.80942e-01	5.00000e-03	1.01883e+00	1.00000e-02	
-1.75153e+00	5.00000e-03	3.14420e-01	5.00000e-03	1.09807e+00	1.00000e-02	
-1.19464e+00	5.00000e-03	2.53050e-01	5.00000e-03	1.03905e+00	1.00000e-02	
-6.94717e-01	5.00000e-03	3.08259e-01	5.00000e-03	1.02146e+00	1.00000e-02	
-1.14372e+00	5.00000e-03	2.63079e-01	5.00000e-03	1.03440e+00	1.00000e-02	
-2.09013e+00	5.00000e-03	3.77917e-01	5.00000e-03	1.11245e+00	1.00000e-02	
-1.35833e+00	5.00000e-03	2.47089e-01	5.00000e-03	1.06591e+00	1.00000e-02	
-1.81468e+00	5.00000e-03	3.28158e-01	5.00000e-03	1.10387e+00	1.00000e-02	
-3.72865e-01	5.00000e-03	1.57682e-01	5.00000e-03	1.01509e+00	1.00000e-02	
-4.42188e-01	5.00000e-03	2.14540e-01	5.00000e-03	9.90475e-01	1.00000e-02	
-7.65577e-01	5.00000e-03	3.34248e-01	5.00000e-03	1.01976e+00	1.00000e-02	
-9.61203e-01	5.00000e-03	3.01139e-01	5.00000e-03	1.01901e+00	1.00000e-02	
-8.00160e-01	5.00000e-03	3.26469e-01	5.00000e-03	1.01918e+00	1.00000e-02	
-1.50116e+00	5.00000e-03	2.70416e-01	5.00000e-03	1.08082e+00	1.00000e-02	
-1.29272e+00	5.00000e-03	2.48471e-01	5.00000e-03	1.04422e+00	1.00000e-02	
-1.02909e+00	5.00000e-03	2.80992e-01	5.00000e-03	1.01608e+00	1.00000e-02	
-1.20888e+00	5.00000e-03	2.49498e-01	5.00000e-03	1.04056e+00	1.00000e-02	
-1.93595e+00	5.00000e-03	3.52295e-01	5.00000e-03	1.10895e+00	1.00000e-02	
-4.03128e-01	5.00000e-03	1.82791e-01	5.00000e-03	1.01006e+00	1.00000e-02	
-1.10640e+00	5.00000e-03	2.72394e-01	5.00000e-03	1.01164e+00	1.00000e-02	
-1.05068e+00	5.00000e-03	2.75042e-01	5.00000e-03	1.03202e+00	1.00000e-02	
-1.24456e+00	5.00000e-03	2.47325e-01	5.00000e-03	1.04833e+00	1.00000e-02	
-1.34013e+00	5.00000e-03	2.44763e-01	5.00000e-03	1.05570e+00	1.00000e-02	
-1.17662e+00	5.00000e-03	2.61818e-01	5.00000e-03	1.02486e+00	1.00000e-02	
-7.25671e-01	5.00000e-03	3.24313e-01	5.00000e-03	9.95481e-01	1.00000e-02	
-8.31253e-01	5.00000e-03	3.22475e-01	5.00000e-03	1.03057e+00	1.00000e-02	
-1.16493e+00	5.00000e-03	2.53832e-01	5.00000e-03	1.02076e+00	1.00000e-02	
-2.30188e+00	5.00000e-03	4.15447e-01	5.00000e-03	1.12179e+00	1.00000e-02	
-7.60480e-01	5.00000e-03	3.33770e-01	5.00000e-03	1.02074e+00	1.00000e-02	
-1.32658e+00	5.00000e-03	2.43151e-01	5.00000e-03	1.03433e+00	1.00000e-02	
-9.76287e-01	5.00000e-03	2.91654e-01	5.00000e-03	1.03532e+00	1.00000e-02	
-2.12059e+00	5.00000e-03	3.74605e-01	5.00000e-03	1.12612e+00	1.00000e-02	
-9.01827e-01	5.00000e-03	3.09296e-01	5.00000e-03	1.02178e+00	1.00000e-02	
-1.16619e+00	5.00000e-03	2.57931e-01	5.00000e-03	1.03626e+00	1.00000e-02	
-1.05226e+00	5.00000e-03	2.66287e-01	5.00000e-03	1.03260e+00	1.00000e-02	
-1.13804e+00	5.00000e-03	2.54392e-01	5.00000e-03	1.02612e+00	1.00000e-02	
-1.21529e+00	5.00000e-03	2.46825e-01	5.00000e-03	1.03531e+00	1.00000e-02	
-1.00715e+00	5.00000e-03	2.78720e-01	5.00000e-03	1.04388e+00	1.00000e-02	
-4.34156e-01	5.00000e-03	2.16598e-01	5.00000e-03	1.00139e+00	1.00000e-02	
-1.64018e+00	5.00000e-03	2.99040e-01	5.00000e-03	1.10924e+00	1.00000e-02	
-1.25640e+00	5.00000e-03	2.50184e-01	5.00000e-03	1.04056e+00	1.00000e-02	
-1.96576e+00	5.00000e-03	3.63876e-01	5.00000e-03	1.09740e+00	1.00000e-02	
-8.32508e-01	5.00000e-03	3.17119e-01	5.00000e-03	1.00877e+00	1.00000e-02	
-9.08531e-01	5.00000e-03	3.14784e-01	5.00000e-03	1.01810e+00	1.00000e-02	
-1.40741e+00	5.00000e-03	2.53461e-01	5.00000e-03	1.05871e+00	1.00000e-02	
-1.13600e+00	5.00000e-03	2.60853e-01	5.00000e-03	1.02866e+00	1.00000e-02	
-9.30891e-01	5.00000e-03	3.10422e-01	5.00000e-03	1.03743e+00	1.00000e-02	
-9.06577e-01	5.00000e-03	3.12204e-01	5.00000e-03	1.00892e+00	1.00000e-02	
-1.50064e+00	5.00000e-03	2.68420e-01	5.00000e-03	1.07882e+00	1.00000e-02	
-6.34123e-01	5.00000e-03	3.07719e-01	5.00000e-03	1.00491e+00	1.00000e-02	
-7.85222e-01	5.00000e-03	3.17314e-01	5.00000e-03	1.02887e+00	1.00000e-02	
-1.58559e+00	5.00000e-03	2.83357e-01	5.00000e-03	1.08422e+00	1.00000e-02	
-6.66977e-01	5.00000e-03	3.20979e-01	5.00000e-03	1.01845e+00	1.00000e-02	
-8.22436e-01	5.00000e-03	3.21021e-01	5.00000e-03	1.01918e+00	1.00000e-02	
-7.65002e-01	5.00000e-03	3.27127e-01	5.00000e-03	1.01970e+00	1.00000e-02	
-1.01692e+00	5.00000e-03	2.87845e-01	5.00000e-03	1.03941e+00	1.00000e-02	
-1.39987e+00	5.00000e-03	2.58133e-01	5.00000e-03	1.05773e+00	1.00000e-02	
-5.74990e-01	5.00000e-03	2.81045e-01	5.00000e-03	1.00092e+00	1.00000e-02	
-9.76083e-01	5.00000e-03	3.00442e-01	5.00000e-03	1.01496e+00	1.00000e-02	
-1.21872e+00	5.00000e-03	2.49615e-01	5.00000e-03	1.04169e+00	1.00000e-02	
-1.32815e+00	5.00000e-03	2.48903e-01	5.00000e-03	1.04897e+00	1.00000e-02	
-5.78019e-01	5.00000e-03	2.81751e-01	5.00000e-03	1.01355e+00	1.00000e-02	
-1.13764e+00	5.00000e-03	2.59557e-01	5.00000e-03	1.02127e+00	1.00000e-02	
-1.00715e+00	5.00000e-03	2.85284e-01	5.00000e-03	1.01559e+00	1.00000e-02	
-9.63816e-01	5.00000e-03	2.96697e-01	5.00000e-03	1.03403e+00	1.00000e-02	
-7.33717e-01	5.00000e-03	3.28862e-01	5.00000e-03	1.01270e+00	1.00000e-02	
-9.41694e-01	5.00000e-03	2.98869e-01	5.00000e-03	1.02350e+00	1.00000e-02	
-1.48227e+00	5.00000e-03	2.74354e-01	5.00000e-03	1.08037e+00	1.00000e-02	
-9.73288e-01	5.00000e-03	2.96733e-01	5.00000e-03	1.00987e+00	1.00000e-02	
-1.06562e+00	5.00000e-03	2.74334e-01	5.00000e-03	1.01420e+00	1.00000e-02	
-1.00742e+00	5.00000e-03	2.83084e-01	5.00000e-03	1.03671e+00	1.00000e-02	
-8.72822e-01	5.00000e-03	3.20168e-01	5.00000e-03	1.02863e+00	1.00000e-02	
-1.35683e+00	5.00000e-03	2.51408e-01	5.00000e-03	1.03842e+00	1.00000e-02	
-1.46270e+00	5.00000e-03	2.58503e-01	5.00000e-03	1.06513e+00	1.00000e-02	
-1.66641e+00	5.00000e-03	2.98743e-01	5.00000e-03	1.08688e+00	1.00000e-02	
-1.31777e+00	5.00000e-03	2.40483e-01	5.00000e-03	1.04728e+00	1.00000e-02	
-2.37087e+00	5.00000e-03	4.19523e-01	5.00000e-03	1.14018e+00	1.00000e-02	
-9.43971e-01	5.00000e-03	3.05257e-01	5.00000e-03	1.01823e+00	1.00000e-02	
-1.29371e+00	5.00000e-03	2.43081e-01	5.00000e-03	1.05885e+00	1.00000e-02	
-1.46441e+00	5.00000e-03	2.63418e-01	5.00000e-03	1.07883e+00	1.00000e-02	
-1.70361e+00	5.00000e-03	3.03257e-01	5.00000e-03	1.09455e+00	1.00000e-02	
-1.30241e+00	5.00000e-03	2.45226e-01	5.00000e-03	1.05034e+00	1.00000e-02	
-1.41241e+00	5.00000e-03	2.56803e-01	5.00000e-03	1.05842e+00	1.00000e-02	
-1.30174e+00	5.00000e-03	2.42585e-01	5.00000e-03	1.05171e+00	1.00000e-02	
-1.08002e+00	5.00000e-03	2.65650e-01	5.00000e-03	1.03277e+00	1.00000e-02	
-9.93452e-01	5.00000e-03	2.84915e-01	5.00000e-03	1.03455e+00	1.00000e-02	
-7.07199e-01	5.00000e-03	3.21162e-01	5.00000e-03	1.02270e+00	1.00000e-02	
-3.82579e-01	5.00000e-03	1.80622e-01	5.00000e-03	9.96782e-01	1.00000e-02	
-1.91961e+00	5.00000e-03	3.55641e-01	5.00000e-03	1.12754e+00	1.00000e-02	
-1.38590e+00	5.00000e-03	2.51505e-01	5.00000e-03	1.06977e+00	1.00000e-02	
-9.19443e-01	5.00000e-03	3.02897e-01	5.00000e-03	1.02407e+00	1.00000e-02	
-1.53102e+00	5.00000e-03	2.81567e-01	5.00000e-03	1.09719e+00	1.00000e-02	
-6.67886e-01	5.00000e-03	3.09977e-01	5.00000e-03	9.98691e-01	1.00000e-02	
-1.41042e+00	5.00000e-03	2.59019e-01	5.00000e-03	1.06986e+00	1.00000e-02	
-8.26990e-01	5.00000e-03	3.16461e-01	5.00000e-03	1.00962e+00	1.00000e-02	
-9.02205e-01	5.00000e-03	3.11851e-01	5.00000e-03	1.01595e+00	1.00000e-02	
-7.60847e-01	5.00000e-03	3.23115e-01	5.00000e-03	1.01768e+00	1.00000e-02	
-2.05719e+00	5.00000e-03	3.69062e-01	5.00000e-03	1.10613e+00	1.00000e-02	
-1.37754e+00	5.00000e-03	2.55973e-01	5.00000e-03	1.06679e+00	1.00000e-02	
-8.61118e-01	5.00000e-03	3.18333e-01	5.00000e-03	1.00824e+00	1.00000e-02	
-1.72965e+00	5.00000e-03	3.18534e-01	5.00000e-03	nan	nan
-2.06386e+00	5.00000e-03	3.66354e-01	5.00000e-03	nan	nan
-1.20405e+00	5.00000e-03	2.50035e-01	5.00000e-03	nan	nan
-9.68631e-01	5.00000e-03	2.93590e-01	5.00000e-03	nan	nan
-1.90045e+00	5.00000e-03	3.43278e-01	5.00000e-03	nan	nan
-1.82782e+00	5.00000e-03	3.33592e-01	5.00000e-03	nan	nan
-1.95242e+00	5.00000e-03	3.65526e-01	5.00000e-03	nan	nan
-1.15896e+00	5.00000e-03	2.59670e-01	5.00000e-03	nan	nan
-8.96701e-01	5.00000e-03	3.05658e-01	5.00000e-03	nan	nan
-1.43616e+00	5.00000e-03	2.63792e-01	5.00000e-03	nan	nan
-6.42379e-01	5.00000e-03	2.99661e-01	5.00000e-03	nan	nan
-1.11819e+00	5.00000e-03	2.51578e-01	5.00000e-03	nan	nan
-9.45196e-01	5.00000e-03	2.98851e-01	5.00000e-03	nan	nan
-1.28952e+00	5.00000e-03	2.44717e-01	5.00000e-03	nan	nan
-9.48127e-01	5.00000e-03	3.03029e-01	5.00000e-03	nan	nan
-4.76080e-01	5.00000e-03	2.39419e-01	5.00000e-03	nan	nan
-1.10320e+00	5.00000e-03	2.65387e-01	5.00000e-03	nan	nan
-1.43384e+00	5.00000e-03	2.63143e-01	5.00000e-03	nan	nan
-1.12041e+00	5.00000e-03	2.55130e-01	5.00000e-03	nan	nan
-1.10576e+00	5.00000e-03	2.67848e-01	5.00000e-03	nan	nan
-1.04160e+00	5.00000e-03	2.76094e-01	5.00000e-03	nan	nan
-1.02567e+00	5.00000e-03	2.78155e-01	5.00000e-03	nan	nan
-1.96620e+00	5.00000e-03	3.48465e-01	5.00000e-03	nan	nan
-1.51486e+00	5.00000e-03	2.75150e-01	5.00000e-03	nan	nan
-1.10079e+00	5.00000e-03	2.62821e-01	5.00000e-03	nan	nan
-8.52212e-01	5.00000e-03	3.18990e-01	5.00000e-03	nan	nan
-7.88335e-01	5.00000e-03	3.28359e-01	5.00000e-03	nan	nan
-7.98480e-01	5.00000e-03	3.31563e-01	5.00000e-03	nan	nan
-1.04384e+00	5.00000e-03	2.73289e-01	5.00000e-03	nan	nan
-4.79631e-01	5.00000e-03	2.27111e-01	5.00000e-03	nan	nan
-1.22786e+00	5.00000e-03	2.54191e-01	5.00000e-03	nan	nan
-1.07147e+00	5.00000e-03	2.69877e-01	5.00000e-03	nan	nan
-8.27648e-01	5.00000e-03	3.23216e-01	5.00000e-03	nan	nan
-6.78864e-01	5.00000e-03	3.20870e-01	5.00000e-03	nan	nan
-1.14515e+00	5.00000e-03	2.55317e-01	5.00000e-03	nan	nan
-6.97313e-01	5.00000e-03	3.24501e-01	5.00000e-03	nan	nan
-1.10270e+00	5.00000e-03	2.62037e-01	5.00000e-03	nan	nan
-8.51665e-01	5.00000e-03	3.17086e-01	5.00000e-03	nan	nan
-2.41007e+00	5.00000e-03	4.30663e-01	5.00000e-03	nan	nan
-2.11920e+00	5.00000e-03	3.89229e-01	5.00000e-03	nan	nan
-5.33693e-01	5.00000e-03	2.67241e-01	5.00000e-03	nan	nan
-1.68413e+00	5.00000e-03	2.94957e-01	5.00000e-03	nan	nan
-9.03044e-01	5.00000e-03	3.05545e-01	5.00000e-03	nan	nan
-1.30366e+00	5.00000e-03	2.44784e-01	5.00000e-03	nan	nan
-1.43554e+00	5.00000e-03	2.68630e-01	5.00000e-03	nan	nan
-1.17315e+00	5.00000e-03	2.57711e-01	5.00000e-03	nan	nan
-5.56190e-01	5.00000e-03	2.65101e-01	5.00000e-03	nan	nan
-1.00029e+00	5.00000e-03	2.83002e-01	5.00000e-03	nan	nan
-5.78856e-01	5.00000e-03	2.89792e-01	5.00000e-03	nan	nan
-8.64129e-01	5.00000e-03	3.32427e-01	5.00000e-03	nan	nan
-1.05317e+00	5.00000e-03	2.71985e-01	5.00000e-03	nan	nan
-1.05512e+00	5.00000e-03	2.78135e-01	5.00000e-03	nan	nan
-1.40870e+00	5.00000e-03	2.60131e-01	5.00000e-03	nan	nan
-2.57328e+00	5.00000e-03	4.36069e-01	5.00000e-03	nan	nan
-1.13511e+00	5.00000e-03	2.68109e-01	5.00000e-03	nan	nan
-9.93159e-01	5.00000e-03	2.93486e-01	5.00000e-03	nan	nan
-6.50782e-01	5.00000e-03	3.02349e-01	5.00000e-03	nan	nan
-8.80607e-01	5.00000e-03	3.15377e-01	5.00000e-03	nan	nan
-7.10199e-01	5.00000e-03	3.21474e-01	5.00000e-03	nan	nan
-5.56666e-01	5.00000e-03	2.66476e-01	5.00000e-03	nan	nan
-5.19878e-01	5.00000e-03	2.50136e-01	5.00000e-03	nan	nan
-7.37307e-01	5.00000e-03	3.17598e-01	5.00000e-03	nan	nan
-1.59057e+00	5.00000e-03	2.88283e-01	5.00000e-03	nan	nan
-1.22425e+00	5.00000e-03	2.51512e-01	5.00000e-03	nan	nan
-1.42129e+00	5.00000e-03	2.58493e-01	5.00000e-03	nan	nan
-6.65974e-01	5.00000e-03	3.14393e-01	5.00000e-03	nan	nan
-7.80013e-01	5.00000e-03	3.23308e-01	5.00000e-03	nan	nan
-1.21703e+00	5.00000e-03	2.47304e-01	5.00000e-03	nan	nan
-9.84128e-01	5.00000e-03	2.98176e-01	5.00000e-03	nan	nan
-7.54415e-01	5.00000e-03	3.09213e-01	5.00000e-03	nan	nan
-7.17618e-01	5.00000e-03	3.17895e-01	5.00000e-03	nan	nan
-1.43241e+00	5.00000e-03	2.60457e-01	5.00000e-03	nan	nan
-8.33946e-01	5.00000e-03	3.15277e-01	5.00000e-03	nan	nan
-7.61402e-01	5.00000e-03	3.20024e-01	5.00000e-03	nan	nan
-1.95254e+00	5.00000e-03	3.49696e-01	5.00000e-03	nan	nan
-1.66657e+00	5.00000e-03	3.04819e-01	5.00000e-03	nan	nan
-1.11764e+00	5.00000e-03	2.55265e-01	5.00000e-03	nan	nan
-1.39669e+00	5.00000e-03	2.59531e-01	5.00000e-03	nan	nan
-6.50878e-01	5.00000e-03	3.02509e-01	5.00000e-03	nan	nan
-8.50907e-01	5.00000e-03	3.24024e-01	5.00000e-03	nan	nan
-8.49630e-01	5.00000e-03	3.25715e-01	5.00000e-03	nan	nan
-7.98420e-01	5.00000e-03	3.20555e-01	5.00000e-03	nan	nan
-1.23939e+00	5.00000e-03	2.44952e-01	5.00000e-03	nan	nan
-1.38699e+00	5.00000e-03	2.52003e-01	5.00000e-03	nan	nan
-9.42358e-01	5.00000e-03	2.96388e-01	5.00000e-03	nan	nan
-1.14130e+00	5.00000e-03	2.58930e-01	5.00000e-03	nan	nan
-5.24524e-01	5.00000e-03	2.55666e-01	5.00000e-03	nan	nan
-9.30547e-01	5.00000e-03	3.01514e-01	5.00000e-03	nan	nan
-1.17413e+00	5.00000e-03	2.48367e-01	5.00000e-03	nan	nan
-6.90531e-01	5.00000e-03	3.16913e-01	5.00000e-03	nan	nan
-1.17767e+00	5.00000e-03	2.44430e-01	5.00000e-03	nan	nan
-1.48108e+00	5.00000e-03	2.73576e-01	5.00000e-03	nan	nan
-7.82460e-01	5.00000e-03	3.25268e-01	5.00000e-03	nan	nan
-1.08483e+00	5.00000e-03	2.70310e-01	5.00000e-03	nan	nan
-1.34466e+00	5.00000e-03	2.42830e-01	5.00000e-03	nan	nan
-8.79889e-01	5.00000e-03	3.20843e-01	5.00000e-03	nan	nan
-4.18397e-01	5.00000e-03	1.88071e-01	5.00000e-03	nan	nan
-1.36174e+00	5.00000e-03	2.53027e-01	5.00000e-03	nan	nan
-7.73631e-01	5.00000e-03	3.24038e-01	5.00000e-03	nan	nan
-8.13716e-01	5.00000e-03	3.14578e-01	5.00000e-03	nan	nan
-1.62708e+00	5.00000e-03	2.92319e-01	5.00000e-03	nan	nan
-7.11092e-01	5.00000e-03	3.18473e-01	5.00000e-03	nan	nan
-1.08622e+00	5.00000e-03	2.58928e-01	5.00000e-03	nan	nan
-1.61808e+00	5.00000e-03	3.03154e-01	5.00000e-03	nan	nan
-1.02066e+00	5.00000e-03	2.86483e-01	5.00000e-03	nan	nan
-1.28018e+00	5.00000e-03	2.52317e-01	5.00000e-03	nan	nan
-1.48014e+00	5.00000e-03	2.67343e-01	5.00000e-03	nan	nan
-1.76206e+00	5.00000e-03	3.09155e-01	5.00000e-03	nan	nan
-1.44335e+00	5.00000e-03	2.66074e-01	5.00000e-03	nan	nan
-1.11985e+00	5.00000e-03	2.55350e-01	5.00000e-03	nan	nan
-9.22097e-01	5.00000e-03	3.04756e-01	5.00000e-03	nan	nan
-1.73515e+00	5.00000e-03	3.13131e-01	5.00000e-03	nan	nan
-8.46627e-01	5.00000e-03	3.22428e-01	5.00000e-03	nan	nan
-1.69138e+00	5.00000e-03	3.05706e-01	5.00000e-03	nan	nan
-1.48920e+00	5.00000e-03	2.68056e-01	5.00000e-03	nan	nan
-8.49366e-01	5.00000e-03	3.19508e-01	5.00000e-03	nan	nan
-6.40855e-01	5.00000e-03	3.03932e-01	5.00000e-03	nan	nan
-4.04544e-01	5.00000e-03	1.84997e-01	5.00000e-03	nan	nan
-9.04600e-01	5.00000e-03	3.12298e-01	5.00000e-03	nan	nan
-1.07216e+00	5.00000e-03	2.62602e-01	5.00000e-03	nan	nan
-1.72700e+00	5.00000e-03	3.10870e-01	5.00000e-03	nan	nan
-9.94937e-01	5.00000e-03	2.92885e-01	5.00000e-03	nan	nan
-1.47855e+00	5.00000e-03	2.76189e-01	5.00000e-03	nan	nan
-1.03611e+00	5.00000e-03	2.77785e-01	5.00000e-03	nan	nan
-9.55575e-01	5.00000e-03	3.03238e-01	5.00000e-03	nan	nan
-7.28602e-01	5.00000e-03	3.14383e-01	5.00000e-03	nan	nan
-1.23796e+00	5.00000e-03	2.53939e-01	5.00000e-03	nan	nan
-3.92028e-01	5.00000e-03	1.67647e-01	5.00000e-03	nan	nan
-3.63681e-01	5.00000e-03	1.51850e-01	5.00000e-03	nan	nan
-7.33076e-01	5.00000e-03	3.17925e-01	5.00000e-03	nan	nan
-8.72627e-01	5.00000e-03	3.18381e-01	5.00000e-03	nan	nan
-8.44727e-01	5.00000e-03	3.23934e-01	5.00000e-03	nan	nan
-6.54224e-01	5.00000e-03	3.09888e-01	5.00000e-03	nan	nan
-4.91939e-01	5.00000e-03	2.43646e-01	5.00000e-03	nan	nan
-6.91245e-01	5.00000e-03	3.18787e-01	5.00000e-03	nan	nan
-9.28117e-01	5.00000e-03	3.04003e-01	5.00000e-03	nan	nan
-1.78491e+00	5.00000e-03	3.27604e-01	5.00000e-03	nan	nan
-9.39860e-01	5.00000e-03	2.96318e-01	5.00000e-03	nan	nan
-1.21100e+00	5.00000e-03	2.55413e-01	5.00000e-03	nan	nan
-1.50880e+00	5.00000e-03	2.77533e-01	5.00000e-03	nan	nan
-6.17341e-01	5.00000e-03	2.99962e-01	5.00000e-03	nan	nan
-7.25933e-01	5.00000e-03	3.25720e-01	5.00000e-03	nan	nan
-1.03357e+00	5.00000e-03	2.81196e-01	5.00000e-03	nan	nan
-1.08395e+00	5.00000e-03	2.62999e-01	5.00000e-03	nan	nan
-1.06424e+00	5.00000e-03	2.72894e-01	5.00000e-03	nan	nan
-1.32808e+00	5.00000e-03	2.52822e-01	5.00000e-03	nan	nan
-1.14948e+00	5.00000e-03	2.54504e-01	5.00000e-03	nan	nan
-1.12029e+00	5.00000e-03	2.68506e-01	5.00000e-03	nan	nan
-2.26726e+00	5.00000e-03	4.02149e-01	5.00000e-03	nan	nan
-6.21200e-01	5.00000e-03	3.00648e-01	5.00000e-03	nan	nan
-2.08063e+00	5.00000e-03	3.84659e-01	5.00000e-03	nan	nan
-1.18560e+00	5.00000e-03	2.52313e-01	5.00000e-03	nan	nan
-1.70601e+00	5.00000e-03	3.14444e-01	5.00000e-03	nan	nan
-1.44603e+00	5.00000e-03	2.60357e-01	5.00000e-03	nan	nan
-5.06984e-01	5.00000e-03	2.55958e-01	5.00000e-03	nan	nan
-1.19994e+00	5.00000e-03	2.55689e-01	5.00000e-03	nan	nan
-8.39446e-01	5.00000e-03	3.25284e-01	5.00000e-03	nan	nan
-1.59814e+00	5.00000e-03	2.90521e-01	5.00000e-03	nan	nan
-1.35345e+00	5.00000e-03	2.41215e-01	5.00000e-03	nan	nan
-6.34535e-01	5.00000e-03	3.12477e-01	5.00000e-03	nan	nan
-5.97504e-01	5.00000e-03	2.90488e-01	5.00000e-03	nan	nan
-1.30041e+00	5.00000e-03	2.47237e-01	5.00000e-03	nan	nan
-4.55362e-01	5.00000e-03	2.12872e-01	5.00000e-03	nan	nan
-8.97771e-01	5.00000e-03	3.21846e-01	5.00000e-03	nan	nan
-1.04009e+00	5.00000e-03	2.78651e-01	5.00000e-03	nan	nan
-1.18651e+00	5.00000e-03	2.53306e-01	5.00000e-03	nan	nan
-1.22794e+00	5.00000e-03	2.45184e-01	5.00000e-03	nan	nan
-4.90082e-01	5.00000e-03	2.40824e-01	5.00000e-03	nan	nan
-8.74663e-01	5.00000e-03	3.16332e-01	5.00000e-03	nan	nan
-1.01810e+00	5.00000e-03	2.85713e-01	5.00000e-03	nan	nan
-1.94876e+00	5.00000e-03	3.46578e-01	5.00000e-03	nan	nan
-1.35340e+00	5.00000e-03	2.50822e-01	5.00000e-03	nan	nan
-5.04126e-01	5.00000e-03	2.54933e-01	5.00000e-03	nan	nan
-1.00286e+00	5.00000e-03	2.88684e-01	5.00000e-03	nan	nan
-1.20919e+00	5.00000e-03	2.59357e-01	5.00000e-03	nan	nan
-2.38655e+00	5.00000e-03	4.34030e-01	5.00000e-03	nan	nan
-1.34783e+00	5.00000e-03	2.52279e-01	5.00000e-03	nan	nan
-1.34616e+00	5.00000e-03	2.41333e-01	5.00000e-03	nan	nan
-1.50759e+00	5.00000e-03	2.68157e-01	5.00000e-03	nan	nan
-1.22283e+00	5.00000e-03	2.58013e-01	5.00000e-03	nan	nan
-1.43116e+00	5.00000e-03	2.67083e-01	5.00000e-03	nan	nan
-1.83692e+00	5.00000e-03	3.25967e-01	5.00000e-03	nan	nan
-1.69476e+00	5.00000e-03	3.07477e-01	5.00000e-03	nan	nan
-1.05350e+00	5.00000e-03	2.71356e-01	5.00000e-03	nan	nan
-1.81038e+00	5.00000e-03	3.21762e-01	5.00000e-03	nan	nan
-5.34548e-01	5.00000e-03	2.62395e-01	5.00000e-03	nan	nan
-1.43122e+00	5.00000e-03	2.61707e-01	5.00000e-03	nan	nan
-1.08742e+00	5.00000e-03	2.65979e-01	5.00000e-03	nan	nan
-1.14507e+00	5.00000e-03	2.57538e-01	5.00000e-03	nan	nan
-1.29687e+00	5.00000e-03	2.45902e-01	5.00000e-03	nan	nan
-1.24321e+00	5.00000e-03	2.41639e-01	5.00000e-03	nan	nan
-1.42690e+00	5.00000e-03	2.59303e-01	5.00000e-03	nan	nan
-1.31229e+00	5.00000e-03	2.46833e-01	5.00000e-03	nan	nan
-1.62461e+00	5.00000e-03	3.03384e-01	5.00000e-03	nan	nan
-8.70967e-01	5.00000e-03	3.13227e-01	5.00000e-03	nan	nan
-9.14627e-01	5.00000e-03	3.01861e-01	5.00000e-03	nan	nan
-1.26297e+00	5.00000e-03	2.57268e-01	5.00000e-03	nan	nan
-6.43176e-01	5.00000e-03	3.05816e-01	5.00000e-03	nan	nan
-1.17586e+00	5.00000e-03	2.59025e-01	5.00000e-03	nan	nan
-9.48906e-01	5.00000e-03	2.91874e-01	5.00000e-03	nan	nan
-1.03058e+00	5.00000e-03	2.85351e-01	5.00000e-03	nan	nan
-1.24776e+00	5.00000e-03	2.43780e-01	5.00000e-03	nan	nan
-5.37145e-01	5.00000e-03	2.63320e-01	5.00000e-03	nan	nan
-6.99419e-01	5.00000e-03	3.29826e-01	5.00000e-03	nan	nan
-7.03833e-01	5.00000e-03	3.16912e-01	5.00000e-03	nan	nan
-4.83518e-01	5.00000e-03	2.35746e-01	5.00000e-03	nan	nan
-2.71756e+00	5.00000e-03	4.43843e-01	5.00000e-03	nan	nan
-1.06593e+00	5.00000e-03	2.68714e-01	5.00000e-03	nan	nan
-5.24315e-01	5.00000e-03	2.58781e-01	5.00000e-03	nan	nan
-1.59012e+00	5.00000e-03	2.89287e-01	5.00000e-03	nan	nan
-1.36554e+00	5.00000e-03	2.50923e-01	5.00000e-03	nan	nan
-1.04639e+00	5.00000e-03	2.79757e-01	5.00000e-03	nan	nan
-8.83532e-01	5.00000e-03	3.19225e-01	5.00000e-03	nan	nan
-1.23001e+00	5.00000e-03	2.49747e-01	5.00000e-03	nan	nan
-1.27430e+00	5.00000e-03	2.44678e-01	5.00000e-03	nan	nan
-7.92963e-01	5.00000e-03	3.23506e-01	5.00000e-03	nan	nan
-2.04371e+00	5.00000e-03	3.65117e-01	5.00000e-03	nan	nan
-7.78940e-01	5.00000e-03	3.27176e-01	5.00000e-03	nan	nan
-1.11800e+00	5.00000e-03	2.60050e-01	5.00000e-03	nan	nan
-9.32666e-01	5.00000e-03	3.12199e-01	5.00000e-03	nan	nan
-8.68237e-01	5.00000e-03	3.20964e-01	5.00000e-03	nan	nan
-1.69118e+00	5.00000e-03	2.95981e-01	5.00000e-03	nan	nan
-6.10908e-01	5.00000e-03	2.75624e-01	5.00000e-03	nan	nan
-7.40283e-01	5.00000e-03	3.30988e-01	5.00000e-03	nan	nan
-1.17709e+00	5.00000e-03	2.56801e-01	5.00000e-03	nan	nan
-1.44817e+00	5.00000e-03	2.56327e-01	5.00000e-03	nan	nan
-1.83741e+00	5.00000e-03	3.43557e-01	5.00000e-03	nan	nan
-1.27287e+00	5.00000e-03	2.45868e-01	5.00000e-03	nan	nan
-8.47891e-01	5.00000e-03	3.21465e-01	5.00000e-03	nan	nan
-7.40761e-01	5.00000e-03	3.27382e-01	5.00000e-03	nan	nan
-1.23170e+00	5.00000e-03	2.45244e-01	5.00000e-03	nan	nan
-1.40690e+00	5.00000e-03	2.56573e-01	5.00000e-03	nan	nan
-1.23966e+00	5.00000e-03	2.39341e-01	5.00000e-03	nan	nan
-4.66111e-01	5.00000e-03	2.13993e-01	5.00000e-03	nan	nan
-1.70104e+00	5.00000e-03	3.08196e-01	5.00000e-03	nan	nan
-1.51992e+00	5.00000e-03	2.78965e-01	5.00000e-03	nan	nan
-8.65606e-01	5.00000e-03	3.17690e-01	5.00000e-03	nan	nan
-1.57243e+00	5.00000e-03	2.84957e-01	5.00000e-03	nan	nan
-1.32873e+00	5.00000e-03	2.43876e-01	5.00000e-03	nan	nan
-7.55920e-01	5.00000e-03	3.28841e-01	5.00000e-03	nan	nan
-1.27191e+00	5.00000e-03	2.45040e-01	5.00000e-03	nan	nan
-9.62457e-01	5.00000e-03	2.97559e-01	5.00000e-03	nan	nan
-9.81075e-01	5.00000e-03	2.91714e-01	5.00000e-03	nan	nan
-1.33069e+00	5.00000e-03	2.49520e-01	5.00000e-03	nan	nan
-1.35017e+00	5.00000e-03	2.49156e-01	5.00000e-03	nan	nan
-1.28939e+00	5.00000e-03	2.45015e-01	5.00000e-03	nan	nan
-6.46894e-01	5.00000e-03	3.15595e-01	5.00000e-03	nan	nan
-2.20241e+00	5.00000e-03	4.02025e-01	5.00000e-03	nan	nan
-1.71458e+00	5.00000e-03	3.13451e-01	5.00000e-03	nan	nan
-1.22878e+00	5.00000e-03	2.49780e-01	5.00000e-03	nan	nan
-1.40066e+00	5.00000e-03	2.54490e-01	5.00000e-03	nan	nan
-9.87699e-01	5.00000e-03	2.89029e-01	5.00000e-03	nan	nan
-1.00521e+00	5.00000e-03	2.81903e-01	5.00000e-03	nan	nan
-1.05472e+00	5.00000e-03	2.67350e-01	5.00000e-03	nan	nan
-1.27870e+00	5.00000e-03	2.45461e-01	5.00000e-03	nan	nan
-1.03722e+00	5.00000e-03	2.79689e-01	5.00000e-03	nan	nan
-7.78476e-01	5.00000e-03	3.26643e-01	5.00000e-03	nan	nan
-7.45641e-01	5.00000e-03	3.24267e-01	5.00000e-03	nan	nan
-1.02620e+00	5.00000e-03	2.77096e-01	5.00000e-03	nan	nan
-7.47832e-01	5.00000e-03	3.30725e-01	5.00000e-03	nan	nan
-2.03015e+00	5.00000e-03	3.70745e-01	5.00000e-03	nan	nan
-1.54062e+00	5.00000e-03	2.84916e-01	5.00000e-03	nan	nan
-8.17027e-01	5.00000e-03	3.22082e-01	5.00000e-03	nan	nan
-1.16696e+00	5.00000e-03	2.53561e-01	5.00000e-03	nan	nan
-1.24996e+00	5.00000e-03	2.50885e-01	5.00000e-03	nan	nan
-9.80307e-01	5.00000e-03	2.88956e-01	5.00000e-03	nan	nan
-1.18730e+00	5.00000e-03	2.55843e-01	5.00000e-03	nan	nan
-5.95279e-01	5.00000e-03	2.85679e-01	5.00000e-03	nan	nan
-1.16830e+00	5.00000e-03	2.48068e-01	5.00000e-03	nan	nan
-7.16920e-01	5.00000e-03	3.29503e-01	5.00000e-03	nan	nan
-9.58672e-01	5.00000e-03	3.06756e-01	5.00000e-03	nan	nan
-5.87137e-01	5.00000e-03	2.78282e-01	5.00000e-03	nan	nan
-1.06476e+00	5.00000e-03	2.64380e-01	5.00000e-03	nan	nan
-4.70464e-01	5.00000e-03	2.37793e-01	5.00000e-03	nan	nan
-9.80388e-01	5.00000e-03	2.93452e-01	5.00000e-03	nan	nan
-2.09483e+00	5.00000e-03	3.79415e-01	5.00000e-03	nan	nan
-8.29061e-01	5.00000e-03	3.17843e-01	5.00000e-03	nan	nan
-6.71137e-01	5.00000e-03	3.17125e-01	5.00000e-03	nan	nan
-1.68982e+00	5.00000e-03	3.12384e-01	5.00000e-03	nan	nan
-4.63211e-01	5.00000e-03	2.11053e-01	5.00000e-03	nan	nan
-9.93106e-01	5.00000e-03	2.86886e-01	5.00000e-03	nan	nan
-8.40558e-01	5.00000e-03	3.28693e-01	5.00000e-03	nan	nan
-1.39418e+00	5.00000e-03	2.53559e-01	5.00000e-03	nan	nan
-5.14547e-01	5.00000e-03	2.47174e-01	5.00000e-03	nan	nan
-9.22849e-01	5.00000e-03	3.13348e-01	5.00000e-03	nan	nan
-1.00711e+00	5.00000e-03	2.80519e-01	5.00000e-03	nan	nan
-4.65326e-01	5.00000e-03	2.26082e-01	5.00000e-03	nan	nan
-1.00042e+00	5.00000e-03	2.79336e-01	5.00000e-03	nan	nan
-1.01913e+00	5.00000e-03	2.81785e-01	5.00000e-03	nan	nan
-1.94606e+00	5.00000e-03	3.71377e-01	5.00000e-03	nan	nan
-1.00767e+00	5.00000e-03	2.84631e-01	5.00000e-03	nan	nan
-8.26943e-01	5.00000e-03	3.29441e-01	5.00000e-03	nan	nan
-1.20046e+00	5.00000e-03	2.60599e-01	5.00000e-03	nan	nan
-8.87457e-01	5.00000e-03	3.16084e-01	5.00000e-03	nan	nan
-9.81933e-01	5.00000e-03	2.85275e-01	5.00000e-03	nan	nan
-1.42251e+00	5.00000e-03	2.51937e-01	5.00000e-03	nan	nan
-1.00552e+00	5.00000e-03	2.95012e-01	5.00000e-03	nan	nan
-1.08784e+00	5.00000e-03	2.75112e-01	5.00000e-03	nan	nan
-1.23439e+00	5.00000e-03	2.48148e-01	5.00000e-03	nan	nan
-9.05469e-01	5.00000e-03	3.10738e-01	5.00000e-03	nan	nan
-1.85717e+00	5.00000e-03	3.37806e-01	5.00000e-03	nan	nan
-1.18327e+00	5.00000e-03	2.44056e-01	5.00000e-03	nan	nan
-1.11258e+00	5.00000e-03	2.57445e-01	5.00000e-03	nan	nan
-4.25459e-01	5.00000e-03	2.04095e-01	5.00000e-03	nan	nan
-8.69330e-01	5.00000e-03	3.13804e-01	5.00000e-03	nan	nan
-9.50618e-01	5.00000e-03	3.06040e-01	5.00000e-03	nan	nan
-1.53775e+00	5.00000e-03	2.76353e-01	5.00000e-03	nan	nan
-1.11751e+00	5.00000e-03	2.66506e-01	5.00000e-03	nan	nan
-1.18280e+00	5.00000e-03	2.60508e-01	5.00000e-03	nan	nan
-5.21977e-01	5.00000e-03	2.47544e-01	5.00000e-03	nan	nan
-1.09162e+00	5.00000e-03	2.68525e-01	5.00000e-03	nan	nan
-6.93631e-01	5.00000e-03	3.14090e-01	5.00000e-03	nan	nan
-9.11212e-01	5.00000e-03	3.10428e-01	5.00000e-03	nan	nan
-6.47040e-01	5.00000e-03	3.03596e-01	5.00000e-03	nan	nan
-2.65669e+00	5.00000e-03	4.41721e-01	5.00000e-03	nan	nan
-5.55147e-01	5.00000e-03	2.76236e-01	5.00000e-03	nan	nan
-4.85508e-01	5.00000e-03	2.40747e-01	5.00000e-03	nan	nan
-1.53245e+00	5.00000e-03	2.76651e-01	5.00000e-03	nan	nan
-1.82529e+00	5.00000e-03	3.26600e-01	5.00000e-03	nan	nan
-1.25449e+00	5.00000e-03	2.53892e-01	5.00000e-03	nan	nan
-9.77153e-01	5.00000e-03	3.00616e-01	5.00000e-03	nan	nan
-1.02878e+00	5.00000e-03	2.76008e-01	5.00000e-03	nan	nan
-1.12372e+00	5.00000e-03	2.59273e-01	5.00000e-03	nan	nan
-5.76016e-01	5.00000e-03	2.84005e-01	5.00000e-03	nan	nan
-9.77118e-01	5.00000e-03	2.83677e-01	5.00000e-03	nan	nan
-5.30752e-01	5.00000e-03	2.59644e-01	5.00000e-03	nan	nan
-9.86635e-01	5.00000e-03	2.84590e-01	5.00000e-03	nan	nan
-1.46490e+00	5.00000e-03	2.73570e-01	5.00000e-03	nan	nan
-4.10629e-01	5.00000e-03	1.78315e-01	5.00000e-03	nan	nan
-3.49372e-01	5.00000e-03	1.40981e-01	5.00000e-03	nan	nan
-1.09837e+00	5.00000e-03	2.58062e-01	5.00000e-03	nan	nan
-8.08808e-01	5.00000e-03	3.28804e-01	5.00000e-03	nan	nan
-9.33634e-01	5.00000e-03	3.08421e-01	5.00000e-03	nan	nan
-1.46679e+00	5.00000e-03	2.76772e-01	5.00000e-03	nan	nan
-9.86900e-01	5.00000e-03	2.84618e-01	5.00000e-03	nan	nan
-9.16924e-01	5.00000e-03	3.02907e-01	5.00000e-03	nan	nan
-9.58257e-01	5.00000e-03	2.98170e-01	5.00000e-03	nan	nan
-1.01760e+00	5.00000e-03	2.84304e-01	5.00000e-03	nan	nan
-9.67308e-01	5.00000e-03	3.00738e-01	5.00000e-03	nan	nan
-8.62647e-01	5.00000e-03	3.14412e-01	5.00000e-03	nan	nan
-8.01943e-01	5.00000e-03	3.27522e-01	5.00000e-03	nan	nan
-1.71900e+00	5.00000e-03	3.10490e-01	5.00000e-03	nan	nan
-5.74394e-01	5.00000e-03	2.79184e-01	5.00000e-03	nan	nan
-1.10933e+00	5.00000e-03	2.64249e-01	5.00000e-03	nan	nan
-8.69293e-01	5.00000e-03	3.17457e-01	5.00000e-03	nan	nan
-1.16918e+00	5.00000e-03	2.57561e-01	5.00000e-03	nan	nan
-1.90536e+00	5.00000e-03	3.55296e-01	5.00000e-03	nan	nan
-9.06070e-01	5.00000e-03	3.10868e-01	5.00000e-03	nan	nan
-1.19824e+00	5.00000e-03	2.55870e-01	5.00000e-03	nan	nan
-1.00151e+00	5.00000e-03	2.84000e-01	5.00000e-03	nan	nan
-1.31857e+00	5.00000e-03	2.45117e-01	5.00000e-03	nan	nan
-1.43303e+00	5.00000e-03	2.57420e-01	5.00000e-03	nan	nan
-1.27849e+00	5.00000e-03	2.47247e-01	5.00000e-03	nan	nan
-7.06360e-01	5.00000e-03	3.15843e-01	5.00000e-03	nan	nan
-5.62567e-01	5.00000e-03	2.73462e-01	5.00000e-03	nan	nan
-4.26462e-01	5.00000e-03	1.91772e-01	5.00000e-03	nan	nan
-1.15185e+00	5.00000e-03	2.51481e-01	5.00000e-03	nan	nan
-7.96502e-01	5.00000e-03	3.27365e-01	5.00000e-03	nan	nan
-1.50651e+00	5.00000e-03	2.75362e-01	5.00000e-03	nan	nan
-8.34350e-01	5.00000e-03	3.21458e-01	5.00000e-03	nan	nan
-1.12593e+00	5.00000e-03	2.57121e-01	5.00000e-03	nan	nan
-7.01493e-01	5.00000e-03	3.13782e-01	5.00000e-03	nan	nan
-1.44053e+00	5.00000e-03	2.58907e-01	5.00000e-03	nan	nan
-7.35416e-01	5.00000e-03	3.27883e-01	5.00000e-03	nan	nan
-1.78572e+00	5.00000e-03	3.12683e-01	5.00000e-03	nan	nan
-6.97630e-01	5.00000e-03	3.24912e-01	5.00000e-03	nan	nan
-1.12596e+00	5.00000e-03	2.54339e-01	5.00000e-03	nan	nan
-1.56381e+00	5.00000e-03	2.77463e-01	5.00000e-03	nan	nan
-1.26998e+00	5.00000e-03	2.53085e-01	5.00000e-03	nan	nan
-8.64574e-01	5.00000e-03	3.17012e-01	5.00000e-03	nan	nan
-1.11286e+00	5.00000e-03	2.74271e-01	5.00000e-03	nan	nan
-1.38277e+00	5.00000e-03	2.42545e-01	5.00000e-03	nan	nan
-1.37151e+00	5.00000e-03	2.56195e-01	5.00000e-03	nan	nan
-8.78819e-01	5.00000e-03	3.19881e-01	5.00000e-03	nan	nan
-9.22143e-01	5.00000e-03	3.07244e-01	5.00000e-03	nan	nan
-1.83896e+00	5.00000e-03	3.36285e-01	5.00000e-03	nan	nan
-7.42090e-01	5.00000e-03	3.28860e-01	5.00000e-03	nan	nan
-1.57813e+00	5.00000e-03	2.87530e-01	5.00000e-03	nan	nan
-1.37505e+00	5.00000e-03	2.54704e-01	5.00000e-03	nan	nan
-2.27859e+00	5.00000e-03	4.16498e-01	5.00000e-03	nan	nan
-1.04111e+00	5.00000e-03	2.69134e-01	5.00000e-03	nan	nan
-6.90864e-01	5.00000e-03	3.12111e-01	5.00000e-03	nan	nan
-5.36285e-01	5.00000e-03	2.68984e-01	5.00000e-03	nan	nan
-1.08224e+00	5.00000e-03	2.53278e-01	5.00000e-03	nan	nan
-1.67960e+00	5.00000e-03	3.05647e-01	5.00000e-03	nan	nan
-1.07955e+00	5.00000e-03	2.69113e-01	5.00000e-03	nan	nan
-1.28614e+00	5.00000e-03	2.40779e-01	5.00000e-03	nan	nan
-1.26152e+00	5.00000e-03	2.43460e-01	5.00000e-03	nan	nan
-1.36886e+00	5.00000e-03	2.48929e-01	5.00000e-03	nan	nan
-4.94795e-01	5.00000e-03	2.28979e-01	5.00000e-03	nan	nan
-1.15424e+00	5.00000e-03	2.58513e-01	5.00000e-03	nan	nan
-2.62068e+00	5.00000e-03	4.43757e-01	5.00000e-03	nan	nan
-1.05867e+00	5.00000e-03	2.74551e-01	5.00000e-03	nan	nan
-8.64800e-01	5.00000e-03	3.21798e-01	5.00000e-03	nan	nan
-7.48905e-01	5.00000e-03	3.34393e-01	5.00000e-03	nan	nan
-8.13440e-01	5.00000e-03	3.25528e-01	5.00000e-03	nan	nan
-8.67759e-01	5.00000e-03	3.16767e-01	5.00000e-03	nan	nan
-1.44586e+00	5.00000e-03	2.52835e-01	5.00000e-03	nan	nan
-1.21363e+00	5.00000e-03	2.45232e-01	5.00000e-03	nan	nan
-1.09438e+00	5.00000e-03	2.73762e-01	5.00000e-03	nan	nan
-1.57959e+00	5.00000e-03	2.88833e-01	5.00000e-03	nan	nan
-1.12902e+00	5.00000e-03	2.57540e-01	5.00000e-03	nan	nan
-1.69288e+00	5.00000e-03	2.91871e-01	5.00000e-03	nan	nan
-1.73311e+00	5.00000e-03	3.21170e-01	5.00000e-03	nan	nan
-7.08995e-01	5.00000e-03	3.29068e-01	5.00000e-03	nan	nan
-1.50704e+00	5.00000e-03	2.68875e-01	5.00000e-03	nan	nan
-1.08609e+00	5.00000e-03	2.70169e-01	5.00000e-03	nan	nan
-9.42948e-01	5.00000e-03	3.09108e-01	5.00000e-03	nan	nan
-5.21302e-01	5.00000e-03	2.57032e-01	5.00000e-03	nan	nan
-1.27234e+00	5.00000e-03	2.50731e-01	5.00000e-03	nan	nan
-1.47112e+00	5.00000e-03	2.65284e-01	5.00000e-03	nan	nan
-6.60012e-01	5.00000e-03	3.11750e-01	5.00000e-03	nan	nan
-1.27020e+00	5.00000e-03	2.39450e-01	5.00000e-03	nan	nan
-1.31034e+00	5.00000e-03	2.38987e-01	5.00000e-03	nan	nan
-1.53621e+00	5.00000e-03	2.82876e-01	5.00000e-03	nan	nan
-1.11555e+00	5.00000e-03	2.62580e-01	5.00000e-03	nan	nan
-1.38212e+00	5.00000e-03	2.51115e-01	5.00000e-03	nan	nan
-1.19334e+00	5.00000e-03	2.47877e-01	5.00000e-03	nan	nan
-1.23438e+00	5.00000e-03	2.46347e-01	5.00000e-03	nan	nan
-9.43928e-01	5.00000e-03	2.99840e-01	5.00000e-03	nan	nan
-1.10241e+00	5.00000e-03	2.58582e-01	5.00000e-03	nan	nan
-8.90265e-01	5.00000e-03	3.18155e-01	5.00000e-03	nan	nan
-1.27989e+00	5.00000e-03	2.42517e-01	5.00000e-03	nan	nan
-1.25159e+00	5.00000e-03	2.45838e-01	5.00000e-03	nan	nan
-3.58639e-01	5.00000e-03	1.48672e-01	5.00000e-03	nan	nan
-1.37275e+00	5.00000e-03	2.50050e-01	5.00000e-03	nan	nan
-8.11643e-01	5.00000e-03	3.20248e-01	5.00000e-03	nan	nan
-8.70404e-01	5.00000e-03	3.15265e-01	5.00000e-03	nan	nan
-9.21500e-01	5.00000e-03	3.14283e-01	5.00000e-03	nan	nan
-1.62747e+00	5.00000e-03	2.95081e-01	5.00000e-03	nan	nan
-2.52194e+00	5.00000e-03	4.39380e-01	5.00000e-03	nan	nan
-8.21103e-01	5.00000e-03	3.21162e-01	5.00000e-03	nan	nan
-1.74687e+00	5.00000e-03	3.16720e-01	5.00000e-03	nan	nan
-1.35943e+00	5.00000e-03	2.46506e-01	5.00000e-03	nan	nan
-3.86801e-01	5.00000e-03	1.72199e-01	5.00000e-03	nan	nan
-4.53877e-01	5.00000e-03	2.17344e-01	5.00000e-03	nan	nan
-5.53285e-01	5.00000e-03	2.78061e-01	5.00000e-03	nan	nan
-9.70623e-01	5.00000e-03	3.00361e-01	5.00000e-03	nan	nan
-1.08901e+00	5.00000e-03	2.56720e-01	5.00000e-03	nan	nan
-1.09322e+00	5.00000e-03	2.58926e-01	5.00000e-03	nan	nan
-1.22999e+00	5.00000e-03	2.43950e-01	5.00000e-03	nan	nan
-4.48392e-01	5.00000e-03	2.11211e-01	5.00000e-03	nan	nan
-7.45248e-01	5.00000e-03	3.25573e-01	5.00000e-03	nan	nan
-3.87547e-01	5.00000e-03	1.64507e-01	5.00000e-03	nan	nan
-1.26709e+00	5.00000e-03	2.48970e-01	5.00000e-03	nan	nan
-9.78259e-01	5.00000e-03	2.90810e-01	5.00000e-03	nan	nan
-8.86475e-01	5.00000e-03	3.18750e-01	5.00000e-03	nan	nan
-1.16841e+00	5.00000e-03	2.54359e-01	5.00000e-03	nan	nan
-9.71500e-01	5.00000e-03	2.92462e-01	5.00000e-03	nan	nan
-1.44776e+00	5.00000e-03	2.67940e-01	5.00000e-03	nan	nan
-1.25651e+00	5.00000e-03	2.50703e-01	5.00000e-03	nan	nan
-1.59303e+00	5.00000e-03	3.01964e-01	5.00000e-03	nan	nan
-9.24805e-01	5.00000e-03	3.03739e-01	5.00000e-03	nan	nan
-1.24203e+00	5.00000e-03	2.46369e-01	5.00000e-03	nan	nan
-1.13440e+00	5.00000e-03	2.59296e-01	5.00000e-03	nan	nan
-1.17320e+00	5.00000e-03	2.54825e-01	5.00000e-03	nan	nan
-1.88592e+00	5.00000e-03	3.47619e-01	5.00000e-03	nan	nan
-6.11585e-01	5.00000e-03	2.93312e-01	5.00000e-03	nan	nan
-8.46151e-01	5.00000e-03	3.29755e-01	5.00000e-03	nan	nan
-1.25455e+00	5.00000e-03	2.41345e-01	5.00000e-03	nan	nan
-6.17919e-01	5.00000e-03	2.94074e-01	5.00000e-03	nan	nan
-8.90017e-01	5.00000e-03	3.19938e-01	5.00000e-03	nan	nan
-3.78133e-01	5.00000e-03	1.63701e-01	5.00000e-03	nan	nan
-1.08794e+00	5.00000e-03	2.68108e-01	5.00000e-03	nan	nan
-1.65573e+00	5.00000e-03	3.00976e-01	5.00000e-03	nan	nan
-1.62364e+00	5.00000e-03	2.94039e-01	5.00000e-03	nan	nan
-8.18219e-01	5.00000e-03	3.16451e-01	5.00000e-03	nan	nan
-9.75136e-01	5.00000e-03	2.87811e-01	5.00000e-03	nan	nan
-1.41187e+00	5.00000e-03	2.62663e-01	5.00000e-03	nan	nan
-1.00756e+00	5.00000e-03	2.78377e-01	5.00000e-03	nan	nan
-1.02417e+00	5.00000e-03	2.85132e-01	5.00000e-03	nan	nan
-6.80688e-01	5.00000e-03	3.28358e-01	5.00000e-03	nan	nan
-1.88790e+00	5.00000e-03	3.42198e-01	5.00000e-03	nan	nan
-1.65235e+00	5.00000e-03	3.06121e-01	5.00000e-03	nan	nan
-1.11381e+00	5.00000e-03	2.59599e-01	5.00000e-03	nan	nan
-1.56989e+00	5.00000e-03	2.87361e-01	5.00000e-03	nan	nan
-3.84740e-01	5.00000e-03	1.67577e-01	5.00000e-03	nan	nan
-1.43818e+00	5.00000e-03	2.70890e-01	5.00000e-03	nan	nan
-9.42272e-01	5.00000e-03	2.98052e-01	5.00000e-03	nan	nan
-1.10348e+00	5.00000e-03	2.62969e-01	5.00000e-03	nan	nan
-7.84036e-01	5.00000e-03	3.29887e-01	5.00000e-03	nan	nan
-1.89989e+00	5.00000e-03	3.43566e-01	5.00000e-03	nan	nan
-1.24236e+00	5.00000e-03	2.36076e-01	5.00000e-03	nan	nan
-1.08157e+00	5.00000e-03	2.74150e-01	5.00000e-03	nan	nan
-1.64596e+00	5.00000e-03	2.96432e-01	5.00000e-03	nan	nan
-9.31000e-01	5.00000e-03	3.05523e-01	5.00000e-03	nan	nan
-1.01546e+00	5.00000e-03	2.98106e-01	5.00000e-03	nan	nan
-7.27265e-01	5.00000e-03	3.41371e-01	5.00000e-03	nan	nan
-1.11113e+00	5.00000e-03	2.68104e-01	5.00000e-03	nan	nan
-1.28628e+00	5.00000e-03	2.38557e-01	5.00000e-03	nan	nan
-1.26209e+00	5.00000e-03	2.42824e-01	5.00000e-03	nan	nan
-1.37085e+00	5.00000e-03	2.48518e-01	5.00000e-03	nan	nan
-5.36479e-01	5.00000e-03	2.71921e-01	5.00000e-03	nan	nan
-7.57547e-01	5.00000e-03	3.31255e-01	5.00000e-03	nan	nan
-1.21967e+00	5.00000e-03	2.44774e-01	5.00000e-03	nan	nan
-1.10149e+00	5.00000e-03	2.65835e-01	5.00000e-03	nan	nan
-1.68627e+00	5.00000e-03	2.95166e-01	5.00000e-03	nan	nan
-9.63424e-01	5.00000e-03	3.02428e-01	5.00000e-03	nan	nan
-8.34199e-01	5.00000e-03	3.20916e-01	5.00000e-03	nan	nan
-1.39099e+00	5.00000e-03	2.59557e-01	5.00000e-03	nan	nan
-1.10141e+00	5.00000e-03	2.57633e-01	5.00000e-03	nan	nan
-8.89292e-01	5.00000e-03	3.12214e-01	5.00000e-03	nan	nan
-1.11268e+00	5.00000e-03	2.69821e-01	5.00000e-03	nan	nan
-1.01010e+00	5.00000e-03	2.81307e-01	5.00000e-03	nan	nan
-1.45210e+00	5.00000e-03	2.75672e-01	5.00000e-03	nan	nan
-7.64298e-01	5.00000e-03	3.25130e-01	5.00000e-03	nan	nan
-1.65911e+00	5.00000e-03	3.07968e-01	5.00000e-03	nan	nan
-1.08056e+00	5.00000e-03	2.65938e-01	5.00000e-03	nan	nan
-1.29103e+00	5.00000e-03	2.47671e-01	5.00000e-03	nan	nan
-1.66272e+00	5.00000e-03	2.96611e-01	5.00000e-03	nan	nan
-6.85120e-01	5.00000e-03	3.18335e-01	5.00000e-03	nan	nan
-1.43678e+00	5.00000e-03	2.62277e-01	5.00000e-03	nan	nan
-1.07324e+00	5.00000e-03	2.66719e-01	5.00000e-03	nan	nan
-9.50270e-01	5.00000e-03	2.94183e-01	5.00000e-03	nan	nan
-1.31810e+00	5.00000e-03	2.42245e-01	5.00000e-03	nan	nan
-1.08337e+00	5.00000e-03	2.71497e-01	5.00000e-03	nan	nan
-1.02235e+00	5.00000e-03	2.80526e-01	5.00000e-03	nan	nan
-1.10940e+00	5.00000e-03	2.69517e-01	5.00000e-03	nan	nan
-1.19974e+00	5.00000e-03	2.53235e-01	5.00000e-03	nan	nan
-1.34790e+00	5.00000e-03	2.44692e-01	5.00000e-03	nan	nan
-6.10772e-01	5.00000e-03	2.84915e-01	5.00000e-03	nan	nan
-1.04248e+00	5.00000e-03	2.75934e-01	5.00000e-03	nan	nan
-8.63775e-01	5.00000e-03	3.23137e-01	5.00000e-03	nan	nan
-1.01645e+00	5.00000e-03	2.80851e-01	5.00000e-03	nan	nan
-1.29321e+00	5.00000e-03	2.45484e-01	5.00000e-03	nan	nan
-1.08019e+00	5.00000e-03	2.76726e-01	5.00000e-03	nan	nan
-7.41312e-01	5.00000e-03	3.26273e-01	5.00000e-03	nan	nan
-6.64661e-01	5.00000e-03	3.16484e-01	5.00000e-03	nan	nan
-5.13857e-01	5.00000e-03	2.47705e-01	5.00000e-03	nan	nan
-1.41068e+00	5.00000e-03	2.58484e-01	5.00000e-03	nan	nan
-1.22478e+00	5.00000e-03	2.40846e-01	5.00000e-03	nan	nan
-1.62650e+00	5.00000e-03	2.94683e-01	5.00000e-03	nan	nan
-3.93354e-01	5.00000e-03	1.67730e-01	5.00000e-03	nan	nan
-9.42136e-01	5.00000e-03	2.96124e-01	5.00000e-03	nan	nan
-8.70498e-01	5.00000e-03	3.24833e-01	5.00000e-03	nan	nan
-1.12324e+00	5.00000e-03	2.65719e-01	5.00000e-03	nan	nan
-1.36192e+00	5.00000e-03	2.49844e-01	5.00000e-03	nan	nan
-1.18110e+00	5.00000e-03	2.60341e-01	5.00000e-03	nan	nan
-1.28925e+00	5.00000e-03	2.51143e-01	5.00000e-03	nan	nan
-1.01862e+00	5.00000e-03	2.77831e-01	5.00000e-03	nan	nan
-7.35209e-01	5.00000e-03	3.26096e-01	5.00000e-03	nan	nan
-7.18412e-01	5.00000e-03	3.13282e-01	5.00000e-03	nan	nan
-1.28409e+00	5.00000e-03	2.45025e-01	5.00000e-03	nan	nan
-1.48498e+00	5.00000e-03	2.66229e-01	5.00000e-03	nan	nan
-8.44182e-01	5.00000e-03	3.12490e-01	5.00000e-03	nan	nan
-1.13774e+00	5.00000e-03	2.57862e-01	5.00000e-03	nan	nan
-1.47811e+00	5.00000e-03	2.76996e-01	5.00000e-03	nan	nan
-9.43916e-01	5.00000e-03	2.99208e-01	5.00000e-03	nan	nan
-1.65019e+00	5.00000e-03	2.90362e-01	5.00000e-03	nan	nan
-1.69231e+00	5.00000e-03	3.11748e-01	5.00000e-03	nan	nan
-2.31517e+00	5.00000e-03	4.20999e-01	5.00000e-03	nan	nan
-1.42758e+00	5.00000e-03	2.58515e-01	5.00000e-03	nan	nan
-1.07886e+00	5.00000e-03	2.60146e-01	5.00000e-03	nan	nan
-1.51788e+00	5.00000e-03	2.75945e-01	5.00000e-03	nan	nan
-1.80890e+00	5.00000e-03	3.22744e-01	5.00000e-03	nan	nan
-1.05747e+00	5.00000e-03	2.69832e-01	5.00000e-03	nan	nan
-6.08906e-01	5.00000e-03	2.86845e-01	5.00000e-03	nan	nan
-2.34160e+00	5.00000e-03	4.23931e-01	5.00000e-03	nan	nan
-1.39434e+00	5.00000e-03	2.48114e-01	5.00000e-03	nan	nan
-6.05730e-01	5.00000e-03	2.94246e-01	5.00000e-03	nan	nan
-9.38166e-01	5.00000e-03	3.14388e-01	5.00000e-03	nan	nan
-7.29575e-01	5.00000e-03	3.18596e-01	5.00000e-03	nan	nan
-5.79012e-01	5.00000e-03	2.91438e-01	5.00000e-03	nan	nan
-1.40550e+00	5.00000e-03	2.50242e-01	5.00000e-03	nan	nan
-8.39252e-01	5.00000e-03	3.21785e-01	5.00000e-03	nan	nan
-1.33973e+00	5.00000e-03	2.58635e-01	5.00000e-03	nan	nan
-5.33142e-01	5.00000e-03	2.60720e-01	5.00000e-03	nan	nan
-4.73254e-01	5.00000e-03	2.35248e-01	5.00000e-03	nan	nan
-1.52482e+00	5.00000e-03	2.79576e-01	5.00000e-03	nan	nan
-7.37986e-01	5.00000e-03	3.34192e-01	5.00000e-03	nan	nan
-1.93147e+00	5.00000e-03	3.47666e-01	5.00000e-03	nan	nan
-9.55427e-01	5.00000e-03	2.88624e-01	5.00000e-03	nan	nan
-1.06565e+00	5.00000e-03	2.63014e-01	5.00000e-03	nan	nan
-9.59339e-01	5.00000e-03	2.95338e-01	5.00000e-03	nan	nan
-8.00704e-01	5.00000e-03	3.23610e-01	5.00000e-03	nan	nan
-6.64525e-01	5.00000e-03	3.14596e-01	5.00000e-03	nan	nan
-1.04824e+00	5.00000e-03	2.66465e-01	5.00000e-03	nan	nan
-1.78651e+00	5.00000e-03	3.26722e-01	5.00000e-03	nan	nan
-5.83047e-01	5.00000e-03	2.73638e-01	5.00000e-03	nan	nan
-1.85243e+00	5.00000e-03	3.43977e-01	5.00000e-03	nan	nan
-7.57286e-01	5.00000e-03	3.13024e-01	5.00000e-03	nan	nan
-1.62761e+00	5.00000e-03	2.97750e-01	5.00000e-03	nan	nan
-6.08191e-01	5.00000e-03	2.82154e-01	5.00000e-03	nan	nan
-9.30477e-01	5.00000e-03	3.11867e-01	5.00000e-03	nan	nan
-1.26688e+00	5.00000e-03	2.40714e-01	5.00000e-03	nan	nan
-6.77698e-01	5.00000e-03	3.18237e-01	5.00000e-03	nan	nan
-1.49054e+00	5.00000e-03	2.71281e-01	5.00000e-03	nan	nan
-1.41862e+00	5.00000e-03	2.60466e-01	5.00000e-03	nan	nan
-1.24054e+00	5.00000e-03	2.50198e-01	5.00000e-03	nan	nan
-1.13929e+00	5.00000e-03	2.57685e-01	5.00000e-03	nan	nan
-1.40974e+00	5.00000e-03	2.61617e-01	5.00000e-03	nan	nan
-5.66257e-01	5.00000e-03	2.70062e-01	5.00000e-03	nan	nan
-1.11325e+00	5.00000e-03	2.55337e-01	5.00000e-03	nan	nan
-4.90683e-01	5.00000e-03	2.44468e-01	5.00000e-03	nan	nan
-1.33980e+00	5.00000e-03	2.43792e-01	5.00000e-03	nan	nan
-1.07537e+00	5.00000e-03	2.73016e-01	5.00000e-03	nan	nan
-7.66811e-01	5.00000e-03	3.26283e-01	5.00000e-03	nan	nan
-3.86916e-01	5.00000e-03	1.68110e-01	5.00000e-03	nan	nan
-1.09372e+00	5.00000e-03	2.53623e-01	5.00000e-03	nan	nan
-1.08512e+00	5.00000e-03	2.66217e-01	5.00000e-03	nan	nan
-5.21742e-01	5.00000e-03	2.55593e-01	5.00000e-03	nan	nan
-1.12441e+00	5.00000e-03	2.61784e-01	5.00000e-03	nan	nan
-1.11380e+00	5.00000e-03	2.70437e-01	5.00000e-03	nan	nan
-4.97462e-01	5.00000e-03	2.32772e-01	5.00000e-03	nan	nan
-1.05061e+00	5.00000e-03	2.71916e-01	5.00000e-03	nan	nan
-1.60909e+00	5.00000e-03	2.99694e-01	5.00000e-03	nan	nan
-5.20574e-01	5.00000e-03	2.56847e-01	5.00000e-03	nan	nan
-1.05133e+00	5.00000e-03	2.78360e-01	5.00000e-03	nan	nan
-1.19919e+00	5.00000e-03	2.43611e-01	5.00000e-03	nan	nan
-6.06725e-01	5.00000e-03	3.01959e-01	5.00000e-03	nan	nan
-2.22694e+00	5.00000e-03	4.04121e-01	5.00000e-03	nan	nan
-4.95949e-01	5.00000e-03	2.52688e-01	5.00000e-03	nan	nan
-1.73293e+00	5.00000e-03	3.17957e-01	5.00000e-03	nan	nan
-1.77805e+00	5.00000e-03	3.20300e-01	5.00000e-03	nan	nan
-5.19124e-01	5.00000e-03	2.51732e-01	5.00000e-03	nan	nan
-1.07036e+00	5.00000e-03	2.72583e-01	5.00000e-03	nan	nan
-1.47183e+00	5.00000e-03	2.66805e-01	5.00000e-03	nan	nan
-3.97985e-01	5.00000e-03	1.86596e-01	5.00000e-03	nan	nan
-1.22473e+00	5.00000e-03	2.47543e-01	5.00000e-03	nan	nan
-5.20288e-01	5.00000e-03	2.61091e-01	5.00000e-03	nan	nan
-1.09527e+00	5.00000e-03	2.62617e-01	5.00000e-03	nan	nan
-1.19598e+00	5.00000e-03	2.45918e-01	5.00000e-03	nan	nan
-9.84337e-01	5.00000e-03	2.88402e-01	5.00000e-03	nan	nan
-5.93424e-01	5.00000e-03	2.91911e-01	5.00000e-03	nan	nan
-4.13893e-01	5.00000e-03	1.88773e-01	5.00000e-03	nan	nan
-8.73346e-01	5.00000e-03	3.25417e-01	5.00000e-03	nan	nan
-1.18604e+00	5.00000e-03	2.47420e-01	5.00000e-03	nan	nan
-6.72568e-01	5.00000e-03	3.22441e-01	5.00000e-03	nan	nan
-5.57710e-01	5.00000e-03	2.71660e-01	5.00000e-03	nan	nan
-1.01884e+00	5.00000e-03	2.81906e-01	5.00000e-03	nan	nan
-8.62743e-01	5.00000e-03	3.15498e-01	5.00000e-03	nan	nan
-6.66259e-01	5.00000e-03	3.10045e-01	5.00000e-03	nan	nan
-8.83220e-01	5.00000e-03	3.17609e-01	5.00000e-03	nan	nan
-9.19330e-01	5.00000e-03	3.04354e-01	5.00000e-03	nan	nan
-1.17729e+00	5.00000e-03	2.51408e-01	5.00000e-03	nan	nan
-9.60584e-01	5.00000e-03	3.02273e-01	5.00000e-03	nan	nan
-1.36863e+00	5.00000e-03	2.50660e-01	5.00000e-03	nan	nan
-1.64374e+00	5.00000e-03	2.86267e-01	5.00000e-03	nan	nan
-1.33539e+00	5.00000e-03	2.49166e-01	5.00000e-03	nan	nan
-1.10205e+00	5.00000e-03	2.51972e-01	5.00000e-03	nan	nan
-1.22607e+00	5.00000e-03	2.48310e-01	5.00000e-03	nan	nan
-8.59753e-01	5.00000e-03	3.27639e-01	5.00000e-03	nan	nan
-1.18000e+00	5.00000e-03	2.56294e-01	5.00000e-03	nan	nan
-1.03993e+00	5.00000e-03	2.70759e-01	5.00000e-03	nan	nan
-1.28334e+00	5.00000e-03	2.50639e-01	5.00000e-03	nan	nan
-1.73018e+00	5.00000e-03	3.06414e-01	5.00000e-03	nan	nan
-8.48900e-01	5.00000e-03	3.16624e-01	5.00000e-03	nan	nan
-1.39292e+00	5.00000e-03	2.55069e-01	5.00000e-03	nan	nan
-1.08166e+00	5.00000e-03	2.65345e-01	5.00000e-03	nan	nan
-9.61199e-01	5.00000e-03	2.88182e-01	5.00000e-03	nan	nan
-8.97678e-01	5.00000e-03	3.22764e-01	5.00000e-03	nan	nan
-1.14238e+00	5.00000e-03	2.66658e-01	5.00000e-03	nan	nan
-1.30886e+00	5.00000e-03	2.39396e-01	5.00000e-03	nan	nan
-6.20557e-01	5.00000e-03	2.90639e-01	5.00000e-03	nan	nan
-9.19597e-01	5.00000e-03	3.15432e-01	5.00000e-03	nan	nan
-1.35521e+00	5.00000e-03	2.55494e-01	5.00000e-03	nan	nan
-8.04888e-01	5.00000e-03	3.23582e-01	5.00000e-03	nan	nan
-1.02087e+00	5.00000e-03	2.80529e-01	5.00000e-03	nan	nan
-1.13931e+00	5.00000e-03	2.59443e-01	5.00000e-03	nan	nan
-1.69051e+00	5.00000e-03	3.13684e-01	5.00000e-03	nan	nan
-1.39608e+00	5.00000e-03	2.54498e-01	5.00000e-03	nan	nan
-1.67284e+00	5.00000e-03	3.16565e-01	5.00000e-03	nan	nan
-8.70564e-01	5.00000e-03	3.16505e-01	5.00000e-03	nan	nan
-8.08345e-01	5.00000e-03	3.19936e-01	5.00000e-03	nan	nan
-1.12461e+00	5.00000e-03	2.62311e-01	5.00000e-03	nan	nan
-1.88837e+00	5.00000e-03	3.37964e-01	5.00000e-03	nan	nan
-1.50885e+00	5.00000e-03	2.71563e-01	5.00000e-03	nan	nan
-5.07451e-01	5.00000e-03	2.46176e-01	5.00000e-03	nan	nan
-6.27957e-01	5.00000e-03	3.02402e-01	5.00000e-03	nan	nan
-1.15853e+00	5.00000e-03	2.56909e-01	5.00000e-03	nan	nan
-1.57469e+00	5.00000e-03	2.82457e-01	5.00000e-03	nan	nan
-1.11671e+00	5.00000e-03	2.64746e-01	5.00000e-03	nan	nan
-1.11200e+00	5.00000e-03	2.53449e-01	5.00000e-03	nan	nan
-2.19377e+00	5.00000e-03	3.82856e-01	5.00000e-03	nan	nan
-8.44630e-01	5.00000e-03	3.23085e-01	5.00000e-03	nan	nan
-9.19662e-01	5.00000e-03	3.12327e-01	5.00000e-03	nan	nan
-9.76234e-01	5.00000e-03	2.97558e-01	5.00000e-03	nan	nan
-7.50406e-01	5.00000e-03	3.22656e-01	5.00000e-03	nan	nan
-7.39557e-01	5.00000e-03	3.27060e-01	5.00000e-03	nan	nan
-1.40373e+00	5.00000e-03	2.56802e-01	5.00000e-03	nan	nan
-1.80854e+00	5.00000e-03	3.26455e-01	5.00000e-03	nan	nan
-1.19202e+00	5.00000e-03	2.50756e-01	5.00000e-03	nan	nan
-6.35468e-01	5.00000e-03	3.03054e-01	5.00000e-03	nan	nan
-7.92370e-01	5.00000e-03	3.29243e-01	5.00000e-03	nan	nan
-1.34714e+00	5.00000e-03	2.51261e-01	5.00000e-03	nan	nan
-8.25986e-01	5.00000e-03	3.21384e-01	5.00000e-03	nan	nan
-9.90718e-01	5.00000e-03	2.88770e-01	5.00000e-03	nan	nan
-1.31722e+00	5.00000e-03	2.50949e-01	5.00000e-03	nan	nan
-8.37196e-01	5.00000e-03	3.23435e-01	5.00000e-03	nan	nan
-1.30299e+00	5.00000e-03	2.45558e-01	5.00000e-03	nan	nan
-1.23056e+00	5.00000e-03	2.55565e-01	5.00000e-03	nan	nan
-1.43518e+00	5.00000e-03	2.56511e-01	5.00000e-03	nan	nan
-9.97277e-01	5.00000e-03	2.91379e-01	5.00000e-03	nan	nan
-1.09918e+00	5.00000e-03	2.66973e-01	5.00000e-03	nan	nan
-9.33384e-01	5.00000e-03	3.01821e-01	5.00000e-03	nan	nan
-2.35851e+00	5.00000e-03	4.11783e-01	5.00000e-03	nan	nan
-1.15019e+00	5.00000e-03	2.59630e-01	5.00000e-03	nan	nan
-1.99275e+00	5.00000e-03	3.66640e-01	5.00000e-03	nan	nan
-1.26996e+00	5.00000e-03	2.47356e-01	5.00000e-03	nan	nan
-1.74583e+00	5.00000e-03	3.12210e-01	5.00000e-03	nan	nan
-1.00763e+00	5.00000e-03	2.80979e-01	5.00000e-03	nan	nan
-5.66219e-01	5.00000e-03	2.78000e-01	5.00000e-03	nan	nan
-6.80659e-01	5.00000e-03	3.16774e-01	5.00000e-03	nan	nan
-1.05624e+00	5.00000e-03	2.70773e-01	5.00000e-03	nan	nan
-1.21124e+00	5.00000e-03	2.50596e-01	5.00000e-03	nan	nan
-2.73909e+00	5.00000e-03	4.47880e-01	5.00000e-03	nan	nan
-9.17156e-01	5.00000e-03	3.15556e-01	5.00000e-03	nan	nan
-1.23870e+00	5.00000e-03	2.39038e-01	5.00000e-03	nan	nan
-1.17122e+00	5.00000e-03	2.52650e-01	5.00000e-03	nan	nan
-9.43994e-01	5.00000e-03	3.06272e-01	5.00000e-03	nan	nan
-1.48526e+00	5.00000e-03	2.68110e-01	5.00000e-03	nan	nan
-9.96461e-01	5.00000e-03	2.89558e-01	5.00000e-03	nan	nan
-1.10558e+00	5.00000e-03	2.60556e-01	5.00000e-03	nan	nan
-1.18643e+00	5.00000e-03	2.54262e-01	5.00000e-03	nan	nan
-7.17630e-01	5.00000e-03	3.11843e-01	5.00000e-03	nan	nan
-8.31339e-01	5.00000e-03	3.19623e-01	5.00000e-03	nan	nan
-1.52427e+00	5.00000e-03	2.69242e-01	5.00000e-03	nan	nan
-5.98497e-01	5.00000e-03	2.85143e-01	5.00000e-03	nan	nan
-2.76259e+00	5.00000e-03	4.48298e-01	5.00000e-03	nan	nan
-1.36173e+00	5.00000e-03	2.48783e-01	5.00000e-03	nan	nan
-1.57989e+00	5.00000e-03	2.89774e-01	5.00000e-03	nan	nan
-1.22710e+00	5.00000e-03	2.54260e-01	5.00000e-03	nan	nan
-1.55044e+00	5.00000e-03	2.82418e-01	5.00000e-03	nan	nan
-1.30598e+00	5.00000e-03	2.49530e-01	5.00000e-03	nan	nan
-1.14849e+00	5.00000e-03	2.58981e-01	5.00000e-03	nan	nan
-1.07028e+00	5.00000e-03	2.73820e-01	5.00000e-03	nan	nan
-1.31944e+00	5.00000e-03	2.46389e-01	5.00000e-03	nan	nan
-1.81391e+00	5.00000e-03	3.37316e-01	5.00000e-03	nan	nan
-1.01604e+00	5.00000e-03	2.86927e-01	5.00000e-03	nan	nan
-9.35557e-01	5.00000e-03	3.05107e-01	5.00000e-03	nan	nan
-9.14923e-01	5.00000e-03	3.05258e-01	5.00000e-03	nan	nan
-2.07361e+00	5.00000e-03	3.73175e-01	5.00000e-03	nan	nan
-1.66918e+00	5.00000e-03	3.03277e-01	5.00000e-03	nan	nan
-8.98145e-01	5.00000e-03	3.14687e-01	5.00000e-03	nan	nan
-1.68572e+00	5.00000e-03	3.11354e-01	5.00000e-03	nan	nan
-1.82255e+00	5.00000e-03	3.44051e-01	5.00000e-03	nan	nan
-1.10424e+00	5.00000e-03	2.64305e-01	5.00000e-03	nan	nan
-1.19327e+00	5.00000e-03	2.57564e-01	5.00000e-03	nan	nan
-9.04875e-01	5.00000e-03	3.15887e-01	5.00000e-03	nan	nan
-1.98202e+00	5.00000e-03	3.62152e-01	5.00000e-03	nan	nan
-1.39067e+00	5.00000e-03	2.37125e-01	5.00000e-03	nan	nan
-1.30563e+00	5.00000e-03	2.43550e-01	5.00000e-03	nan	nan
-1.24385e+00	5.00000e-03	2.49450e-01	5.00000e-03	nan	nan
-2.44033e+00	5.00000e-03	4.27921e-01	5.00000e-03	nan	nan
-1.00451e+00	5.00000e-03	2.77724e-01	5.00000e-03	nan	nan
-2.30959e+00	5.00000e-03	4.15607e-01	5.00000e-03	nan	nan
-1.27690e+00	5.00000e-03	2.47895e-01	5.00000e-03	nan	nan
-5.93789e-01	5.00000e-03	2.77390e-01	5.00000e-03	nan	nan
-1.52843e+00	5.00000e-03	2.76021e-01	5.00000e-03	nan	nan
-9.30103e-01	5.00000e-03	3.11953e-01	5.00000e-03	nan	nan
-1.08873e+00	5.00000e-03	2.66698e-01	5.00000e-03	nan	nan
-5.59910e-01	5.00000e-03	2.76296e-01	5.00000e-03	nan	nan
-1.12153e+00	5.00000e-03	2.65685e-01	5.00000e-03	nan	nan
-1.43882e+00	5.00000e-03	2.62602e-01	5.00000e-03	nan	nan
-3.67381e-01	5.00000e-03	1.53290e-01	5.00000e-03	nan	nan
-8.47172e-01	5.00000e-03	3.36902e-01	5.00000e-03	nan	nan
-1.58875e+00	5.00000e-03	2.90762e-01	5.00000e-03	nan	nan
-1.03325e+00	5.00000e-03	2.80107e-01	5.00000e-03	nan	nan
-1.26747e+00	5.00000e-03	2.47525e-01	5.00000e-03	nan	nan
-6.44291e-01	5.00000e-03	3.05440e-01	5.00000e-03	nan	nan
-1.51874e+00	5.00000e-03	2.81577e-01	5.00000e-03	nan	nan
-9.30421e-01	5.00000e-03	3.09856e-01	5.00000e-03	nan	nan
-4.71639e-01	5.00000e-03	2.28569e-01	5.00000e-03	nan	nan
-5.87126e-01	5.00000e-03	2.82411e-01	5.00000e-03	nan	nan
-6.16430e-01	5.00000e-03	2.93438e-01	5.00000e-03	nan	nan
-9.05881e-01	5.00000e-03	3.19305e-01	5.00000e-03	nan	nan
-1.27629e+00	5.00000e-03	2.43857e-01	5.00000e-03	nan	nan
-1.77814e+00	5.00000e-03	3.17451e-01	5.00000e-03	nan	nan
-1.50464e+00	5.00000e-03	2.71726e-01	5.00000e-03	nan	nan
-6.16706e-01	5.00000e-03	3.01659e-01	5.00000e-03	nan	nan
-8.63962e-01	5.00000e-03	3.15298e-01	5.00000e-03	nan	nan
-1.68181e+00	5.00000e-03	3.00113e-01	5.00000e-03	nan	nan
-4.32439e-01	5.00000e-03	2.01331e-01	5.00000e-03	nan	nan
-1.03211e+00	5.00000e-03	2.70819e-01	5.00000e-03	nan	nan
-1.50279e+00	5.00000e-03	2.73538e-01	5.00000e-03	nan	nan
-1.07792e+00	5.00000e-03	2.72264e-01	5.00000e-03	nan	nan
-1.15809e+00	5.00000e-03	2.50806e-01	5.00000e-03	nan	nan
-1.41637e+00	5.00000e-03	2.53233e-01	5.00000e-03	nan	nan
-9.34549e-01	5.00000e-03	3.04532e-01	5.00000e-03	nan	nan
-1.02892e+00	5.00000e-03	2.82776e-01	5.00000e-03	nan	nan
-1.31176e+00	5.00000e-03	2.51037e-01	5.00000e-03	nan	nan
-7.66644e-01	5.00000e-03	3.38399e-01	5.00000e-03	nan	nan
-1.01896e+00	5.00000e-03	2.84750e-01	5.00000e-03	nan	nan
-1.22620e+00	5.00000e-03	2.52863e-01	5.00000e-03	nan	nan
-1.53728e+00	5.00000e-03	2.74054e-01	5.00000e-03	nan	nan
-1.05759e+00	5.00000e-03	2.73861e-01	5.00000e-03	nan	nan
-1.54053e+00	5.00000e-03	2.88179e-01	5.00000e-03	nan	nan
-5.77564e-01	5.00000e-03	2.77354e-01	5.00000e-03	nan	nan
-1.05265e+00	5.00000e-03	2.70444e-01	5.00000e-03	nan	nan
-5.88138e-01	5.00000e-03	2.78427e-01	5.00000e-03	nan	nan
-1.25325e+00	5.00000e-03	2.49682e-01	5.00000e-03	nan	nan
-1.09965e+00	5.00000e-03	2.68968e-01	5.00000e-03	nan	nan
-1.02972e+00	5.00000e-03	2.78599e-01	5.00000e-03	nan	nan
-6.09178e-01	5.00000e-03	2.94236e-01	5.00000e-03	nan	nan
-1.60851e+00	5.00000e-03	2.92346e-01	5.00000e-03	nan	nan
-1.15728e+00	5.00000e-03	2.63222e-01	5.00000e-03	nan	nan
-1.75924e+00	5.00000e-03	3.09952e-01	5.00000e-03	nan	nan
-5.82109e-01	5.00000e-03	2.87680e-01	5.00000e-03	nan	nan
-7.37836e-01	5.00000e-03	3.18635e-01	5.00000e-03	nan	nan
-1.16053e+00	5.00000e-03	2.51770e-01	5.00000e-03	nan	nan
-8.93539e-01	5.00000e-03	3.16423e-01	5.00000e-03	nan	nan
-1.02093e+00	5.00000e-03	2.89284e-01	5.00000e-03	nan	nan
-9.55948e-01	5.00000e-03	2.96757e-01	5.00000e-03	nan	nan
-6.88089e-01	5.00000e-03	3.19099e-01	5.00000e-03	nan	nan
-3.99533e-01	5.00000e-03	1.79653e-01	5.00000e-03	nan	nan
-1.77044e+00	5.00000e-03	3.18370e-01	5.00000e-03	nan	nan
-9.93665e-01	5.00000e-03	2.86550e-01	5.00000e-03	nan	nan
-6.02062e-01	5.00000e-03	2.83790e-01	5.00000e-03	nan	nan
-1.15866e+00	5.00000e-03	2.60109e-01	5.00000e-03	nan	nan
-1.34790e+00	5.00000e-03	2.48838e-01	5.00000e-03	nan	nan
-1.59263e+00	5.00000e-03	2.96895e-01	5.00000e-03	nan	nan
-9.45712e-01	5.00000e-03	3.09736e-01	5.00000e-03	nan	nan
-1.41743e+00	5.00000e-03	2.66371e-01	5.00000e-03	nan	nan
-1.18107e+00	5.00000e-03	2.54816e-01	5.00000e-03	nan	nan
-1.15917e+00	5.00000e-03	2.53781e-01	5.00000e-03	nan	nan
-9.36337e-01	5.00000e-03	3.06206e-01	5.00000e-03	nan	nan
-4.80406e-01	5.00000e-03	2.37162e-01	5.00000e-03	nan	nan
-3.88867e-01	5.00000e-03	1.64877e-01	5.00000e-03	nan	nan
-1.27765e+00	5.00000e-03	2.42730e-01	5.00000e-03	nan	nan
-1.33808e+00	5.00000e-03	2.43794e-01	5.00000e-03	nan	nan
-8.44996e-01	5.00000e-03	3.26777e-01	5.00000e-03	nan	nan
-8.83682e-01	5.00000e-03	3.23221e-01	5.00000e-03	nan	nan
-1.31389e+00	5.00000e-03	2.51835e-01	5.00000e-03	nan	nan
-5.20019e-01	5.00000e-03	2.53527e-01	5.00000e-03	nan	nan
-7.56544e-01	5.00000e-03	3.30198e-01	5.00000e-03	nan	nan
-1.45081e+00	5.00000e-03	2.63248e-01	5.00000e-03	nan	nan
-1.05620e+00	5.00000e-03	2.75110e-01	5.00000e-03	nan	nan
-1.72125e+00	5.00000e-03	3.12364e-01	5.00000e-03	nan	nan
-1.03215e+00	5.00000e-03	2.76608e-01	5.00000e-03	nan	nan
-9.82688e-01	5.00000e-03	2.79788e-01	5.00000e-03	nan	nan
-1.47948e+00	5.00000e-03	2.54505e-01	5.00000e-03	nan	nan
-1.78632e+00	5.00000e-03	3.22552e-01	5.00000e-03	nan	nan
-1.48792e+00	5.00000e-03	2.67945e-01	5.00000e-03	nan	nan
-1.06504e+00	5.00000e-03	2.66497e-01	5.00000e-03	nan	nan
-1.87042e+00	5.00000e-03	3.37974e-01	5.00000e-03	nan	nan
-1.48726e+00	5.00000e-03	2.65519e-01	5.00000e-03	nan	nan
-1.45342e+00	5.00000e-03	2.59672e-01	5.00000e-03	nan	nan
-1.12139e+00	5.00000e-03	2.56917e-01	5.00000e-03	nan	nan
-1.02147e+00	5.00000e-03	2.86133e-01	5.00000e-03	nan	nan
-1.19045e+00	5.00000e-03	2.52020e-01	5.00000e-03	nan	nan
-9.18187e-01	5.00000e-03	3.03703e-01	5.00000e-03	nan	nan
-5.36059e-01	5.00000e-03	2.71437e-01	5.00000e-03	nan	nan
-1.37937e+00	5.00000e-03	2.46948e-01	5.00000e-03	nan	nan
-3.85554e-01	5.00000e-03	1.63457e-01	5.00000e-03	nan	nan
-1.23103e+00	5.00000e-03	2.50269e-01	5.00000e-03	nan	nan
-9.57632e-01	5.00000e-03	3.00264e-01	5.00000e-03	nan	nan
-1.20009e+00	5.00000e-03	2.55848e-01	5.00000e-03	nan	nan
-8.83562e-01	5.00000e-03	3.20601e-01	5.00000e-03	nan	nan
-6.83287e-01	5.00000e-03	3.14064e-01	5.00000e-03	nan	nan
-7.70571e-01	5.00000e-03	3.19432e-01	5.00000e-03	nan	nan
