# [Fe/H]	[Fe/H]_err	[O/Fe]	[O/Fe]_err	Log(age/Gyr)	Log(age/Gyr)_err
-9.63228e-01	5.00000e-02	6.88433e-02	5.00000e-02	1.08127e+00	1.00000e-01
-9.50856e-01	5.00000e-02	1.53299e-01	5.00000e-02	7.99246e-01	1.00000e-01
-8.36116e-01	5.00000e-02	2.83798e-02	5.00000e-02	8.56743e-01	1.00000e-01
-9.59275e-01	5.00000e-02	1.86488e-01	5.00000e-02	1.03214e+00	1.00000e-01
-8.33871e-01	5.00000e-02	1.70546e-01	5.00000e-02	9.09551e-01	1.00000e-01
-9.56102e-01	5.00000e-02	1.39318e-01	5.00000e-02	8.94166e-01	1.00000e-01
-1.02820e+00	5.00000e-02	1.47535e-01	5.00000e-02	1.04429e+00	1.00000e-01
-9.36320e-01	5.00000e-02	8.83776e-02	5.00000e-02	6.11200e-01	1.00000e-01
-9.70145e-01	5.00000e-02	1.51484e-01	5.00000e-02	6.05576e-01	1.00000e-01
-8.67209e-01	5.00000e-02	2.31966e-01	5.00000e-02	1.05834e+00	1.00000e-01
-8.05743e-01	5.00000e-02	1.14183e-01	5.00000e-02	9.26516e-01	1.00000e-01
-8.66044e-01	5.00000e-02	1.93815e-01	5.00000e-02	9.83535e-01	1.00000e-01
-9.72003e-01	5.00000e-02	1.38904e-01	5.00000e-02	8.93324e-01	1.00000e-01
-9.40745e-01	5.00000e-02	1.56894e-01	5.00000e-02	3.93485e-01	1.00000e-01
-1.36041e+00	5.00000e-02	3.32962e-01	5.00000e-02	1.05917e+00	1.00000e-01
-1.34416e+00	5.00000e-02	3.48818e-01	5.00000e-02	1.12875e+00	1.00000e-01
-1.63503e+00	5.00000e-02	3.96906e-01	5.00000e-02	1.20731e+00	1.00000e-01
-8.20042e-01	5.00000e-02	1.22993e-01	5.00000e-02	7.47398e-01	1.00000e-01
-8.74296e-01	5.00000e-02	5.73839e-02	5.00000e-02	7.76024e-01	1.00000e-01
-8.98228e-01	5.00000e-02	1.31724e-01	5.00000e-02	6.96910e-01	1.00000e-01
-8.44886e-01	5.00000e-02	5.93015e-02	5.00000e-02	5.44986e-01	1.00000e-01
-8.16727e-01	5.00000e-02	4.92436e-02	5.00000e-02	8.50663e-01	1.00000e-01
-9.54206e-01	5.00000e-02	1.50876e-01	5.00000e-02	9.86683e-01	1.00000e-01
-7.46470e-01	5.00000e-02	9.02549e-02	5.00000e-02	5.62328e-01	1.00000e-01
-1.14353e+00	5.00000e-02	2.73197e-01	5.00000e-02	1.03956e+00	1.00000e-01
-9.34594e-01	5.00000e-02	7.77782e-02	5.00000e-02	8.80265e-01	1.00000e-01
-1.08071e+00	5.00000e-02	3.69559e-01	5.00000e-02	9.86735e-01	1.00000e-01
-9.67484e-01	5.00000e-02	-1.75252e-03	5.00000e-02	6.77395e-01	1.00000e-01
-1.06389e+00	5.00000e-02	1.21090e-01	5.00000e-02	9.00829e-01	1.00000e-01
-9.20328e-01	5.00000e-02	2.15707e-01	5.00000e-02	1.07349e+00	1.00000e-01
-9.85582e-01	5.00000e-02	1.46156e-01	5.00000e-02	1.14789e+00	1.00000e-01
-8.39330e-01	5.00000e-02	1.56004e-01	5.00000e-02	8.90404e-01	1.00000e-01
-1.01734e+00	5.00000e-02	1.14131e-01	5.00000e-02	1.04098e+00	1.00000e-01
-1.00005e+00	5.00000e-02	2.08385e-01	5.00000e-02	9.61648e-01	1.00000e-01
-1.59968e+00	5.00000e-02	3.94783e-01	5.00000e-02	1.02281e+00	1.00000e-01
-8.51139e-01	5.00000e-02	1.56650e-01	5.00000e-02	1.00602e+00	1.00000e-01
-6.90672e-01	5.00000e-02	1.00115e-01	5.00000e-02	8.13814e-01	1.00000e-01
-8.57804e-01	5.00000e-02	5.10531e-02	5.00000e-02	8.69010e-01	1.00000e-01
-9.10198e-01	5.00000e-02	1.10902e-01	5.00000e-02	7.62847e-01	1.00000e-01
-9.69420e-01	5.00000e-02	9.71991e-02	5.00000e-02	7.80722e-01	1.00000e-01
-9.80502e-01	5.00000e-02	8.59502e-02	5.00000e-02	8.83385e-01	1.00000e-01
-8.72470e-01	5.00000e-02	1.74291e-01	5.00000e-02	1.10081e+00	1.00000e-01
-1.03088e+00	5.00000e-02	2.19992e-02	5.00000e-02	7.64583e-01	1.00000e-01
-1.36446e+00	5.00000e-02	3.54311e-01	5.00000e-02	1.21404e+00	1.00000e-01
-9.26250e-01	5.00000e-02	1.95377e-01	5.00000e-02	8.24695e-01	1.00000e-01
-9.92487e-01	5.00000e-02	2.60993e-02	5.00000e-02	7.55580e-01	1.00000e-01
-9.78418e-01	5.00000e-02	1.43044e-01	5.00000e-02	1.14829e+00	1.00000e-01
-1.04066e+00	5.00000e-02	1.46177e-01	5.00000e-02	1.17419e+00	1.00000e-01
-1.11335e+00	5.00000e-02	2.06709e-01	5.00000e-02	1.14077e+00	1.00000e-01
-8.86313e-01	5.00000e-02	9.74411e-02	5.00000e-02	9.41022e-01	1.00000e-01
-8.75723e-01	5.00000e-02	1.22391e-01	5.00000e-02	8.84966e-01	1.00000e-01
-9.47472e-01	5.00000e-02	1.40682e-01	5.00000e-02	8.41512e-01	1.00000e-01
-8.58178e-01	5.00000e-02	1.79391e-01	5.00000e-02	5.75377e-01	1.00000e-01
-1.24009e+00	5.00000e-02	3.45784e-01	5.00000e-02	8.40644e-01	1.00000e-01
-9.27842e-01	5.00000e-02	1.56364e-01	5.00000e-02	1.07177e+00	1.00000e-01
-9.89199e-01	5.00000e-02	2.75107e-01	5.00000e-02	1.04915e+00	1.00000e-01
-9.50518e-01	5.00000e-02	1.68060e-01	5.00000e-02	6.17889e-01	1.00000e-01
-1.04782e+00	5.00000e-02	1.21490e-01	5.00000e-02	9.62860e-01	1.00000e-01
-8.81304e-01	5.00000e-02	1.36282e-01	5.00000e-02	9.70358e-01	1.00000e-01
-1.13245e+00	5.00000e-02	1.51349e-01	5.00000e-02	1.06144e+00	1.00000e-01
-9.84440e-01	5.00000e-02	2.62048e-01	5.00000e-02	1.07787e+00	1.00000e-01
-1.15716e+00	5.00000e-02	3.06028e-01	5.00000e-02	9.10798e-01	1.00000e-01
-9.21304e-01	5.00000e-02	1.42700e-01	5.00000e-02	9.11468e-01	1.00000e-01
-1.09299e+00	5.00000e-02	2.14280e-01	5.00000e-02	9.72745e-01	1.00000e-01
-9.72221e-01	5.00000e-02	2.50089e-01	5.00000e-02	8.65517e-01	1.00000e-01
-9.10020e-01	5.00000e-02	9.99893e-02	5.00000e-02	1.07545e+00	1.00000e-01
-8.30766e-01	5.00000e-02	6.40123e-02	5.00000e-02	7.28041e-01	1.00000e-01
-1.21276e+00	5.00000e-02	2.76456e-01	5.00000e-02	7.93337e-01	1.00000e-01
-8.05019e-01	5.00000e-02	1.03844e-01	5.00000e-02	7.12846e-01	1.00000e-01
-1.29351e+00	5.00000e-02	3.14708e-01	5.00000e-02	1.13622e+00	1.00000e-01
-8.96059e-01	5.00000e-02	9.74589e-02	5.00000e-02	5.32297e-01	1.00000e-01
-9.92675e-01	5.00000e-02	6.17801e-02	5.00000e-02	9.91610e-01	1.00000e-01
-9.19775e-01	5.00000e-02	1.20201e-01	5.00000e-02	4.84716e-01	1.00000e-01
-8.48413e-01	5.00000e-02	1.02584e-01	5.00000e-02	7.18725e-01	1.00000e-01
-9.26197e-01	5.00000e-02	1.07558e-01	5.00000e-02	6.33975e-01	1.00000e-01
-1.52983e+00	5.00000e-02	3.81754e-01	5.00000e-02	1.20616e+00	1.00000e-01
-1.05058e+00	5.00000e-02	2.11359e-01	5.00000e-02	1.05136e+00	1.00000e-01
-1.13274e+00	5.00000e-02	3.38929e-01	5.00000e-02	9.40263e-01	1.00000e-01
-9.97769e-01	5.00000e-02	1.71294e-01	5.00000e-02	1.00247e+00	1.00000e-01
-1.16860e+00	5.00000e-02	2.56970e-01	5.00000e-02	9.68696e-01	1.00000e-01
-9.87675e-01	5.00000e-02	2.69479e-01	5.00000e-02	1.01184e+00	1.00000e-01
-8.84911e-01	5.00000e-02	9.43983e-02	5.00000e-02	9.62303e-01	1.00000e-01
-1.33758e+00	5.00000e-02	3.07897e-01	5.00000e-02	1.06285e+00	1.00000e-01
-9.43267e-01	5.00000e-02	7.28517e-02	5.00000e-02	8.58397e-01	1.00000e-01
-8.30995e-01	5.00000e-02	2.01901e-01	5.00000e-02	8.98373e-01	1.00000e-01
-9.83159e-01	5.00000e-02	2.41998e-01	5.00000e-02	9.35408e-01	1.00000e-01
-1.02046e+00	5.00000e-02	1.32633e-01	5.00000e-02	1.03026e+00	1.00000e-01
-1.25146e+00	5.00000e-02	2.69164e-01	5.00000e-02	1.25421e+00	1.00000e-01
-8.35232e-01	5.00000e-02	1.16846e-02	5.00000e-02	9.33719e-01	1.00000e-01
-9.17252e-01	5.00000e-02	1.21871e-01	5.00000e-02	7.09613e-01	1.00000e-01
-9.97891e-01	5.00000e-02	1.19643e-01	5.00000e-02	9.79963e-01	1.00000e-01
-9.89420e-01	5.00000e-02	6.20790e-02	5.00000e-02	7.20030e-01	1.00000e-01
-1.08038e+00	5.00000e-02	2.67315e-01	5.00000e-02	1.04225e+00	1.00000e-01
-9.90697e-01	5.00000e-02	1.23987e-01	5.00000e-02	9.28777e-01	1.00000e-01
-1.13869e+00	5.00000e-02	2.09749e-01	5.00000e-02	9.72370e-01	1.00000e-01
-1.05167e+00	5.00000e-02	1.06068e-01	5.00000e-02	9.75048e-01	1.00000e-01
-8.19357e-01	5.00000e-02	1.40112e-01	5.00000e-02	8.02077e-01	1.00000e-01
-1.53563e+00	5.00000e-02	4.52315e-01	5.00000e-02	1.16476e+00	1.00000e-01
-8.43191e-01	5.00000e-02	1.40285e-01	5.00000e-02	8.18265e-01	1.00000e-01
-1.82092e+00	5.00000e-02	4.01600e-01	5.00000e-02	8.52948e-01	1.00000e-01
-8.48800e-01	5.00000e-02	3.25612e-02	5.00000e-02	8.37156e-01	1.00000e-01
-9.31839e-01	5.00000e-02	2.07216e-01	5.00000e-02	1.12835e+00	1.00000e-01
-1.01410e+00	5.00000e-02	3.78203e-02	5.00000e-02	7.57634e-01	1.00000e-01
-8.47556e-01	5.00000e-02	9.45354e-02	5.00000e-02	5.59026e-01	1.00000e-01
-1.03616e+00	5.00000e-02	2.42360e-01	5.00000e-02	8.96108e-01	1.00000e-01
-9.10104e-01	5.00000e-02	8.82808e-02	5.00000e-02	1.01147e+00	1.00000e-01
-8.11569e-01	5.00000e-02	2.23124e-01	5.00000e-02	9.86296e-01	1.00000e-01
-8.59889e-01	5.00000e-02	1.93516e-01	5.00000e-02	9.25324e-01	1.00000e-01
-1.04979e+00	5.00000e-02	2.20034e-01	5.00000e-02	9.79973e-01	1.00000e-01
-9.32318e-01	5.00000e-02	1.79107e-01	5.00000e-02	6.36276e-01	1.00000e-01
-9.98532e-01	5.00000e-02	1.09191e-01	5.00000e-02	1.06074e+00	1.00000e-01
-8.80557e-01	5.00000e-02	6.23056e-02	5.00000e-02	6.76512e-01	1.00000e-01
-9.55095e-01	5.00000e-02	1.01939e-01	5.00000e-02	6.69120e-01	1.00000e-01
-1.07442e+00	5.00000e-02	1.43616e-01	5.00000e-02	1.14882e+00	1.00000e-01
-7.58934e-01	5.00000e-02	1.21522e-01	5.00000e-02	7.06100e-01	1.00000e-01
-8.96373e-01	5.00000e-02	1.10666e-01	5.00000e-02	8.77987e-01	1.00000e-01
-8.02015e-01	5.00000e-02	-1.94393e-02	5.00000e-02	7.56239e-01	1.00000e-01
-9.04169e-01	5.00000e-02	1.19224e-01	5.00000e-02	8.00473e-01	1.00000e-01
-9.85756e-01	5.00000e-02	3.58169e-02	5.00000e-02	8.75336e-01	1.00000e-01
-9.70080e-01	5.00000e-02	8.04669e-02	5.00000e-02	8.88726e-01	1.00000e-01
-9.50233e-01	5.00000e-02	1.62315e-01	5.00000e-02	6.33816e-01	1.00000e-01
-9.68646e-01	5.00000e-02	1.86010e-01	5.00000e-02	7.70354e-01	1.00000e-01
-8.89785e-01	5.00000e-02	1.97323e-01	5.00000e-02	6.41967e-01	1.00000e-01
-8.54389e-01	5.00000e-02	1.34028e-01	5.00000e-02	7.88988e-01	1.00000e-01
-9.05212e-01	5.00000e-02	4.95690e-02	5.00000e-02	9.24286e-01	1.00000e-01
-8.06459e-01	5.00000e-02	1.43215e-01	5.00000e-02	8.86123e-01	1.00000e-01
-1.55589e+00	5.00000e-02	3.27309e-01	5.00000e-02	1.11531e+00	1.00000e-01
-1.02244e+00	5.00000e-02	2.82052e-01	5.00000e-02	1.00142e+00	1.00000e-01
-9.54290e-01	5.00000e-02	1.06608e-01	5.00000e-02	7.58735e-01	1.00000e-01
-1.02884e+00	5.00000e-02	1.72652e-01	5.00000e-02	8.47809e-01	1.00000e-01
-8.36571e-01	5.00000e-02	8.57583e-02	5.00000e-02	7.12976e-01	1.00000e-01
-9.22355e-01	5.00000e-02	2.02668e-01	5.00000e-02	1.01921e+00	1.00000e-01
-1.05613e+00	5.00000e-02	1.90859e-01	5.00000e-02	1.13334e+00	1.00000e-01
-1.02105e+00	5.00000e-02	2.16556e-01	5.00000e-02	1.06634e+00	1.00000e-01
-9.32931e-01	5.00000e-02	1.30044e-01	5.00000e-02	8.30009e-01	1.00000e-01
-8.26787e-01	5.00000e-02	7.22959e-02	5.00000e-02	1.02445e+00	1.00000e-01
-8.96721e-01	5.00000e-02	8.40509e-02	5.00000e-02	9.10549e-01	1.00000e-01
-9.70472e-01	5.00000e-02	8.19345e-02	5.00000e-02	7.71310e-01	1.00000e-01
-8.43810e-01	5.00000e-02	1.42103e-01	5.00000e-02	8.49166e-01	1.00000e-01
-9.45617e-01	5.00000e-02	1.75625e-01	5.00000e-02	1.00619e+00	1.00000e-01
-9.18271e-01	5.00000e-02	9.84459e-02	5.00000e-02	5.19597e-01	1.00000e-01
-8.86607e-01	5.00000e-02	1.31843e-01	5.00000e-02	1.06233e+00	1.00000e-01
-8.84692e-01	5.00000e-02	9.64103e-02	5.00000e-02	1.01063e+00	1.00000e-01
-8.52472e-01	5.00000e-02	6.42447e-02	5.00000e-02	8.60157e-01	1.00000e-01
-8.45305e-01	5.00000e-02	9.80571e-02	5.00000e-02	7.61564e-01	1.00000e-01
-9.63266e-01	5.00000e-02	8.04247e-02	5.00000e-02	7.68251e-01	1.00000e-01
-1.25557e+00	5.00000e-02	3.09277e-01	5.00000e-02	1.12991e+00	1.00000e-01
-8.36560e-01	5.00000e-02	1.76600e-01	5.00000e-02	6.21114e-01	1.00000e-01
-9.43601e-01	5.00000e-02	1.74552e-01	5.00000e-02	8.25228e-01	1.00000e-01
-8.26798e-01	5.00000e-02	1.00576e-01	5.00000e-02	6.89872e-01	1.00000e-01
-1.07629e+00	5.00000e-02	2.25930e-01	5.00000e-02	nan	nan
-8.88045e-01	5.00000e-02	9.90432e-02	5.00000e-02	nan	nan
-9.42824e-01	5.00000e-02	3.33615e-01	5.00000e-02	nan	nan
-8.40275e-01	5.00000e-02	1.40080e-01	5.00000e-02	nan	nan
-1.16972e+00	5.00000e-02	2.71858e-01	5.00000e-02	nan	nan
-9.13068e-01	5.00000e-02	6.43259e-02	5.00000e-02	nan	nan
-8.53609e-01	5.00000e-02	7.44544e-02	5.00000e-02	nan	nan
-8.85246e-01	5.00000e-02	1.05351e-01	5.00000e-02	nan	nan
-8.12151e-01	5.00000e-02	1.39448e-01	5.00000e-02	nan	nan
-1.33526e+00	5.00000e-02	3.32824e-01	5.00000e-02	nan	nan
-9.70006e-01	5.00000e-02	1.35868e-01	5.00000e-02	nan	nan
-9.23935e-01	5.00000e-02	1.88270e-01	5.00000e-02	nan	nan
-9.65236e-01	5.00000e-02	8.21496e-02	5.00000e-02	nan	nan
-9.52207e-01	5.00000e-02	7.51211e-02	5.00000e-02	nan	nan
-8.72394e-01	5.00000e-02	1.89452e-02	5.00000e-02	nan	nan
-9.23432e-01	5.00000e-02	8.60241e-02	5.00000e-02	nan	nan
-1.72384e+00	5.00000e-02	3.59243e-01	5.00000e-02	nan	nan
-9.22763e-01	5.00000e-02	1.77174e-01	5.00000e-02	nan	nan
-9.77630e-01	5.00000e-02	1.50248e-01	5.00000e-02	nan	nan
-9.77777e-01	5.00000e-02	1.44635e-01	5.00000e-02	nan	nan
-1.00590e+00	5.00000e-02	7.09830e-02	5.00000e-02	nan	nan
-1.41816e+00	5.00000e-02	2.62233e-01	5.00000e-02	nan	nan
-9.52381e-01	5.00000e-02	2.01001e-01	5.00000e-02	nan	nan
-1.51184e+00	5.00000e-02	3.58996e-01	5.00000e-02	nan	nan
-7.72615e-01	5.00000e-02	1.72268e-01	5.00000e-02	nan	nan
-1.08461e+00	5.00000e-02	2.37557e-01	5.00000e-02	nan	nan
-9.96428e-01	5.00000e-02	2.22220e-01	5.00000e-02	nan	nan
-9.57241e-01	5.00000e-02	1.27963e-01	5.00000e-02	nan	nan
-1.02878e+00	5.00000e-02	1.86112e-01	5.00000e-02	nan	nan
-1.49362e+00	5.00000e-02	3.63351e-01	5.00000e-02	nan	nan
-9.98077e-01	5.00000e-02	2.10796e-01	5.00000e-02	nan	nan
-7.66957e-01	5.00000e-02	1.80178e-01	5.00000e-02	nan	nan
-8.32131e-01	5.00000e-02	5.81618e-02	5.00000e-02	nan	nan
-1.07855e+00	5.00000e-02	1.36619e-01	5.00000e-02	nan	nan
-9.79120e-01	5.00000e-02	8.49360e-02	5.00000e-02	nan	nan
-7.62999e-01	5.00000e-02	1.27075e-01	5.00000e-02	nan	nan
-9.43285e-01	5.00000e-02	1.59015e-01	5.00000e-02	nan	nan
-7.53585e-01	5.00000e-02	1.43181e-01	5.00000e-02	nan	nan
-9.92645e-01	5.00000e-02	1.38858e-01	5.00000e-02	nan	nan
-1.02840e+00	5.00000e-02	2.14037e-01	5.00000e-02	nan	nan
-8.13971e-01	5.00000e-02	9.47744e-02	5.00000e-02	nan	nan
-1.05267e+00	5.00000e-02	1.69433e-01	5.00000e-02	nan	nan
-9.42665e-01	5.00000e-02	2.42561e-01	5.00000e-02	nan	nan
-9.33075e-01	5.00000e-02	1.13226e-01	5.00000e-02	nan	nan
-8.97433e-01	5.00000e-02	1.66349e-01	5.00000e-02	nan	nan
-9.40558e-01	5.00000e-02	1.56736e-01	5.00000e-02	nan	nan
-9.20805e-01	5.00000e-02	1.70754e-01	5.00000e-02	nan	nan
-1.09259e+00	5.00000e-02	1.81861e-01	5.00000e-02	nan	nan
-1.36763e+00	5.00000e-02	3.25117e-01	5.00000e-02	nan	nan
-8.79775e-01	5.00000e-02	8.22088e-02	5.00000e-02	nan	nan
-1.02818e+00	5.00000e-02	2.23808e-01	5.00000e-02	nan	nan
-9.79311e-01	5.00000e-02	1.42076e-01	5.00000e-02	nan	nan
-9.01207e-01	5.00000e-02	1.61629e-01	5.00000e-02	nan	nan
-9.38669e-01	5.00000e-02	1.97558e-01	5.00000e-02	nan	nan
-1.60798e+00	5.00000e-02	3.54609e-01	5.00000e-02	nan	nan
-1.30388e+00	5.00000e-02	3.02322e-01	5.00000e-02	nan	nan
-9.44323e-01	5.00000e-02	1.23670e-01	5.00000e-02	nan	nan
-1.05974e+00	5.00000e-02	1.32112e-01	5.00000e-02	nan	nan
-9.87370e-01	5.00000e-02	2.29517e-01	5.00000e-02	nan	nan
-8.65003e-01	5.00000e-02	6.02294e-02	5.00000e-02	nan	nan
-8.30131e-01	5.00000e-02	1.85196e-02	5.00000e-02	nan	nan
-9.96802e-01	5.00000e-02	2.37256e-01	5.00000e-02	nan	nan
-9.55997e-01	5.00000e-02	5.19844e-02	5.00000e-02	nan	nan
-1.09115e+00	5.00000e-02	1.37882e-01	5.00000e-02	nan	nan
-1.52528e+00	5.00000e-02	3.53946e-01	5.00000e-02	nan	nan
-8.91072e-01	5.00000e-02	1.12906e-01	5.00000e-02	nan	nan
-9.54480e-01	5.00000e-02	2.38446e-01	5.00000e-02	nan	nan
-8.17190e-01	5.00000e-02	1.65462e-01	5.00000e-02	nan	nan
-7.44221e-01	5.00000e-02	1.34234e-01	5.00000e-02	nan	nan
-7.61079e-01	5.00000e-02	1.55145e-01	5.00000e-02	nan	nan
-8.35228e-01	5.00000e-02	6.93065e-02	5.00000e-02	nan	nan
-9.54814e-01	5.00000e-02	5.28468e-02	5.00000e-02	nan	nan
-1.05753e+00	5.00000e-02	2.43371e-01	5.00000e-02	nan	nan
-8.03141e-01	5.00000e-02	3.51961e-02	5.00000e-02	nan	nan
-9.72426e-01	5.00000e-02	1.68779e-01	5.00000e-02	nan	nan
-9.79830e-01	5.00000e-02	1.23841e-01	5.00000e-02	nan	nan
-9.56622e-01	5.00000e-02	1.36020e-01	5.00000e-02	nan	nan
-9.98977e-01	5.00000e-02	2.00814e-01	5.00000e-02	nan	nan
-9.76244e-01	5.00000e-02	4.12581e-02	5.00000e-02	nan	nan
-1.01541e+00	5.00000e-02	1.31053e-01	5.00000e-02	nan	nan
-1.01903e+00	5.00000e-02	1.36631e-01	5.00000e-02	nan	nan
-9.79646e-01	5.00000e-02	1.66834e-01	5.00000e-02	nan	nan
-9.38136e-01	5.00000e-02	9.88557e-02	5.00000e-02	nan	nan
-1.58090e+00	5.00000e-02	3.17994e-01	5.00000e-02	nan	nan
-9.49518e-01	5.00000e-02	1.91103e-01	5.00000e-02	nan	nan
-9.21105e-01	5.00000e-02	4.59985e-02	5.00000e-02	nan	nan
-7.59203e-01	5.00000e-02	1.48009e-01	5.00000e-02	nan	nan
-9.83012e-01	5.00000e-02	1.55125e-01	5.00000e-02	nan	nan
-1.10326e+00	5.00000e-02	1.89520e-01	5.00000e-02	nan	nan
-8.70108e-01	5.00000e-02	9.21366e-02	5.00000e-02	nan	nan
-8.81093e-01	5.00000e-02	1.11724e-01	5.00000e-02	nan	nan
-1.13279e+00	5.00000e-02	2.73720e-01	5.00000e-02	nan	nan
-9.32776e-01	5.00000e-02	7.34361e-02	5.00000e-02	nan	nan
-1.01040e+00	5.00000e-02	2.52890e-01	5.00000e-02	nan	nan
-8.92012e-01	5.00000e-02	1.16548e-01	5.00000e-02	nan	nan
-7.99706e-01	5.00000e-02	8.58370e-02	5.00000e-02	nan	nan
-8.28343e-01	5.00000e-02	1.57526e-01	5.00000e-02	nan	nan
-9.64073e-01	5.00000e-02	1.88903e-01	5.00000e-02	nan	nan
-1.10914e+00	5.00000e-02	2.50166e-01	5.00000e-02	nan	nan
-9.62901e-01	5.00000e-02	1.38491e-01	5.00000e-02	nan	nan
-8.97913e-01	5.00000e-02	1.71093e-01	5.00000e-02	nan	nan
-9.26226e-01	5.00000e-02	3.82608e-02	5.00000e-02	nan	nan
-8.07676e-01	5.00000e-02	6.25045e-02	5.00000e-02	nan	nan
-9.31503e-01	5.00000e-02	1.17085e-01	5.00000e-02	nan	nan
-8.86025e-01	5.00000e-02	9.31728e-02	5.00000e-02	nan	nan
-1.36252e+00	5.00000e-02	3.18758e-01	5.00000e-02	nan	nan
-8.94619e-01	5.00000e-02	2.11058e-01	5.00000e-02	nan	nan
-8.18322e-01	5.00000e-02	2.04212e-01	5.00000e-02	nan	nan
-9.24885e-01	5.00000e-02	1.83156e-01	5.00000e-02	nan	nan
-1.00197e+00	5.00000e-02	2.32370e-01	5.00000e-02	nan	nan
-9.57443e-01	5.00000e-02	2.06111e-01	5.00000e-02	nan	nan
-1.21424e+00	5.00000e-02	3.02572e-01	5.00000e-02	nan	nan
-1.58176e+00	5.00000e-02	3.82596e-01	5.00000e-02	nan	nan
-9.46188e-01	5.00000e-02	1.31891e-01	5.00000e-02	nan	nan
-9.76603e-01	5.00000e-02	1.59282e-01	5.00000e-02	nan	nan
-8.39279e-01	5.00000e-02	9.63530e-02	5.00000e-02	nan	nan
-1.13953e+00	5.00000e-02	1.82241e-01	5.00000e-02	nan	nan
-7.77595e-01	5.00000e-02	1.68461e-01	5.00000e-02	nan	nan
-1.37473e+00	5.00000e-02	3.82604e-01	5.00000e-02	nan	nan
-1.01516e+00	5.00000e-02	2.13935e-01	5.00000e-02	nan	nan
-8.69222e-01	5.00000e-02	7.82318e-02	5.00000e-02	nan	nan
-8.90406e-01	5.00000e-02	4.59600e-02	5.00000e-02	nan	nan
-8.72022e-01	5.00000e-02	2.09848e-01	5.00000e-02	nan	nan
-9.62813e-01	5.00000e-02	1.55396e-01	5.00000e-02	nan	nan
-9.63184e-01	5.00000e-02	2.17155e-01	5.00000e-02	nan	nan
-9.01089e-01	5.00000e-02	1.22343e-01	5.00000e-02	nan	nan
-9.54899e-01	5.00000e-02	1.16734e-01	5.00000e-02	nan	nan
-7.83058e-01	5.00000e-02	4.22257e-02	5.00000e-02	nan	nan
-8.48917e-01	5.00000e-02	7.87482e-02	5.00000e-02	nan	nan
-9.35751e-01	5.00000e-02	8.16834e-02	5.00000e-02	nan	nan
-1.01798e+00	5.00000e-02	1.83371e-01	5.00000e-02	nan	nan
-8.42750e-01	5.00000e-02	1.33774e-01	5.00000e-02	nan	nan
-8.72551e-01	5.00000e-02	1.88474e-01	5.00000e-02	nan	nan
-1.73707e+00	5.00000e-02	4.45659e-01	5.00000e-02	nan	nan
-9.57200e-01	5.00000e-02	1.17647e-01	5.00000e-02	nan	nan
-1.03152e+00	5.00000e-02	2.70040e-01	5.00000e-02	nan	nan
-8.38773e-01	5.00000e-02	1.33294e-01	5.00000e-02	nan	nan
-1.00745e+00	5.00000e-02	1.27734e-01	5.00000e-02	nan	nan
-1.02512e+00	5.00000e-02	1.60403e-01	5.00000e-02	nan	nan
-8.53241e-01	5.00000e-02	8.25575e-02	5.00000e-02	nan	nan
-1.01589e+00	5.00000e-02	2.14566e-01	5.00000e-02	nan	nan
-1.10514e+00	5.00000e-02	2.63389e-01	5.00000e-02	nan	nan
-8.21378e-01	5.00000e-02	1.88268e-01	5.00000e-02	nan	nan
-9.40921e-01	5.00000e-02	1.19110e-01	5.00000e-02	nan	nan
-1.04631e+00	5.00000e-02	2.44301e-01	5.00000e-02	nan	nan
-9.46054e-01	5.00000e-02	2.66933e-01	5.00000e-02	nan	nan
-1.21390e+00	5.00000e-02	3.23449e-01	5.00000e-02	nan	nan
-9.64655e-01	5.00000e-02	1.92310e-02	5.00000e-02	nan	nan
-8.83929e-01	5.00000e-02	8.11219e-02	5.00000e-02	nan	nan
-8.78780e-01	5.00000e-02	7.42404e-02	5.00000e-02	nan	nan
-9.21713e-01	5.00000e-02	7.69028e-02	5.00000e-02	nan	nan
-7.85316e-01	5.00000e-02	1.42550e-01	5.00000e-02	nan	nan
-9.56530e-01	5.00000e-02	1.32544e-01	5.00000e-02	nan	nan
-1.32246e+00	5.00000e-02	3.20812e-01	5.00000e-02	nan	nan
-8.61898e-01	5.00000e-02	3.28955e-02	5.00000e-02	nan	nan
-1.05061e+00	5.00000e-02	2.02303e-01	5.00000e-02	nan	nan
-1.14676e+00	5.00000e-02	1.93879e-01	5.00000e-02	nan	nan
-1.42550e+00	5.00000e-02	3.61954e-01	5.00000e-02	nan	nan
-9.20615e-01	5.00000e-02	9.65810e-02	5.00000e-02	nan	nan
-1.70314e+00	5.00000e-02	3.64513e-01	5.00000e-02	nan	nan
-9.12109e-01	5.00000e-02	9.27998e-02	5.00000e-02	nan	nan
-1.10579e+00	5.00000e-02	2.28202e-01	5.00000e-02	nan	nan
-1.32218e+00	5.00000e-02	3.09468e-01	5.00000e-02	nan	nan
-1.27585e+00	5.00000e-02	3.68756e-01	5.00000e-02	nan	nan
-8.91021e-01	5.00000e-02	1.27973e-01	5.00000e-02	nan	nan
-1.08210e+00	5.00000e-02	1.93047e-01	5.00000e-02	nan	nan
-9.30863e-01	5.00000e-02	8.68293e-02	5.00000e-02	nan	nan
-8.19328e-01	5.00000e-02	9.01850e-02	5.00000e-02	nan	nan
-9.10810e-01	5.00000e-02	4.13140e-02	5.00000e-02	nan	nan
-9.79675e-01	5.00000e-02	1.54929e-01	5.00000e-02	nan	nan
-1.02686e+00	5.00000e-02	1.42278e-01	5.00000e-02	nan	nan
-1.07861e+00	5.00000e-02	2.16438e-01	5.00000e-02	nan	nan
-1.36683e+00	5.00000e-02	4.48850e-01	5.00000e-02	nan	nan
-1.03285e+00	5.00000e-02	1.68959e-01	5.00000e-02	nan	nan
-1.14300e+00	5.00000e-02	1.55242e-01	5.00000e-02	nan	nan
-8.95606e-01	5.00000e-02	9.67083e-02	5.00000e-02	nan	nan
-1.02123e+00	5.00000e-02	8.57390e-02	5.00000e-02	nan	nan
-9.45389e-01	5.00000e-02	1.42474e-01	5.00000e-02	nan	nan
-1.00544e+00	5.00000e-02	2.03280e-01	5.00000e-02	nan	nan
-7.79567e-01	5.00000e-02	1.22602e-01	5.00000e-02	nan	nan
-1.04867e+00	5.00000e-02	2.26351e-01	5.00000e-02	nan	nan
-8.29997e-01	5.00000e-02	1.60956e-01	5.00000e-02	nan	nan
-1.34546e+00	5.00000e-02	4.07024e-01	5.00000e-02	nan	nan
-9.05715e-01	5.00000e-02	1.04102e-01	5.00000e-02	nan	nan
-8.78307e-01	5.00000e-02	1.66961e-01	5.00000e-02	nan	nan
-8.79897e-01	5.00000e-02	1.23088e-01	5.00000e-02	nan	nan
-1.05293e+00	5.00000e-02	1.42183e-01	5.00000e-02	nan	nan
-9.67261e-01	5.00000e-02	1.91700e-01	5.00000e-02	nan	nan
-8.52437e-01	5.00000e-02	1.63581e-01	5.00000e-02	nan	nan
-9.52817e-01	5.00000e-02	1.66836e-01	5.00000e-02	nan	nan
-8.22249e-01	5.00000e-02	1.90925e-01	5.00000e-02	nan	nan
-9.77407e-01	5.00000e-02	1.86899e-01	5.00000e-02	nan	nan
-9.92691e-01	5.00000e-02	1.00453e-01	5.00000e-02	nan	nan
-1.52658e+00	5.00000e-02	4.28369e-01	5.00000e-02	nan	nan
-9.49981e-01	5.00000e-02	4.19132e-02	5.00000e-02	nan	nan
-1.36861e+00	5.00000e-02	3.69388e-01	5.00000e-02	nan	nan
-9.65123e-01	5.00000e-02	1.78702e-01	5.00000e-02	nan	nan
-9.67067e-01	5.00000e-02	1.33211e-01	5.00000e-02	nan	nan
-8.14249e-01	5.00000e-02	3.38265e-04	5.00000e-02	nan	nan
-8.81190e-01	5.00000e-02	8.81506e-02	5.00000e-02	nan	nan
-8.59848e-01	5.00000e-02	4.10800e-02	5.00000e-02	nan	nan
-1.42613e+00	5.00000e-02	3.64137e-01	5.00000e-02	nan	nan
-8.79742e-01	5.00000e-02	1.60207e-01	5.00000e-02	nan	nan
-9.40649e-01	5.00000e-02	-1.59763e-03	5.00000e-02	nan	nan
-8.49145e-01	5.00000e-02	1.67911e-01	5.00000e-02	nan	nan
-9.22888e-01	5.00000e-02	1.31483e-01	5.00000e-02	nan	nan
-1.04795e+00	5.00000e-02	1.52731e-01	5.00000e-02	nan	nan
-1.16118e+00	5.00000e-02	1.96004e-01	5.00000e-02	nan	nan
-7.65187e-01	5.00000e-02	1.76563e-01	5.00000e-02	nan	nan
-9.31714e-01	5.00000e-02	1.18142e-01	5.00000e-02	nan	nan
-9.54335e-01	5.00000e-02	2.39210e-01	5.00000e-02	nan	nan
-9.30293e-01	5.00000e-02	1.47139e-01	5.00000e-02	nan	nan
-9.09340e-01	5.00000e-02	1.28482e-01	5.00000e-02	nan	nan
-9.88140e-01	5.00000e-02	1.08903e-01	5.00000e-02	nan	nan
-9.00158e-01	5.00000e-02	1.00667e-01	5.00000e-02	nan	nan
-1.01165e+00	5.00000e-02	7.59426e-02	5.00000e-02	nan	nan
-9.17593e-01	5.00000e-02	1.28687e-01	5.00000e-02	nan	nan
-8.12674e-01	5.00000e-02	2.68548e-01	5.00000e-02	nan	nan
-9.97037e-01	5.00000e-02	6.58081e-02	5.00000e-02	nan	nan
-9.38816e-01	5.00000e-02	9.96100e-03	5.00000e-02	nan	nan
-9.76256e-01	5.00000e-02	1.08874e-01	5.00000e-02	nan	nan
-9.83185e-01	5.00000e-02	1.83290e-01	5.00000e-02	nan	nan
-8.85651e-01	5.00000e-02	9.43906e-02	5.00000e-02	nan	nan
-8.48428e-01	5.00000e-02	1.04202e-01	5.00000e-02	nan	nan
-9.86071e-01	5.00000e-02	1.36095e-01	5.00000e-02	nan	nan
-9.33798e-01	5.00000e-02	1.54907e-01	5.00000e-02	nan	nan
-7.74744e-01	5.00000e-02	1.15809e-01	5.00000e-02	nan	nan
-9.10823e-01	5.00000e-02	1.13726e-01	5.00000e-02	nan	nan
-9.05583e-01	5.00000e-02	1.15829e-01	5.00000e-02	nan	nan
-7.34560e-01	5.00000e-02	1.18541e-01	5.00000e-02	nan	nan
-8.85387e-01	5.00000e-02	1.51912e-01	5.00000e-02	nan	nan
-9.65673e-01	5.00000e-02	5.65130e-02	5.00000e-02	nan	nan
-9.78442e-01	5.00000e-02	1.26906e-01	5.00000e-02	nan	nan
-9.09563e-01	5.00000e-02	4.73903e-02	5.00000e-02	nan	nan
-7.15268e-01	5.00000e-02	7.33328e-02	5.00000e-02	nan	nan
-9.51247e-01	5.00000e-02	1.48553e-01	5.00000e-02	nan	nan
-8.19858e-01	5.00000e-02	1.38524e-01	5.00000e-02	nan	nan
-1.00370e+00	5.00000e-02	2.08602e-01	5.00000e-02	nan	nan
-8.42130e-01	5.00000e-02	1.01469e-01	5.00000e-02	nan	nan
-8.27736e-01	5.00000e-02	1.45641e-01	5.00000e-02	nan	nan
-1.36803e+00	5.00000e-02	3.41302e-01	5.00000e-02	nan	nan
-8.99694e-01	5.00000e-02	2.07307e-01	5.00000e-02	nan	nan
-1.10764e+00	5.00000e-02	2.39468e-01	5.00000e-02	nan	nan
-8.53026e-01	5.00000e-02	7.95634e-02	5.00000e-02	nan	nan
-1.45247e+00	5.00000e-02	3.16960e-01	5.00000e-02	nan	nan
-9.01992e-01	5.00000e-02	3.18410e-02	5.00000e-02	nan	nan
-8.15438e-01	5.00000e-02	2.05056e-01	5.00000e-02	nan	nan
-8.44350e-01	5.00000e-02	1.14449e-01	5.00000e-02	nan	nan
-1.58913e+00	5.00000e-02	4.33652e-01	5.00000e-02	nan	nan
-1.08445e+00	5.00000e-02	1.53405e-01	5.00000e-02	nan	nan
-8.77933e-01	5.00000e-02	2.60593e-01	5.00000e-02	nan	nan
-9.15350e-01	5.00000e-02	5.47435e-02	5.00000e-02	nan	nan
-1.21441e+00	5.00000e-02	3.50370e-01	5.00000e-02	nan	nan
-8.76179e-01	5.00000e-02	6.64829e-02	5.00000e-02	nan	nan
-9.74821e-01	5.00000e-02	6.06967e-02	5.00000e-02	nan	nan
-9.76328e-01	5.00000e-02	8.42766e-02	5.00000e-02	nan	nan
-1.05489e+00	5.00000e-02	2.09227e-01	5.00000e-02	nan	nan
-1.03454e+00	5.00000e-02	1.66399e-01	5.00000e-02	nan	nan
-7.82231e-01	5.00000e-02	2.13584e-01	5.00000e-02	nan	nan
-1.55260e+00	5.00000e-02	3.26022e-01	5.00000e-02	nan	nan
-1.62100e+00	5.00000e-02	4.72604e-01	5.00000e-02	nan	nan
-8.92618e-01	5.00000e-02	9.20040e-02	5.00000e-02	nan	nan
-1.38421e+00	5.00000e-02	3.99850e-01	5.00000e-02	nan	nan
-1.07058e+00	5.00000e-02	1.79543e-01	5.00000e-02	nan	nan
-1.07657e+00	5.00000e-02	2.56830e-01	5.00000e-02	nan	nan
-1.05966e+00	5.00000e-02	2.11028e-01	5.00000e-02	nan	nan
-1.12021e+00	5.00000e-02	2.49785e-01	5.00000e-02	nan	nan
-1.64574e+00	5.00000e-02	3.75508e-01	5.00000e-02	nan	nan
-1.15804e+00	5.00000e-02	3.45462e-01	5.00000e-02	nan	nan
-8.65667e-01	5.00000e-02	1.21529e-01	5.00000e-02	nan	nan
-9.49910e-01	5.00000e-02	1.28114e-01	5.00000e-02	nan	nan
-7.83267e-01	5.00000e-02	1.51999e-01	5.00000e-02	nan	nan
-9.57493e-01	5.00000e-02	1.70523e-01	5.00000e-02	nan	nan
-1.03631e+00	5.00000e-02	2.83283e-01	5.00000e-02	nan	nan
-8.13051e-01	5.00000e-02	1.16384e-01	5.00000e-02	nan	nan
-9.73639e-01	5.00000e-02	6.35357e-02	5.00000e-02	nan	nan
-8.32925e-01	5.00000e-02	1.31371e-01	5.00000e-02	nan	nan
-1.39784e+00	5.00000e-02	3.26365e-01	5.00000e-02	nan	nan
-8.90829e-01	5.00000e-02	1.63251e-01	5.00000e-02	nan	nan
-1.01026e+00	5.00000e-02	2.10188e-01	5.00000e-02	nan	nan
-1.09045e+00	5.00000e-02	1.92433e-01	5.00000e-02	nan	nan
-9.00138e-01	5.00000e-02	1.11440e-01	5.00000e-02	nan	nan
-1.04002e+00	5.00000e-02	2.97499e-01	5.00000e-02	nan	nan
-9.43016e-01	5.00000e-02	1.20392e-01	5.00000e-02	nan	nan
-9.07489e-01	5.00000e-02	7.79148e-02	5.00000e-02	nan	nan
-8.34264e-01	5.00000e-02	2.35575e-01	5.00000e-02	nan	nan
-8.93485e-01	5.00000e-02	1.72646e-01	5.00000e-02	nan	nan
-1.03229e+00	5.00000e-02	1.92971e-01	5.00000e-02	nan	nan
-1.04112e+00	5.00000e-02	9.76297e-02	5.00000e-02	nan	nan
-9.18621e-01	5.00000e-02	7.90952e-02	5.00000e-02	nan	nan
-8.94575e-01	5.00000e-02	1.34670e-01	5.00000e-02	nan	nan
-7.75659e-01	5.00000e-02	1.19341e-01	5.00000e-02	nan	nan
-1.00055e+00	5.00000e-02	1.08514e-01	5.00000e-02	nan	nan
-1.48231e+00	5.00000e-02	3.39165e-01	5.00000e-02	nan	nan
-1.01719e+00	5.00000e-02	2.16816e-01	5.00000e-02	nan	nan
-9.95464e-01	5.00000e-02	2.49990e-01	5.00000e-02	nan	nan
-8.32696e-01	5.00000e-02	1.01704e-01	5.00000e-02	nan	nan
-8.66083e-01	5.00000e-02	1.27975e-01	5.00000e-02	nan	nan
-9.37488e-01	5.00000e-02	1.81840e-01	5.00000e-02	nan	nan
-8.62719e-01	5.00000e-02	1.10393e-01	5.00000e-02	nan	nan
-1.01227e+00	5.00000e-02	1.66391e-01	5.00000e-02	nan	nan
-8.43723e-01	5.00000e-02	5.27711e-02	5.00000e-02	nan	nan
-1.00674e+00	5.00000e-02	9.60924e-02	5.00000e-02	nan	nan
-1.28219e+00	5.00000e-02	1.81570e-01	5.00000e-02	nan	nan
-8.21245e-01	5.00000e-02	1.02941e-01	5.00000e-02	nan	nan
-9.60049e-01	5.00000e-02	2.33219e-01	5.00000e-02	nan	nan
-9.19167e-01	5.00000e-02	1.27073e-01	5.00000e-02	nan	nan
-1.38027e+00	5.00000e-02	3.95346e-01	5.00000e-02	nan	nan
-9.23728e-01	5.00000e-02	1.26194e-01	5.00000e-02	nan	nan
-9.66988e-01	5.00000e-02	1.02487e-01	5.00000e-02	nan	nan
-1.00011e+00	5.00000e-02	2.20709e-01	5.00000e-02	nan	nan
-7.70012e-01	5.00000e-02	1.59629e-01	5.00000e-02	nan	nan
-8.75827e-01	5.00000e-02	1.97334e-01	5.00000e-02	nan	nan
-8.71618e-01	5.00000e-02	1.80560e-01	5.00000e-02	nan	nan
-1.07943e+00	5.00000e-02	1.93733e-01	5.00000e-02	nan	nan
-8.76043e-01	5.00000e-02	1.34415e-01	5.00000e-02	nan	nan
-9.91263e-01	5.00000e-02	1.49859e-01	5.00000e-02	nan	nan
-9.64048e-01	5.00000e-02	1.89841e-01	5.00000e-02	nan	nan
-8.52400e-01	5.00000e-02	1.12232e-01	5.00000e-02	nan	nan
-1.03507e+00	5.00000e-02	1.33964e-01	5.00000e-02	nan	nan
-9.81608e-01	5.00000e-02	1.56698e-01	5.00000e-02	nan	nan
-9.17150e-01	5.00000e-02	1.53432e-01	5.00000e-02	nan	nan
-7.99422e-01	5.00000e-02	1.72260e-01	5.00000e-02	nan	nan
-9.33291e-01	5.00000e-02	3.43934e-03	5.00000e-02	nan	nan
-9.51720e-01	5.00000e-02	1.51276e-01	5.00000e-02	nan	nan
-9.27674e-01	5.00000e-02	1.73600e-01	5.00000e-02	nan	nan
-1.00241e+00	5.00000e-02	4.88662e-02	5.00000e-02	nan	nan
-9.28564e-01	5.00000e-02	4.57661e-02	5.00000e-02	nan	nan
-8.70825e-01	5.00000e-02	8.68217e-02	5.00000e-02	nan	nan
-9.80465e-01	5.00000e-02	8.76879e-02	5.00000e-02	nan	nan
-1.33500e+00	5.00000e-02	3.22588e-01	5.00000e-02	nan	nan
-1.02989e+00	5.00000e-02	1.85685e-01	5.00000e-02	nan	nan
-1.03901e+00	5.00000e-02	2.16953e-01	5.00000e-02	nan	nan
-9.39207e-01	5.00000e-02	1.55224e-01	5.00000e-02	nan	nan
-1.11302e+00	5.00000e-02	1.76718e-01	5.00000e-02	nan	nan
-7.94559e-01	5.00000e-02	6.61518e-02	5.00000e-02	nan	nan
-9.24507e-01	5.00000e-02	1.44932e-01	5.00000e-02	nan	nan
-1.00815e+00	5.00000e-02	1.08714e-01	5.00000e-02	nan	nan
-8.87808e-01	5.00000e-02	8.76323e-02	5.00000e-02	nan	nan
-9.11099e-01	5.00000e-02	1.44222e-01	5.00000e-02	nan	nan
-9.78122e-01	5.00000e-02	2.13793e-01	5.00000e-02	nan	nan
-8.28710e-01	5.00000e-02	7.94733e-02	5.00000e-02	nan	nan
-9.75210e-01	5.00000e-02	4.30400e-02	5.00000e-02	nan	nan
-8.84413e-01	5.00000e-02	1.58529e-01	5.00000e-02	nan	nan
-9.09594e-01	5.00000e-02	1.05611e-01	5.00000e-02	nan	nan
-1.06298e+00	5.00000e-02	1.54228e-01	5.00000e-02	nan	nan
-9.56613e-01	5.00000e-02	9.95413e-02	5.00000e-02	nan	nan
-8.85883e-01	5.00000e-02	1.80846e-01	5.00000e-02	nan	nan
-1.02370e+00	5.00000e-02	1.57457e-01	5.00000e-02	nan	nan
-8.94211e-01	5.00000e-02	1.06283e-01	5.00000e-02	nan	nan
