# [Fe/H]	[Fe/H]_err	[O/Fe]	[O/Fe]_err	Log(age/Gyr)	Log(age/Gyr)_err
-1.16235e+00	5.00000e-02	1.00985e-01	5.00000e-02	1.06845e+00	1.00000e-01	
-1.00350e+00	5.00000e-02	1.25295e-01	5.00000e-02	8.28991e-01	1.00000e-01	
-1.09607e+00	5.00000e-02	6.95344e-02	5.00000e-02	8.60118e-01	1.00000e-01	
-1.15410e+00	5.00000e-02	2.19426e-01	5.00000e-02	1.01883e+00	1.00000e-01	
-1.12867e+00	5.00000e-02	2.69799e-01	5.00000e-02	8.69554e-01	1.00000e-01	
-1.10910e+00	5.00000e-02	1.69644e-01	5.00000e-02	9.12424e-01	1.00000e-01	
-1.27941e+00	5.00000e-02	2.39056e-01	5.00000e-02	1.00831e+00	1.00000e-01	
-8.69564e-01	5.00000e-02	-4.32757e-02	5.00000e-02	6.38566e-01	1.00000e-01	
-7.97871e-01	5.00000e-02	-1.37756e-01	5.00000e-02	4.88917e-01	1.00000e-01	
-1.24769e+00	5.00000e-02	3.31081e-01	5.00000e-02	1.00496e+00	1.00000e-01	
-9.43792e-01	5.00000e-02	5.94161e-02	5.00000e-02	9.64244e-01	1.00000e-01	
-1.03918e+00	5.00000e-02	2.28949e-01	5.00000e-02	9.66171e-01	1.00000e-01	
-1.20507e+00	5.00000e-02	1.72143e-01	5.00000e-02	8.85714e-01	1.00000e-01	
-8.17894e-01	5.00000e-02	-3.56582e-02	5.00000e-02	3.84044e-01	1.00000e-01	
-1.78659e+00	5.00000e-02	4.27286e-01	5.00000e-02	9.36039e-01	1.00000e-01	
-1.76657e+00	5.00000e-02	4.43873e-01	5.00000e-02	1.00769e+00	1.00000e-01	
-2.11903e+00	5.00000e-02	4.65056e-01	5.00000e-02	1.07427e+00	1.00000e-01	
-9.31195e-01	5.00000e-02	6.30989e-02	5.00000e-02	7.91015e-01	1.00000e-01	
-9.91258e-01	5.00000e-02	2.86058e-03	5.00000e-02	8.11608e-01	1.00000e-01	
-8.87595e-01	5.00000e-02	3.39054e-02	5.00000e-02	7.35901e-01	1.00000e-01	
-6.31234e-01	5.00000e-02	-2.95787e-01	5.00000e-02	3.17936e-01	1.00000e-01	
-9.62593e-01	5.00000e-02	-5.34644e-03	5.00000e-02	8.89560e-01	1.00000e-01	
-1.14930e+00	5.00000e-02	2.24972e-01	5.00000e-02	9.56097e-01	1.00000e-01	
-8.68903e-01	5.00000e-02	3.59617e-02	5.00000e-02	5.98741e-01	1.00000e-01	
-1.60555e+00	5.00000e-02	3.78128e-01	5.00000e-02	9.24139e-01	1.00000e-01	
-1.10548e+00	5.00000e-02	1.11882e-01	5.00000e-02	8.96656e-01	1.00000e-01	
-1.57995e+00	5.00000e-02	4.84462e-01	5.00000e-02	8.76152e-01	1.00000e-01	
-8.22174e-01	5.00000e-02	-2.36462e-01	5.00000e-02	6.29374e-01	1.00000e-01	
-1.23071e+00	5.00000e-02	1.58524e-01	5.00000e-02	8.81989e-01	1.00000e-01	
-1.24437e+00	5.00000e-02	3.17717e-01	5.00000e-02	1.03039e+00	1.00000e-01	
-1.29478e+00	5.00000e-02	2.54488e-01	5.00000e-02	1.06807e+00	1.00000e-01	
-9.49797e-01	5.00000e-02	1.02264e-01	5.00000e-02	9.25766e-01	1.00000e-01	
-1.22187e+00	5.00000e-02	1.92047e-01	5.00000e-02	1.00950e+00	1.00000e-01	
-1.23312e+00	5.00000e-02	2.41623e-01	5.00000e-02	9.54038e-01	1.00000e-01	
-2.07276e+00	5.00000e-02	4.60341e-01	5.00000e-02	8.89118e-01	1.00000e-01	
-1.08755e+00	5.00000e-02	1.99183e-01	5.00000e-02	1.01516e+00	1.00000e-01	
-9.38770e-01	5.00000e-02	1.43110e-01	5.00000e-02	8.21199e-01	1.00000e-01	
-1.09576e+00	5.00000e-02	9.32669e-02	5.00000e-02	8.77576e-01	1.00000e-01	
-7.65701e-01	5.00000e-02	-1.21473e-01	5.00000e-02	7.17090e-01	1.00000e-01	
-1.04370e+00	5.00000e-02	9.67436e-02	5.00000e-02	8.06384e-01	1.00000e-01	
-1.33950e+00	5.00000e-02	1.76500e-01	5.00000e-02	8.22601e-01	1.00000e-01	
-1.12591e+00	5.00000e-02	2.66045e-01	5.00000e-02	1.06435e+00	1.00000e-01	
-1.08916e+00	5.00000e-02	7.77913e-03	5.00000e-02	7.92532e-01	1.00000e-01	
-1.79587e+00	5.00000e-02	4.47472e-01	5.00000e-02	1.08932e+00	1.00000e-01	
-1.02664e+00	5.00000e-02	2.08514e-01	5.00000e-02	8.47558e-01	1.00000e-01	
-1.08351e+00	5.00000e-02	3.48817e-02	5.00000e-02	7.79159e-01	1.00000e-01	
-1.42222e+00	5.00000e-02	2.81145e-01	5.00000e-02	1.05652e+00	1.00000e-01	
-1.51346e+00	5.00000e-02	2.53666e-01	5.00000e-02	1.06046e+00	1.00000e-01	
-1.41322e+00	5.00000e-02	2.94392e-01	5.00000e-02	1.06992e+00	1.00000e-01	
-1.25179e+00	5.00000e-02	1.89574e-01	5.00000e-02	8.81475e-01	1.00000e-01	
-1.11206e+00	5.00000e-02	1.55903e-01	5.00000e-02	8.77887e-01	1.00000e-01	
-1.19648e+00	5.00000e-02	2.31956e-01	5.00000e-02	8.05999e-01	1.00000e-01	
-5.90994e-01	5.00000e-02	-2.44929e-01	5.00000e-02	1.91984e-01	1.00000e-01	
-1.68050e+00	5.00000e-02	4.45466e-01	5.00000e-02	7.22262e-01	1.00000e-01	
-1.38043e+00	5.00000e-02	2.95773e-01	5.00000e-02	9.79708e-01	1.00000e-01	
-1.51614e+00	5.00000e-02	4.00886e-01	5.00000e-02	9.43122e-01	1.00000e-01	
-1.08297e+00	5.00000e-02	1.92861e-01	5.00000e-02	6.38064e-01	1.00000e-01	
-1.37231e+00	5.00000e-02	2.36050e-01	5.00000e-02	8.80491e-01	1.00000e-01	
-1.06993e+00	5.00000e-02	2.07672e-01	5.00000e-02	9.41193e-01	1.00000e-01	
-1.47552e+00	5.00000e-02	2.71929e-01	5.00000e-02	9.77742e-01	1.00000e-01	
-1.50322e+00	5.00000e-02	3.84607e-01	5.00000e-02	9.70744e-01	1.00000e-01	
-1.60579e+00	5.00000e-02	4.07676e-01	5.00000e-02	7.93834e-01	1.00000e-01	
-1.04513e+00	5.00000e-02	1.64704e-01	5.00000e-02	9.32309e-01	1.00000e-01	
-1.58738e+00	5.00000e-02	3.27684e-01	5.00000e-02	8.61297e-01	1.00000e-01	
-1.46206e+00	5.00000e-02	3.89458e-01	5.00000e-02	7.69551e-01	1.00000e-01	
-1.28244e+00	5.00000e-02	1.93930e-01	5.00000e-02	1.01752e+00	1.00000e-01	
-9.68579e-01	5.00000e-02	8.51898e-03	5.00000e-02	7.70697e-01	1.00000e-01	
-1.64511e+00	5.00000e-02	3.74144e-01	5.00000e-02	6.74023e-01	1.00000e-01	
-8.99985e-01	5.00000e-02	4.08914e-02	5.00000e-02	7.56920e-01	1.00000e-01	
-1.73084e+00	5.00000e-02	4.13567e-01	5.00000e-02	1.01702e+00	1.00000e-01	
-6.90266e-01	5.00000e-02	-2.46037e-01	5.00000e-02	3.26940e-01	1.00000e-01	
-1.17748e+00	5.00000e-02	1.31270e-01	5.00000e-02	9.62898e-01	1.00000e-01	
-7.13085e-01	5.00000e-02	-2.24171e-01	5.00000e-02	2.77705e-01	1.00000e-01	
-1.10668e+00	5.00000e-02	1.43942e-01	5.00000e-02	7.22671e-01	1.00000e-01	
-9.91371e-01	5.00000e-02	6.51593e-02	5.00000e-02	6.66498e-01	1.00000e-01	
-1.97813e+00	5.00000e-02	4.68690e-01	5.00000e-02	1.07767e+00	1.00000e-01	
-1.34360e+00	5.00000e-02	3.09451e-01	5.00000e-02	9.74692e-01	1.00000e-01	
-1.59096e+00	5.00000e-02	4.42811e-01	5.00000e-02	8.24732e-01	1.00000e-01	
-1.28834e+00	5.00000e-02	2.64044e-01	5.00000e-02	9.27939e-01	1.00000e-01	
-1.62255e+00	5.00000e-02	3.59754e-01	5.00000e-02	8.52812e-01	1.00000e-01	
-1.29207e+00	5.00000e-02	3.57864e-01	5.00000e-02	9.41820e-01	1.00000e-01	
-1.21129e+00	5.00000e-02	1.97620e-01	5.00000e-02	9.19710e-01	1.00000e-01	
-1.75754e+00	5.00000e-02	3.99685e-01	5.00000e-02	9.38246e-01	1.00000e-01	
-1.00518e+00	5.00000e-02	6.26646e-02	5.00000e-02	8.85588e-01	1.00000e-01	
-1.06070e+00	5.00000e-02	2.34899e-01	5.00000e-02	8.90235e-01	1.00000e-01	
-1.29236e+00	5.00000e-02	3.50330e-01	5.00000e-02	8.55585e-01	1.00000e-01	
-1.19079e+00	5.00000e-02	1.70249e-01	5.00000e-02	1.01245e+00	1.00000e-01	
-1.68025e+00	5.00000e-02	3.65945e-01	5.00000e-02	1.13432e+00	1.00000e-01	
-1.08060e+00	5.00000e-02	4.61797e-02	5.00000e-02	9.28242e-01	1.00000e-01	
-7.89910e-01	5.00000e-02	-7.80660e-02	5.00000e-02	6.94306e-01	1.00000e-01	
-1.30126e+00	5.00000e-02	2.06957e-01	5.00000e-02	9.09873e-01	1.00000e-01	
-1.08713e+00	5.00000e-02	7.39290e-02	5.00000e-02	7.42925e-01	1.00000e-01	
-1.55394e+00	5.00000e-02	3.74943e-01	5.00000e-02	9.28773e-01	1.00000e-01	
-1.04330e+00	5.00000e-02	9.49947e-02	5.00000e-02	9.58566e-01	1.00000e-01	
-1.42970e+00	5.00000e-02	3.05003e-01	5.00000e-02	8.96766e-01	1.00000e-01	
-1.57224e+00	5.00000e-02	2.42951e-01	5.00000e-02	8.75333e-01	1.00000e-01	
-1.07743e+00	5.00000e-02	1.77246e-01	5.00000e-02	7.99864e-01	1.00000e-01	
-2.01962e+00	5.00000e-02	5.20465e-01	5.00000e-02	1.03172e+00	1.00000e-01	
-9.63912e-01	5.00000e-02	8.20498e-02	5.00000e-02	8.61581e-01	1.00000e-01	
-2.31293e+00	5.00000e-02	4.17272e-01	5.00000e-02	7.13056e-01	1.00000e-01	
-9.28087e-01	5.00000e-02	3.51739e-02	5.00000e-02	nan	nan
-1.23358e+00	5.00000e-02	3.11965e-01	5.00000e-02	nan	nan
-1.07476e+00	5.00000e-02	-2.53136e-03	5.00000e-02	nan	nan
-6.76813e-01	5.00000e-02	-1.89406e-01	5.00000e-02	nan	nan
-1.37211e+00	5.00000e-02	3.60822e-01	5.00000e-02	nan	nan
-1.15547e+00	5.00000e-02	1.22776e-01	5.00000e-02	nan	nan
-1.07411e+00	5.00000e-02	2.62376e-01	5.00000e-02	nan	nan
-1.09937e+00	5.00000e-02	2.27330e-01	5.00000e-02	nan	nan
-1.44960e+00	5.00000e-02	3.52556e-01	5.00000e-02	nan	nan
-7.75857e-01	5.00000e-02	-7.63701e-02	5.00000e-02	nan	nan
-1.22478e+00	5.00000e-02	1.94597e-01	5.00000e-02	nan	nan
-9.46919e-01	5.00000e-02	-7.96239e-03	5.00000e-02	nan	nan
-1.01151e+00	5.00000e-02	8.53744e-02	5.00000e-02	nan	nan
-1.36652e+00	5.00000e-02	2.36505e-01	5.00000e-02	nan	nan
-9.05342e-01	5.00000e-02	6.62710e-02	5.00000e-02	nan	nan
-1.26657e+00	5.00000e-02	2.14009e-01	5.00000e-02	nan	nan
-7.60421e-01	5.00000e-02	-1.33845e-01	5.00000e-02	nan	nan
-1.15653e+00	5.00000e-02	1.55137e-01	5.00000e-02	nan	nan
-9.43455e-01	5.00000e-02	-7.92785e-02	5.00000e-02	nan	nan
-1.03199e+00	5.00000e-02	7.02797e-02	5.00000e-02	nan	nan
-1.00509e+00	5.00000e-02	1.27612e-01	5.00000e-02	nan	nan
-1.12964e+00	5.00000e-02	2.33411e-01	5.00000e-02	nan	nan
-7.29328e-01	5.00000e-02	-6.73420e-02	5.00000e-02	nan	nan
-1.01330e+00	5.00000e-02	1.65681e-01	5.00000e-02	nan	nan
-1.20001e+00	5.00000e-02	1.48822e-01	5.00000e-02	nan	nan
-1.06390e+00	5.00000e-02	1.85621e-01	5.00000e-02	nan	nan
-2.03447e+00	5.00000e-02	3.94170e-01	5.00000e-02	nan	nan
-1.31760e+00	5.00000e-02	3.74130e-01	5.00000e-02	nan	nan
-1.06987e+00	5.00000e-02	1.25726e-01	5.00000e-02	nan	nan
-1.31985e+00	5.00000e-02	2.67907e-01	5.00000e-02	nan	nan
-1.07298e+00	5.00000e-02	1.28292e-01	5.00000e-02	nan	nan
-1.20088e+00	5.00000e-02	2.99267e-01	5.00000e-02	nan	nan
-1.53859e+00	5.00000e-02	3.00890e-01	5.00000e-02	nan	nan
-1.31474e+00	5.00000e-02	3.09597e-01	5.00000e-02	nan	nan
-1.16696e+00	5.00000e-02	1.62945e-01	5.00000e-02	nan	nan
-1.08836e+00	5.00000e-02	1.10898e-01	5.00000e-02	nan	nan
-1.13922e+00	5.00000e-02	1.18194e-01	5.00000e-02	nan	nan
-1.10292e+00	5.00000e-02	1.06735e-01	5.00000e-02	nan	nan
-9.78507e-01	5.00000e-02	1.67258e-01	5.00000e-02	nan	nan
-1.21709e+00	5.00000e-02	2.71845e-01	5.00000e-02	nan	nan
-8.41910e-01	5.00000e-02	-4.08914e-02	5.00000e-02	nan	nan
-1.25785e+00	5.00000e-02	2.25611e-01	5.00000e-02	nan	nan
-1.14255e+00	5.00000e-02	1.89551e-01	5.00000e-02	nan	nan
-7.85717e-01	5.00000e-02	-6.74086e-02	5.00000e-02	nan	nan
-9.94497e-01	5.00000e-02	4.36308e-02	5.00000e-02	nan	nan
-1.01740e+00	5.00000e-02	6.04337e-02	5.00000e-02	nan	nan
-1.69170e+00	5.00000e-02	4.07904e-01	5.00000e-02	nan	nan
-7.21594e-01	5.00000e-02	-4.18388e-03	5.00000e-02	nan	nan
-9.95469e-01	5.00000e-02	1.46786e-01	5.00000e-02	nan	nan
-4.26265e-01	5.00000e-02	-4.69566e-01	5.00000e-02	nan	nan
-1.58334e+00	5.00000e-02	3.43484e-01	5.00000e-02	nan	nan
-8.83152e-01	5.00000e-02	3.46609e-03	5.00000e-02	nan	nan
-1.46589e+00	5.00000e-02	4.58483e-01	5.00000e-02	nan	nan
-1.08088e+00	5.00000e-02	1.82833e-01	5.00000e-02	nan	nan
-1.63699e+00	5.00000e-02	3.78018e-01	5.00000e-02	nan	nan
-9.75566e-01	5.00000e-02	-7.38968e-03	5.00000e-02	nan	nan
-1.00276e+00	5.00000e-02	1.99472e-02	5.00000e-02	nan	nan
-1.12064e+00	5.00000e-02	1.39193e-01	5.00000e-02	nan	nan
-1.15826e+00	5.00000e-02	2.43052e-01	5.00000e-02	nan	nan
-1.76438e+00	5.00000e-02	4.27370e-01	5.00000e-02	nan	nan
-1.02829e+00	5.00000e-02	1.21648e-01	5.00000e-02	nan	nan
-1.13517e+00	5.00000e-02	2.68461e-01	5.00000e-02	nan	nan
-1.01940e+00	5.00000e-02	4.92139e-02	5.00000e-02	nan	nan
-9.53908e-01	5.00000e-02	-1.75780e-02	5.00000e-02	nan	nan
-6.69583e-01	5.00000e-02	-3.19673e-01	5.00000e-02	nan	nan
-9.58994e-01	5.00000e-02	6.14339e-03	5.00000e-02	nan	nan
-2.22624e+00	5.00000e-02	4.05693e-01	5.00000e-02	nan	nan
-1.28415e+00	5.00000e-02	2.68447e-01	5.00000e-02	nan	nan
-1.03454e+00	5.00000e-02	1.12210e-01	5.00000e-02	nan	nan
-1.51072e+00	5.00000e-02	2.76788e-01	5.00000e-02	nan	nan
-1.17432e+00	5.00000e-02	1.09432e-01	5.00000e-02	nan	nan
-1.84987e+00	5.00000e-02	3.53693e-01	5.00000e-02	nan	nan
-1.43171e+00	5.00000e-02	3.40495e-01	5.00000e-02	nan	nan
-2.00042e+00	5.00000e-02	4.23656e-01	5.00000e-02	nan	nan
-9.12790e-01	5.00000e-02	1.17355e-01	5.00000e-02	nan	nan
-1.48442e+00	5.00000e-02	3.70080e-01	5.00000e-02	nan	nan
-1.33389e+00	5.00000e-02	3.10023e-01	5.00000e-02	nan	nan
-8.31341e-01	5.00000e-02	-6.95217e-02	5.00000e-02	nan	nan
-1.08291e+00	5.00000e-02	1.66121e-01	5.00000e-02	nan	nan
-1.94999e+00	5.00000e-02	4.45506e-01	5.00000e-02	nan	nan
-1.52834e+00	5.00000e-02	3.38811e-01	5.00000e-02	nan	nan
-9.94165e-01	5.00000e-02	2.22062e-01	5.00000e-02	nan	nan
-1.07952e+00	5.00000e-02	9.33052e-02	5.00000e-02	nan	nan
-1.43750e+00	5.00000e-02	2.61386e-01	5.00000e-02	nan	nan
-8.45793e-01	5.00000e-02	-1.25453e-01	5.00000e-02	nan	nan
-1.00751e+00	5.00000e-02	1.69980e-01	5.00000e-02	nan	nan
-1.12580e+00	5.00000e-02	1.93414e-01	5.00000e-02	nan	nan
-1.01537e+00	5.00000e-02	1.82041e-01	5.00000e-02	nan	nan
-1.04956e+00	5.00000e-02	1.00820e-01	5.00000e-02	nan	nan
-1.32514e+00	5.00000e-02	3.02213e-01	5.00000e-02	nan	nan
-1.18012e+00	5.00000e-02	1.97898e-01	5.00000e-02	nan	nan
-1.49828e+00	5.00000e-02	3.07303e-01	5.00000e-02	nan	nan
-1.45741e+00	5.00000e-02	3.79858e-01	5.00000e-02	nan	nan
-7.87032e-01	5.00000e-02	-1.20662e-01	5.00000e-02	nan	nan
-9.61773e-01	5.00000e-02	1.23207e-01	5.00000e-02	nan	nan
-1.10338e+00	5.00000e-02	2.10287e-01	5.00000e-02	nan	nan
-1.30883e+00	5.00000e-02	3.01494e-01	5.00000e-02	nan	nan
-1.41653e+00	5.00000e-02	2.96267e-01	5.00000e-02	nan	nan
-1.79903e+00	5.00000e-02	4.17445e-01	5.00000e-02	nan	nan
-1.13991e+00	5.00000e-02	1.75555e-01	5.00000e-02	nan	nan
-1.32492e+00	5.00000e-02	3.11985e-01	5.00000e-02	nan	nan
-1.03770e+00	5.00000e-02	1.28262e-01	5.00000e-02	nan	nan
-1.28127e+00	5.00000e-02	2.59054e-01	5.00000e-02	nan	nan
-1.46321e+00	5.00000e-02	3.32208e-01	5.00000e-02	nan	nan
-2.06971e+00	5.00000e-02	4.29084e-01	5.00000e-02	nan	nan
-1.72473e+00	5.00000e-02	3.94885e-01	5.00000e-02	nan	nan
-1.02155e+00	5.00000e-02	1.24990e-01	5.00000e-02	nan	nan
-1.26936e+00	5.00000e-02	2.11926e-01	5.00000e-02	nan	nan
-1.17055e+00	5.00000e-02	2.63185e-01	5.00000e-02	nan	nan
-7.87929e-01	5.00000e-02	-7.98042e-02	5.00000e-02	nan	nan
-5.46590e-01	5.00000e-02	-4.25288e-01	5.00000e-02	nan	nan
-1.41933e+00	5.00000e-02	3.72828e-01	5.00000e-02	nan	nan
-1.06375e+00	5.00000e-02	6.81407e-02	5.00000e-02	nan	nan
-1.40035e+00	5.00000e-02	2.46333e-01	5.00000e-02	nan	nan
-1.99444e+00	5.00000e-02	4.22771e-01	5.00000e-02	nan	nan
-9.77977e-01	5.00000e-02	6.27366e-02	5.00000e-02	nan	nan
-1.26020e+00	5.00000e-02	3.26142e-01	5.00000e-02	nan	nan
-1.19767e+00	5.00000e-02	2.64576e-01	5.00000e-02	nan	nan
-1.00494e+00	5.00000e-02	1.72693e-01	5.00000e-02	nan	nan
-8.77152e-01	5.00000e-02	9.61168e-02	5.00000e-02	nan	nan
-1.04140e+00	5.00000e-02	1.09001e-01	5.00000e-02	nan	nan
-9.37189e-01	5.00000e-02	-4.86308e-02	5.00000e-02	nan	nan
-1.35644e+00	5.00000e-02	3.46320e-01	5.00000e-02	nan	nan
-9.48347e-01	5.00000e-02	-1.93332e-02	5.00000e-02	nan	nan
-1.48729e+00	5.00000e-02	3.05328e-01	5.00000e-02	nan	nan
-8.23369e-01	5.00000e-02	-1.31636e-01	5.00000e-02	nan	nan
-1.02325e+00	5.00000e-02	1.30005e-01	5.00000e-02	nan	nan
-1.42840e+00	5.00000e-02	3.38022e-01	5.00000e-02	nan	nan
-8.27875e-01	5.00000e-02	-1.99616e-01	5.00000e-02	nan	nan
-1.07382e+00	5.00000e-02	9.29746e-02	5.00000e-02	nan	nan
-1.34298e+00	5.00000e-02	2.51038e-01	5.00000e-02	nan	nan
-1.41281e+00	5.00000e-02	3.03742e-01	5.00000e-02	nan	nan
-1.10326e+00	5.00000e-02	1.38166e-01	5.00000e-02	nan	nan
-2.05233e+00	5.00000e-02	3.94834e-01	5.00000e-02	nan	nan
-1.40563e+00	5.00000e-02	3.29959e-01	5.00000e-02	nan	nan
-1.21355e+00	5.00000e-02	1.45231e-01	5.00000e-02	nan	nan
-1.13651e+00	5.00000e-02	2.43797e-01	5.00000e-02	nan	nan
-1.17573e+00	5.00000e-02	2.28426e-01	5.00000e-02	nan	nan
-1.39994e+00	5.00000e-02	2.90758e-01	5.00000e-02	nan	nan
-1.12818e+00	5.00000e-02	1.29271e-01	5.00000e-02	nan	nan
-8.89519e-01	5.00000e-02	2.18502e-02	5.00000e-02	nan	nan
-1.59054e+00	5.00000e-02	3.77556e-01	5.00000e-02	nan	nan
-1.09790e+00	5.00000e-02	1.12747e-01	5.00000e-02	nan	nan
-1.48806e+00	5.00000e-02	3.61638e-01	5.00000e-02	nan	nan
-9.44613e-01	5.00000e-02	8.75558e-02	5.00000e-02	nan	nan
-1.17055e+00	5.00000e-02	1.88644e-01	5.00000e-02	nan	nan
-1.05564e+00	5.00000e-02	1.89942e-01	5.00000e-02	nan	nan
-1.48464e+00	5.00000e-02	3.25786e-01	5.00000e-02	nan	nan
-1.61211e+00	5.00000e-02	3.66192e-01	5.00000e-02	nan	nan
-1.12706e+00	5.00000e-02	1.93665e-01	5.00000e-02	nan	nan
-1.24988e+00	5.00000e-02	2.60137e-01	5.00000e-02	nan	nan
-7.85200e-01	5.00000e-02	-1.86302e-01	5.00000e-02	nan	nan
-9.04148e-01	5.00000e-02	1.01740e-02	5.00000e-02	nan	nan
-1.00394e+00	5.00000e-02	6.97160e-02	5.00000e-02	nan	nan
-7.95728e-01	5.00000e-02	-5.90035e-02	5.00000e-02	nan	nan
-1.79217e+00	5.00000e-02	4.15220e-01	5.00000e-02	nan	nan
-1.09821e+00	5.00000e-02	2.42533e-01	5.00000e-02	nan	nan
-1.07474e+00	5.00000e-02	2.40936e-01	5.00000e-02	nan	nan
-7.54967e-01	5.00000e-02	-9.99779e-02	5.00000e-02	nan	nan
-1.29557e+00	5.00000e-02	3.27792e-01	5.00000e-02	nan	nan
-1.30935e+00	5.00000e-02	3.28936e-01	5.00000e-02	nan	nan
-1.65036e+00	5.00000e-02	4.01199e-01	5.00000e-02	nan	nan
-2.07513e+00	5.00000e-02	4.43460e-01	5.00000e-02	nan	nan
-8.18950e-01	5.00000e-02	-6.90298e-02	5.00000e-02	nan	nan
-1.07013e+00	5.00000e-02	1.69360e-01	5.00000e-02	nan	nan
-9.67629e-01	5.00000e-02	4.15364e-02	5.00000e-02	nan	nan
-1.43545e+00	5.00000e-02	2.81863e-01	5.00000e-02	nan	nan
-1.03567e+00	5.00000e-02	2.05596e-01	5.00000e-02	nan	nan
-1.79468e+00	5.00000e-02	4.74393e-01	5.00000e-02	nan	nan
-1.18093e+00	5.00000e-02	2.70776e-01	5.00000e-02	nan	nan
-6.60424e-01	5.00000e-02	-2.70161e-01	5.00000e-02	nan	nan
-8.60751e-01	5.00000e-02	-6.15776e-02	5.00000e-02	nan	nan
-1.19943e+00	5.00000e-02	2.96807e-01	5.00000e-02	nan	nan
-7.93722e-01	5.00000e-02	-1.26931e-01	5.00000e-02	nan	nan
-1.33998e+00	5.00000e-02	3.45942e-01	5.00000e-02	nan	nan
-7.50586e-01	5.00000e-02	-1.23907e-01	5.00000e-02	nan	nan
-8.13694e-01	5.00000e-02	-1.09441e-01	5.00000e-02	nan	nan
-9.28924e-01	5.00000e-02	-1.23644e-02	5.00000e-02	nan	nan
-1.04941e+00	5.00000e-02	1.17702e-01	5.00000e-02	nan	nan
-9.12016e-01	5.00000e-02	-2.28068e-02	5.00000e-02	nan	nan
-1.30927e+00	5.00000e-02	2.77383e-01	5.00000e-02	nan	nan
-9.02081e-01	5.00000e-02	6.12771e-02	5.00000e-02	nan	nan
-1.10896e+00	5.00000e-02	2.31008e-01	5.00000e-02	nan	nan
-2.24084e+00	5.00000e-02	4.98108e-01	5.00000e-02	nan	nan
-1.29703e+00	5.00000e-02	2.05355e-01	5.00000e-02	nan	nan
-1.54195e+00	5.00000e-02	3.88506e-01	5.00000e-02	nan	nan
-6.12068e-01	5.00000e-02	-2.40348e-01	5.00000e-02	nan	nan
-1.17971e+00	5.00000e-02	1.89815e-01	5.00000e-02	nan	nan
-1.18556e+00	5.00000e-02	2.09383e-01	5.00000e-02	nan	nan
-1.02659e+00	5.00000e-02	1.16807e-01	5.00000e-02	nan	nan
-1.38832e+00	5.00000e-02	3.08507e-01	5.00000e-02	nan	nan
-1.59161e+00	5.00000e-02	3.74544e-01	5.00000e-02	nan	nan
-9.56899e-01	5.00000e-02	1.31840e-01	5.00000e-02	nan	nan
-1.44862e+00	5.00000e-02	2.57370e-01	5.00000e-02	nan	nan
-1.20918e+00	5.00000e-02	2.86728e-01	5.00000e-02	nan	nan
-1.34408e+00	5.00000e-02	3.99460e-01	5.00000e-02	nan	nan
-1.64625e+00	5.00000e-02	4.21137e-01	5.00000e-02	nan	nan
-9.77550e-01	5.00000e-02	-6.82237e-02	5.00000e-02	nan	nan
-6.90522e-01	5.00000e-02	-2.44372e-01	5.00000e-02	nan	nan
-7.10068e-01	5.00000e-02	-2.05837e-01	5.00000e-02	nan	nan
-8.27042e-01	5.00000e-02	-7.97510e-02	5.00000e-02	nan	nan
-8.95782e-01	5.00000e-02	8.88099e-02	5.00000e-02	nan	nan
-1.27690e+00	5.00000e-02	2.19567e-01	5.00000e-02	nan	nan
-1.74371e+00	5.00000e-02	4.15249e-01	5.00000e-02	nan	nan
-1.20801e+00	5.00000e-02	1.36500e-01	5.00000e-02	nan	nan
-1.42740e+00	5.00000e-02	3.31090e-01	5.00000e-02	nan	nan
-1.62442e+00	5.00000e-02	3.02627e-01	5.00000e-02	nan	nan
-1.85309e+00	5.00000e-02	4.52421e-01	5.00000e-02	nan	nan
-9.75473e-01	5.00000e-02	6.18776e-02	5.00000e-02	nan	nan
-2.20554e+00	5.00000e-02	4.10963e-01	5.00000e-02	nan	nan
-1.01762e+00	5.00000e-02	3.97657e-02	5.00000e-02	nan	nan
-1.61268e+00	5.00000e-02	3.45549e-01	5.00000e-02	nan	nan
-1.74531e+00	5.00000e-02	4.04121e-01	5.00000e-02	nan	nan
-1.70673e+00	5.00000e-02	4.65858e-01	5.00000e-02	nan	nan
-9.80594e-01	5.00000e-02	1.36267e-01	5.00000e-02	nan	nan
-1.42516e+00	5.00000e-02	3.13627e-01	5.00000e-02	nan	nan
-1.23490e+00	5.00000e-02	1.87225e-01	5.00000e-02	nan	nan
-1.03250e+00	5.00000e-02	1.22092e-01	5.00000e-02	nan	nan
-9.29885e-01	5.00000e-02	-4.40908e-02	5.00000e-02	nan	nan
-1.03631e+00	5.00000e-02	1.19278e-01	5.00000e-02	nan	nan
-1.32860e+00	5.00000e-02	2.47027e-01	5.00000e-02	nan	nan
-1.55967e+00	5.00000e-02	3.26163e-01	5.00000e-02	nan	nan
-1.79000e+00	5.00000e-02	5.39197e-01	5.00000e-02	nan	nan
-1.32801e+00	5.00000e-02	2.61037e-01	5.00000e-02	nan	nan
-1.45638e+00	5.00000e-02	2.65419e-01	5.00000e-02	nan	nan
-1.10014e+00	5.00000e-02	1.74624e-01	5.00000e-02	nan	nan
-1.09366e+00	5.00000e-02	8.40020e-02	5.00000e-02	nan	nan
-1.00488e+00	5.00000e-02	1.29859e-01	5.00000e-02	nan	nan
-1.29846e+00	5.00000e-02	3.01371e-01	5.00000e-02	nan	nan
-1.15922e+00	5.00000e-02	2.20180e-01	5.00000e-02	nan	nan
-1.57426e+00	5.00000e-02	3.62695e-01	5.00000e-02	nan	nan
-9.64477e-01	5.00000e-02	1.06438e-01	5.00000e-02	nan	nan
-1.77275e+00	5.00000e-02	4.98362e-01	5.00000e-02	nan	nan
-9.63997e-01	5.00000e-02	8.98823e-02	5.00000e-02	nan	nan
-9.97627e-01	5.00000e-02	1.12980e-01	5.00000e-02	nan	nan
-9.97631e-01	5.00000e-02	6.92795e-02	5.00000e-02	nan	nan
-1.36685e+00	5.00000e-02	2.52764e-01	5.00000e-02	nan	nan
-1.34302e+00	5.00000e-02	2.86748e-01	5.00000e-02	nan	nan
-1.11187e+00	5.00000e-02	2.01378e-01	5.00000e-02	nan	nan
-1.25128e+00	5.00000e-02	2.69853e-01	5.00000e-02	nan	nan
-1.19564e+00	5.00000e-02	2.85046e-01	5.00000e-02	nan	nan
-1.46607e+00	5.00000e-02	3.26784e-01	5.00000e-02	nan	nan
-1.19104e+00	5.00000e-02	1.76066e-01	5.00000e-02	nan	nan
-1.97089e+00	5.00000e-02	5.17816e-01	5.00000e-02	nan	nan
-1.09644e+00	5.00000e-02	-1.27381e-02	5.00000e-02	nan	nan
-1.79388e+00	5.00000e-02	4.64262e-01	5.00000e-02	nan	nan
-1.13184e+00	5.00000e-02	2.18050e-01	5.00000e-02	nan	nan
-1.26258e+00	5.00000e-02	2.23217e-01	5.00000e-02	nan	nan
-1.06164e+00	5.00000e-02	3.54817e-02	5.00000e-02	nan	nan
-7.15338e-01	5.00000e-02	-1.87267e-01	5.00000e-02	nan	nan
-1.01284e+00	5.00000e-02	7.14067e-02	5.00000e-02	nan	nan
-1.86817e+00	5.00000e-02	4.47509e-01	5.00000e-02	nan	nan
-1.15356e+00	5.00000e-02	2.56570e-01	5.00000e-02	nan	nan
-1.10224e+00	5.00000e-02	4.08808e-02	5.00000e-02	nan	nan
-1.03013e+00	5.00000e-02	2.01317e-01	5.00000e-02	nan	nan
-9.97167e-01	5.00000e-02	1.31027e-01	5.00000e-02	nan	nan
-1.34464e+00	5.00000e-02	2.53969e-01	5.00000e-02	nan	nan
-1.63398e+00	5.00000e-02	3.03493e-01	5.00000e-02	nan	nan
-1.14024e+00	5.00000e-02	2.78345e-01	5.00000e-02	nan	nan
-7.69647e-01	5.00000e-02	-1.48100e-01	5.00000e-02	nan	nan
-1.46888e+00	5.00000e-02	3.77239e-01	5.00000e-02	nan	nan
-8.39997e-01	5.00000e-02	-5.03687e-03	5.00000e-02	nan	nan
-1.10178e+00	5.00000e-02	1.61061e-01	5.00000e-02	nan	nan
-1.19267e+00	5.00000e-02	1.86819e-01	5.00000e-02	nan	nan
-8.55538e-01	5.00000e-02	-1.56430e-02	5.00000e-02	nan	nan
-1.21333e+00	5.00000e-02	1.53076e-01	5.00000e-02	nan	nan
-9.72077e-01	5.00000e-02	9.48587e-02	5.00000e-02	nan	nan
-1.17791e+00	5.00000e-02	3.72165e-01	5.00000e-02	nan	nan
-9.06740e-01	5.00000e-02	-8.63683e-02	5.00000e-02	nan	nan
-1.00247e+00	5.00000e-02	1.44942e-03	5.00000e-02	nan	nan
-1.03267e+00	5.00000e-02	9.23092e-02	5.00000e-02	nan	nan
-1.29383e+00	5.00000e-02	2.69268e-01	5.00000e-02	nan	nan
-9.68712e-01	5.00000e-02	4.43310e-02	5.00000e-02	nan	nan
-1.03131e+00	5.00000e-02	1.40473e-01	5.00000e-02	nan	nan
-1.33798e+00	5.00000e-02	2.58920e-01	5.00000e-02	nan	nan
-1.45810e+00	5.00000e-02	2.79619e-01	5.00000e-02	nan	nan
-9.17678e-01	5.00000e-02	6.07003e-02	5.00000e-02	nan	nan
-7.45787e-01	5.00000e-02	-1.60893e-01	5.00000e-02	nan	nan
-1.10866e+00	5.00000e-02	1.93355e-01	5.00000e-02	nan	nan
-9.96130e-01	5.00000e-02	1.57143e-01	5.00000e-02	nan	nan
-9.14594e-01	5.00000e-02	7.01478e-02	5.00000e-02	nan	nan
-1.16875e+00	5.00000e-02	1.34039e-01	5.00000e-02	nan	nan
-8.24362e-01	5.00000e-02	-1.26240e-01	5.00000e-02	nan	nan
-1.15285e+00	5.00000e-02	8.12414e-02	5.00000e-02	nan	nan
-8.53832e-01	5.00000e-02	1.73766e-02	5.00000e-02	nan	nan
-8.52454e-01	5.00000e-02	-1.25562e-02	5.00000e-02	nan	nan
-9.64670e-01	5.00000e-02	8.29886e-02	5.00000e-02	nan	nan
-1.52528e+00	5.00000e-02	3.32240e-01	5.00000e-02	nan	nan
-1.04830e+00	5.00000e-02	1.41164e-01	5.00000e-02	nan	nan
-1.19388e+00	5.00000e-02	2.48766e-01	5.00000e-02	nan	nan
-1.79562e+00	5.00000e-02	4.34282e-01	5.00000e-02	nan	nan
-1.19449e+00	5.00000e-02	3.06560e-01	5.00000e-02	nan	nan
-1.42576e+00	5.00000e-02	3.51661e-01	5.00000e-02	nan	nan
-9.12356e-01	5.00000e-02	7.06657e-03	5.00000e-02	nan	nan
-1.90148e+00	5.00000e-02	3.99790e-01	5.00000e-02	nan	nan
-7.37771e-01	5.00000e-02	-2.41981e-01	5.00000e-02	nan	nan
-1.17031e+00	5.00000e-02	2.95444e-01	5.00000e-02	nan	nan
-1.19884e+00	5.00000e-02	2.04196e-01	5.00000e-02	nan	nan
-2.08249e+00	5.00000e-02	4.94515e-01	5.00000e-02	nan	nan
-1.60507e+00	5.00000e-02	2.91832e-01	5.00000e-02	nan	nan
-1.23862e+00	5.00000e-02	3.63905e-01	5.00000e-02	nan	nan
-7.88008e-01	5.00000e-02	-1.45194e-01	5.00000e-02	nan	nan
-1.64625e+00	5.00000e-02	4.47945e-01	5.00000e-02	nan	nan
-7.29319e-01	5.00000e-02	-1.69744e-01	5.00000e-02	nan	nan
-9.66331e-01	5.00000e-02	-3.66820e-02	5.00000e-02	nan	nan
-1.18595e+00	5.00000e-02	1.64091e-01	5.00000e-02	nan	nan
-1.36875e+00	5.00000e-02	2.96620e-01	5.00000e-02	nan	nan
-1.40512e+00	5.00000e-02	2.93400e-01	5.00000e-02	nan	nan
-1.02556e+00	5.00000e-02	2.55611e-01	5.00000e-02	nan	nan
-1.99718e+00	5.00000e-02	4.07767e-01	5.00000e-02	nan	nan
-2.10230e+00	5.00000e-02	5.30694e-01	5.00000e-02	nan	nan
-1.17115e+00	5.00000e-02	1.88602e-01	5.00000e-02	nan	nan
-1.80919e+00	5.00000e-02	4.93404e-01	5.00000e-02	nan	nan
-1.39998e+00	5.00000e-02	2.95893e-01	5.00000e-02	nan	nan
-1.48488e+00	5.00000e-02	3.91039e-01	5.00000e-02	nan	nan
-1.38415e+00	5.00000e-02	3.25589e-01	5.00000e-02	nan	nan
-1.60128e+00	5.00000e-02	3.59510e-01	5.00000e-02	nan	nan
-2.12889e+00	5.00000e-02	4.23481e-01	5.00000e-02	nan	nan
-1.60722e+00	5.00000e-02	4.47116e-01	5.00000e-02	nan	nan
-1.09929e+00	5.00000e-02	1.63490e-01	5.00000e-02	nan	nan
-7.51825e-01	5.00000e-02	-2.03919e-01	5.00000e-02	nan	nan
-4.99725e-01	5.00000e-02	-2.91808e-01	5.00000e-02	nan	nan
-1.29781e+00	5.00000e-02	2.73531e-01	5.00000e-02	nan	nan
-1.56186e+00	5.00000e-02	4.09207e-01	5.00000e-02	nan	nan
-9.87486e-01	5.00000e-02	1.51482e-01	5.00000e-02	nan	nan
-1.13646e+00	5.00000e-02	1.17087e-01	5.00000e-02	nan	nan
-5.57126e-01	5.00000e-02	-3.03132e-01	5.00000e-02	nan	nan
-1.82192e+00	5.00000e-02	4.19143e-01	5.00000e-02	nan	nan
-1.01628e+00	5.00000e-02	1.08680e-01	5.00000e-02	nan	nan
-1.30378e+00	5.00000e-02	3.06897e-01	5.00000e-02	nan	nan
-1.44120e+00	5.00000e-02	3.15119e-01	5.00000e-02	nan	nan
-1.00977e+00	5.00000e-02	1.28045e-01	5.00000e-02	nan	nan
-1.38213e+00	5.00000e-02	4.17926e-01	5.00000e-02	nan	nan
-1.04513e+00	5.00000e-02	1.33997e-01	5.00000e-02	nan	nan
-1.07262e+00	5.00000e-02	1.17226e-01	5.00000e-02	nan	nan
-1.12906e+00	5.00000e-02	3.34827e-01	5.00000e-02	nan	nan
-1.10310e+00	5.00000e-02	2.04537e-01	5.00000e-02	nan	nan
-1.32466e+00	5.00000e-02	2.89627e-01	5.00000e-02	nan	nan
-1.09497e+00	5.00000e-02	7.61921e-02	5.00000e-02	nan	nan
-1.24266e+00	5.00000e-02	1.81105e-01	5.00000e-02	nan	nan
-1.25597e+00	5.00000e-02	2.25943e-01	5.00000e-02	nan	nan
-8.97875e-01	5.00000e-02	6.07857e-02	5.00000e-02	nan	nan
-8.79181e-01	5.00000e-02	-8.25918e-02	5.00000e-02	nan	nan
-1.91674e+00	5.00000e-02	4.27700e-01	5.00000e-02	nan	nan
-1.39245e+00	5.00000e-02	3.45518e-01	5.00000e-02	nan	nan
-1.33796e+00	5.00000e-02	3.38347e-01	5.00000e-02	nan	nan
-9.78240e-01	5.00000e-02	4.68642e-02	5.00000e-02	nan	nan
-6.18144e-01	5.00000e-02	-2.72068e-01	5.00000e-02	nan	nan
-7.53002e-01	5.00000e-02	-1.27082e-01	5.00000e-02	nan	nan
-7.70563e-01	5.00000e-02	-4.36740e-02	5.00000e-02	nan	nan
-1.30438e+00	5.00000e-02	2.59280e-01	5.00000e-02	nan	nan
-5.43039e-01	5.00000e-02	-4.09440e-01	5.00000e-02	nan	nan
-1.34191e+00	5.00000e-02	2.14399e-01	5.00000e-02	nan	nan
-1.72217e+00	5.00000e-02	2.81108e-01	5.00000e-02	nan	nan
-6.67755e-01	5.00000e-02	-1.47917e-01	5.00000e-02	nan	nan
-1.32914e+00	5.00000e-02	3.60126e-01	5.00000e-02	nan	nan
-9.83768e-01	5.00000e-02	1.19352e-01	5.00000e-02	nan	nan
-1.80345e+00	5.00000e-02	4.86529e-01	5.00000e-02	nan	nan
-9.82139e-01	5.00000e-02	8.81152e-02	5.00000e-02	nan	nan
-9.24686e-01	5.00000e-02	-1.26080e-02	5.00000e-02	nan	nan
-1.30255e+00	5.00000e-02	3.25297e-01	5.00000e-02	nan	nan
-1.15124e+00	5.00000e-02	2.57776e-01	5.00000e-02	nan	nan
-1.25313e+00	5.00000e-02	2.93122e-01	5.00000e-02	nan	nan
-9.46181e-01	5.00000e-02	1.33389e-01	5.00000e-02	nan	nan
-1.43837e+00	5.00000e-02	3.18500e-01	5.00000e-02	nan	nan
-1.40286e+00	5.00000e-02	2.64635e-01	5.00000e-02	nan	nan
-1.21176e+00	5.00000e-02	2.33424e-01	5.00000e-02	nan	nan
-1.25927e+00	5.00000e-02	2.80853e-01	5.00000e-02	nan	nan
-9.43774e-01	5.00000e-02	4.80120e-02	5.00000e-02	nan	nan
-1.39532e+00	5.00000e-02	2.58853e-01	5.00000e-02	nan	nan
-1.14176e+00	5.00000e-02	2.02901e-01	5.00000e-02	nan	nan
-7.74280e-01	5.00000e-02	-7.58455e-02	5.00000e-02	nan	nan
-9.88250e-01	5.00000e-02	2.09502e-01	5.00000e-02	nan	nan
-9.31324e-01	5.00000e-02	-9.10354e-02	5.00000e-02	nan	nan
-8.11458e-01	5.00000e-02	-7.25394e-02	5.00000e-02	nan	nan
-1.00358e+00	5.00000e-02	1.25907e-01	5.00000e-02	nan	nan
-1.05883e+00	5.00000e-02	3.23019e-02	5.00000e-02	nan	nan
-7.46084e-01	5.00000e-02	-2.59246e-01	5.00000e-02	nan	nan
-5.44436e-01	5.00000e-02	-4.05389e-01	5.00000e-02	nan	nan
-1.19541e+00	5.00000e-02	1.69387e-01	5.00000e-02	nan	nan
-1.75703e+00	5.00000e-02	4.15918e-01	5.00000e-02	nan	nan
-1.32118e+00	5.00000e-02	2.79697e-01	5.00000e-02	nan	nan
-1.54945e+00	5.00000e-02	3.35828e-01	5.00000e-02	nan	nan
-1.25453e+00	5.00000e-02	2.56483e-01	5.00000e-02	nan	nan
-1.59409e+00	5.00000e-02	2.86443e-01	5.00000e-02	nan	nan
-1.05404e+00	5.00000e-02	1.08402e-01	5.00000e-02	nan	nan
-1.30426e+00	5.00000e-02	2.43352e-01	5.00000e-02	nan	nan
-9.34098e-01	5.00000e-02	-2.87052e-02	5.00000e-02	nan	nan
-7.06179e-01	5.00000e-02	-2.16548e-01	5.00000e-02	nan	nan
-1.10926e+00	5.00000e-02	1.76940e-01	5.00000e-02	nan	nan
-1.27754e+00	5.00000e-02	3.16683e-01	5.00000e-02	nan	nan
-1.09125e+00	5.00000e-02	1.18725e-01	5.00000e-02	nan	nan
-8.98136e-01	5.00000e-02	-9.69937e-02	5.00000e-02	nan	nan
-1.23053e+00	5.00000e-02	2.62134e-01	5.00000e-02	nan	nan
-1.11319e+00	5.00000e-02	1.37086e-01	5.00000e-02	nan	nan
-1.36504e+00	5.00000e-02	2.58893e-01	5.00000e-02	nan	nan
-1.16467e+00	5.00000e-02	1.78973e-01	5.00000e-02	nan	nan
-1.24541e+00	5.00000e-02	2.84603e-01	5.00000e-02	nan	nan
-1.35965e+00	5.00000e-02	2.75919e-01	5.00000e-02	nan	nan
-1.05566e+00	5.00000e-02	1.51076e-01	5.00000e-02	nan	nan
