   -0.4889    0.0465    0.3944    0.0374    9.7647    0.1000
   -1.1843    0.1534    0.1555    0.0923   10.0771    0.1000
   -0.6619    0.0557    0.3196    0.0382 -999.0000    0.1000
   -0.7964    0.0850    0.2219    0.0664    9.8983    0.1000
   -1.2840    0.0992    0.3181    0.0954   10.0230    0.1000
   -1.3808    0.1373    0.2970    0.0905    9.9801    0.1000
   -1.0833    0.0397    0.2337    0.0378 -999.0000    0.1000
   -0.5479    0.0396    0.2776    0.0275    9.9657    0.1000
   -0.8451    0.0719    0.1184    0.0482    9.9746    0.1000
   -1.6408    0.0778    0.2427    0.0650 -999.0000    0.1000
   -0.1066    0.0455    0.2558    0.0362   10.0571    0.1000
   -1.0714    0.0799    0.1402    0.0750    9.9739    0.1000
   -1.7668    0.0777    0.3059    0.0645   10.0530    0.1000
   -1.1595    0.0657    0.1007    0.0719 -999.0000    0.1000
   -1.8330    0.0747    0.2281    0.0784 -999.0000    0.1000
   -1.2539    0.0859    0.3264    0.0967   10.0974    0.1000
   -0.7222    0.0366    0.1394    0.0319 -999.0000    0.1000
   -0.8797    0.0773    0.2026    0.0584    9.9929    0.1000
   -1.0512    0.0881    0.1394    0.0750   10.0302    0.1000
   -1.1782    0.0719    0.2895    0.0590 -999.0000    0.1000
   -1.3883    0.0756    0.3515    0.0941   10.0700    0.1000
   -0.5591    0.0245    0.3766    0.0180 -999.0000    0.1000
   -2.2152    0.0793    0.4079    0.1017 -999.0000    0.1000
    0.1786    0.0251    0.1310    0.0306 -999.0000    0.1000
   -0.3615    0.0255    0.3993    0.0210 -999.0000    0.1000
   -0.8799    0.0600    0.0568    0.0364    9.9792    0.1000
   -2.0430    0.0649    0.1932    0.0657 -999.0000    0.1000
   -0.9833    0.0610    0.3816    0.0448 -999.0000    0.1000
   -0.5871    0.0368    0.3132    0.0382 -999.0000    0.1000
   -0.9987    0.0723    0.2576    0.0793   10.0015    0.1000
   -1.3786    0.0478    0.2275    0.0372 -999.0000    0.1000
   -1.2681    0.0764    0.1714    0.0816   10.1237    0.1000
   -2.1339    0.0768    0.1900    0.0852 -999.0000    0.1000
   -1.8930    0.0629    0.5489    0.0427   10.1208    0.1000
   -1.1781    0.0822    0.3678    0.0746   10.0837    0.1000
   -0.6741    0.0359    0.4116    0.0287 -999.0000    0.1000
   -1.8884    0.0785    0.1730    0.0859 -999.0000    0.1000
   -1.4678    0.0948    0.0691    0.0935 -999.0000    0.1000
   -0.8378    0.0388    0.2477    0.0266 -999.0000    0.1000
   -1.5346    0.1173    0.2707    0.1003   10.0726    0.1000
   -2.5973    0.1180    0.4792    0.1050 -999.0000    0.1000
   -1.0802    0.0657    0.1634    0.0633 -999.0000    0.1000
   -1.3093    0.0832    0.2863    0.0681    9.9115    0.1000
   -0.5647    0.0996    0.2253    0.0667    9.8235    0.1000
   -0.7058    0.0521    0.1623    0.0281 -999.0000    0.1000
   -0.3683    0.0545    0.3656    0.0471    9.9527    0.1000
   -0.4548    0.0393    0.0852    0.0371 -999.0000    0.1000
   -1.2752    0.0699    0.1733    0.0605   10.1019    0.1000
   -1.3482    0.0462    0.3547    0.0529 -999.0000    0.1000
   -1.4513    0.1066    0.4457    0.0877 -999.0000    0.1000
   -1.0837    0.0603    0.3147    0.0723   10.0304    0.1000
   -0.9479    0.0208    0.0621    0.0210 -999.0000    0.1000
   -0.7870    0.0841    0.2965    0.0767    9.8736    0.1000
   -1.7411    0.0763    0.3178    0.0831 -999.0000    0.1000
   -0.7078    0.0586    0.1929    0.0371 -999.0000    0.1000
   -1.6173    0.0684    0.3511    0.0520   10.1277    0.1000
   -1.3026    0.0570    0.2098    0.0426 -999.0000    0.1000
   -0.3327    0.0500    0.3204    0.0508    9.9106    0.1000
   -1.0152    0.0511    0.2150    0.0562   10.0367    0.1000
   -0.3562    0.0244    0.3773    0.0195 -999.0000    0.1000
   -1.8560    0.0720    0.2271    0.1019 -999.0000    0.1000
   -1.7705    0.1168    0.3009    0.1082   10.0171    0.1000
   -1.1988    0.0494    0.2002    0.0486 -999.0000    0.1000
   -0.5580    0.0435    0.4096    0.0341    9.9117    0.1000
   -1.4801    0.0715    0.4915    0.0668   10.1126    0.1000
   -1.0289    0.0567    0.1710    0.0700   10.0915    0.1000
   -1.5192    0.1147    0.1944    0.1229   10.0728    0.1000
   -1.8051    0.0977    0.2023    0.0985   10.1064    0.1000
   -1.7329    0.0692    0.2375    0.0762 -999.0000    0.1000
   -0.4063    0.0444   -0.0866    0.0472 -999.0000    0.1000
   -1.2806    0.0803    0.3207    0.0745    9.9242    0.1000
   -0.9018    0.0662    0.2116    0.0684   10.0494    0.1000
   -2.0645    0.0886    0.2018    0.1292 -999.0000    0.1000
   -2.1069    0.0894    0.5121    0.0650   10.0500    0.1000
   -0.9441    0.0646    0.1578    0.0552   10.0498    0.1000
   -1.6463    0.1011    0.4711    0.0762   10.0232    0.1000
   -1.0006    0.1002    0.0280    0.0815   10.0662    0.1000
   -0.7866    0.0540    0.1221    0.0444 -999.0000    0.1000
   -0.9275    0.0833    0.1302    0.0465   10.0129    0.1000
   -1.0480    0.0583    0.2294    0.0579 -999.0000    0.1000
   -0.7070    0.0497   -0.0088    0.0647 -999.0000    0.1000
   -0.6947    0.0504    0.1587    0.0391 -999.0000    0.1000
   -1.4834    0.0740    0.1732    0.0751 -999.0000    0.1000
   -0.9607    0.0419    0.2302    0.0445 -999.0000    0.1000
   -1.5759    0.0610    0.2003    0.0609 -999.0000    0.1000
   -1.8542    0.0496    0.4068    0.0781 -999.0000    0.1000
   -1.1200    0.0735    0.1699    0.0852 -999.0000    0.1000
   -1.2155    0.0578    0.2590    0.0527 -999.0000    0.1000
   -1.0789    0.0668    0.0986    0.0616 -999.0000    0.1000
   -1.4490    0.0692    0.2096    0.0708 -999.0000    0.1000
   -1.2287    0.0805    0.1642    0.0884   10.0199    0.1000
   -0.7863    0.0366    0.1823    0.0293 -999.0000    0.1000
   -0.4892    0.0334    0.0277    0.0351 -999.0000    0.1000
   -1.2649    0.0496    0.0516    0.0495 -999.0000    0.1000
   -0.8563    0.0908    0.2596    0.0558    9.9005    0.1000
   -0.7168    0.0911    0.0420    0.0755    9.9185    0.1000
   -1.0932    0.0545    0.1667    0.0589 -999.0000    0.1000
   -1.2502    0.0339    0.2871    0.0362 -999.0000    0.1000
   -1.5457    0.0748    0.4451    0.0561 -999.0000    0.1000
   -1.0214    0.0381    0.1867    0.0308 -999.0000    0.1000
   -0.7427    0.0488    0.0210    0.0503 -999.0000    0.1000
   -1.3559    0.0560    0.2888    0.0606 -999.0000    0.1000
   -1.4898    0.0932    0.4899    0.0744    9.9579    0.1000
   -0.1403    0.0456    0.1558    0.0428    9.9283    0.1000
   -0.7827    0.0505    0.1789    0.0503 -999.0000    0.1000
   -1.9609    0.0487    0.2687    0.0442 -999.0000    0.1000
   -0.7529    0.0290    0.1306    0.0307 -999.0000    0.1000
   -1.1138    0.0542    0.2420    0.0641 -999.0000    0.1000
   -0.7328    0.0352    0.1716    0.0226 -999.0000    0.1000
   -0.5373    0.0338    0.3834    0.0293 -999.0000    0.1000
   -0.8543    0.0525    0.1709    0.0559 -999.0000    0.1000
   -0.8931    0.0322    0.2151    0.0256   10.0210    0.1000
   -0.7446    0.0553    0.1191    0.0423 -999.0000    0.1000
   -1.4660    0.0569    0.2973    0.0427   10.1071    0.1000
   -0.8870    0.0495    0.1847    0.0562 -999.0000    0.1000
   -0.3254    0.0395    0.0997    0.0379    9.9956    0.1000
   -1.0498    0.0552    0.1781    0.0467 -999.0000    0.1000
   -0.6389    0.0452    0.3183    0.0404    9.9787    0.1000
   -0.7888    0.0485    0.0402    0.0542 -999.0000    0.1000
   -1.0633    0.0770    0.1551    0.0727   10.0914    0.1000
   -1.1391    0.0567    0.1656    0.0437 -999.0000    0.1000
   -1.3822    0.0722    0.2234    0.0746   10.1115    0.1000
   -1.2676    0.0752    0.2066    0.0717    9.9803    0.1000
   -1.7432    0.0830    0.4172    0.0855 -999.0000    0.1000
   -1.1850    0.0541    0.1700    0.0444 -999.0000    0.1000
   -0.7273    0.0379    0.1213    0.0361   10.0483    0.1000
   -0.9691    0.0481    0.1287    0.0364 -999.0000    0.1000
   -0.8066    0.0316    0.0749    0.0276 -999.0000    0.1000
   -1.8654    0.0614    0.3853    0.0898   10.1081    0.1000
   -0.7417    0.0437    0.1780    0.0451 -999.0000    0.1000
   -1.0644    0.0355    0.4000    0.0238 -999.0000    0.1000
   -2.1929    0.0738    0.4032    0.0928 -999.0000    0.1000
   -1.4335    0.0547    0.2699    0.0492 -999.0000    0.1000
   -0.9513    0.0614    0.3200    0.0762 -999.0000    0.1000
   -1.0726    0.0414    0.1384    0.0427   10.0859    0.1000
   -1.0583    0.0605    0.3352    0.0687 -999.0000    0.1000
   -0.9685    0.0444    0.2238    0.0434 -999.0000    0.1000
   -1.3648    0.0741    0.3965    0.0504   10.0518    0.1000
   -1.0722    0.0772    0.2721    0.0783    9.9893    0.1000
   -0.9961    0.0554    0.1098    0.0597 -999.0000    0.1000
   -1.1441    0.0600    0.2623    0.0569    9.9301    0.1000
   -1.0356    0.0461    0.1785    0.0495 -999.0000    0.1000
   -1.0397    0.0933    0.1709    0.0868    9.9807    0.1000
   -0.9026    0.0289    0.1841    0.0205 -999.0000    0.1000
   -1.1435    0.0532    0.3963    0.0616   10.0334    0.1000
   -1.0316    0.0476    0.3577    0.0526 -999.0000    0.1000
   -1.0626    0.0535    0.0795    0.0678 -999.0000    0.1000
   -1.4466    0.0825    0.4276    0.0660   10.1037    0.1000
   -1.0975    0.0238    0.2793    0.0269 -999.0000    0.1000
   -1.3328    0.0658    0.2559    0.0606    9.9749    0.1000
   -1.1017    0.0573    0.2876    0.0521    9.9927    0.1000
   -0.6078    0.0534    0.3282    0.0574   10.0304    0.1000
   -1.4290    0.0518    0.2143    0.0382 -999.0000    0.1000
   -0.9909    0.0558    0.3190    0.0503 -999.0000    0.1000
   -1.6312    0.0461    0.1962    0.0549 -999.0000    0.1000
   -0.9279    0.0578    0.1571    0.0401    9.9622    0.1000
   -0.5606    0.0502   -0.0035    0.0520    9.9736    0.1000
   -1.0058    0.0660    0.2119    0.0825   10.0249    0.1000
   -0.8892    0.0535    0.4743    0.0528   10.1001    0.1000
   -1.2294    0.0825    0.2095    0.0751   10.0936    0.1000
   -0.5149    0.0464    0.3215    0.0428    9.9390    0.1000
   -2.4746    0.1191    0.4301    0.0864   10.1196    0.1000
   -0.8620    0.0682    0.1421    0.0417    9.9594    0.1000
   -0.8792    0.0505    0.3232    0.0521 -999.0000    0.1000
   -1.1416    0.0495    0.2324    0.0546 -999.0000    0.1000
   -1.4428    0.0752    0.0344    0.0885 -999.0000    0.1000
   -2.2198    0.0624    0.4340    0.0769 -999.0000    0.1000
   -1.2366    0.0394    0.1533    0.0390 -999.0000    0.1000
   -1.0870    0.0472    0.2564    0.0538 -999.0000    0.1000
   -1.0753    0.0491    0.2754    0.0588 -999.0000    0.1000
   -1.0170    0.0576    0.2462    0.0626 -999.0000    0.1000
   -1.1702    0.0412    0.1210    0.0334 -999.0000    0.1000
   -1.3975    0.0608    0.2590    0.0518 -999.0000    0.1000
   -1.2216    0.0503    0.2947    0.0419   10.1032    0.1000
   -0.6453    0.0353    0.0055    0.0343   10.0787    0.1000
   -2.2462    0.0709    0.4631    0.0767 -999.0000    0.1000
   -0.7706    0.0532    0.2312    0.0636   10.0371    0.1000
   -1.3253    0.0432    0.2294    0.0507 -999.0000    0.1000
   -1.6538    0.0417    0.3343    0.0589 -999.0000    0.1000
   -1.3340    0.0526    0.1270    0.0692 -999.0000    0.1000
   -1.3257    0.0703    0.2045    0.0694 -999.0000    0.1000
   -1.2772    0.0634    0.1542    0.0742 -999.0000    0.1000
   -1.1401    0.0828    0.2003    0.0785   10.0187    0.1000
   -1.0290    0.0717    0.3487    0.0610    9.9456    0.1000
   -1.0873    0.0751    0.2535    0.0614   10.0141    0.1000
   -0.9107    0.0344    0.1832    0.0306 -999.0000    0.1000
   -1.6377    0.0626    0.3565    0.0756 -999.0000    0.1000
   -1.1875    0.0702    0.2778    0.0844   10.1105    0.1000
   -0.7455    0.0587    0.0971    0.0660   10.0222    0.1000
   -0.9933    0.0441    0.2336    0.0336 -999.0000    0.1000
   -0.4787    0.0301    0.3794    0.0257 -999.0000    0.1000
   -1.6014    0.0510    0.2452    0.0451 -999.0000    0.1000
   -1.2887    0.0457    0.1750    0.0599 -999.0000    0.1000
   -0.4277    0.0539    0.0914    0.0541    9.8931    0.1000
   -1.5216    0.0678    0.2928    0.0764   10.1177    0.1000
   -1.1849    0.0880    0.3111    0.0805    9.9615    0.1000
   -1.3675    0.0359    0.2819    0.0434 -999.0000    0.1000
   -1.0077    0.0913    0.1432    0.0715   10.0941    0.1000
   -0.5959    0.0680    0.0959    0.0690    9.9916    0.1000
   -1.1073    0.0491    0.2503    0.0404    9.9566    0.1000
   -1.3319    0.0709    0.5333    0.0446 -999.0000    0.1000
   -1.2113    0.0405    0.1951    0.0415 -999.0000    0.1000
   -2.1234    0.0846    0.4480    0.0812 -999.0000    0.1000
   -1.2180    0.0667    0.2336    0.0546    9.9886    0.1000
   -0.8065    0.0551    0.1434    0.0358    9.9935    0.1000
   -1.2784    0.0913    0.3250    0.0795   10.0918    0.1000
   -1.1804    0.0576    0.2296    0.0700 -999.0000    0.1000
   -0.7559    0.0442    0.1888    0.0326 -999.0000    0.1000
   -1.3818    0.1117    0.3424    0.0819   10.0876    0.1000
   -0.8413    0.0429    0.2485    0.0316 -999.0000    0.1000
   -1.9179    0.0876    0.4860    0.0741   10.0940    0.1000
   -0.9120    0.0732    0.0934    0.0784   10.0335    0.1000
   -0.6639    0.0448    0.1236    0.0442   10.0778    0.1000
   -1.2102    0.0559    0.0932    0.0717 -999.0000    0.1000
   -1.4887    0.0673    0.3514    0.0742 -999.0000    0.1000
   -0.5623    0.0751    0.2721    0.0603    9.8494    0.1000
   -0.6837    0.0377    0.1514    0.0367 -999.0000    0.1000
   -1.1714    0.0501    0.1650    0.0559 -999.0000    0.1000
   -0.8769    0.0606    0.1151    0.0759   10.0616    0.1000
   -1.1150    0.0431    0.1767    0.0450   10.0592    0.1000
   -0.4592    0.0316    0.1194    0.0215    9.9661    0.1000
   -1.8052    0.0771    0.4971    0.0725   10.0898    0.1000
   -1.2287    0.0792    0.1827    0.0729   10.1018    0.1000
   -0.8181    0.0574    0.1610    0.0644   10.0432    0.1000
   -1.5950    0.0835    0.4402    0.0909   10.0977    0.1000
   -1.0407    0.0465    0.2185    0.0513 -999.0000    0.1000
   -1.0120    0.0375    0.0964    0.0541   10.1243    0.1000
   -0.9366    0.0621    0.2036    0.0807 -999.0000    0.1000
   -1.5680    0.0532    0.1411    0.0483 -999.0000    0.1000
   -1.0394    0.0458    0.2512    0.0575   10.1047    0.1000
   -1.0480    0.0309    0.1518    0.0376 -999.0000    0.1000
   -2.5175    0.1007    0.4940    0.0798   10.1206    0.1000
   -0.2796    0.0469    0.0843    0.0519    9.9481    0.1000
   -0.4275    0.0378    0.1055    0.0356    9.9699    0.1000
   -0.7838    0.0383    0.2443    0.0437 -999.0000    0.1000
   -0.6838    0.0401    0.2309    0.0487 -999.0000    0.1000
   -0.9851    0.0889    0.1540    0.0849   10.0045    0.1000
   -0.9364    0.0490    0.0219    0.0499 -999.0000    0.1000
   -1.0421    0.0344    0.2537    0.0471 -999.0000    0.1000
   -1.1259    0.0595    0.3266    0.0545 -999.0000    0.1000
   -0.3841    0.0475    0.1459    0.0534    9.9326    0.1000
   -0.8846    0.0548   -0.0213    0.0615 -999.0000    0.1000
   -0.7383    0.0796    0.0849    0.0678    9.9952    0.1000
   -0.8084    0.0510    0.2126    0.0428 -999.0000    0.1000
   -1.9097    0.0550    0.3824    0.0732 -999.0000    0.1000
   -0.9459    0.0642    0.0044    0.0809 -999.0000    0.1000
   -0.6691    0.0605    0.1196    0.0509    9.9897    0.1000
   -0.8427    0.0593    0.1426    0.0582 -999.0000    0.1000
   -0.9140    0.0508    0.1167    0.0405 -999.0000    0.1000
   -0.7245    0.0710    0.0350    0.0684   10.0059    0.1000
   -0.8991    0.0833    0.2016    0.0538    9.9474    0.1000
   -1.3252    0.0599    0.2511    0.0460 -999.0000    0.1000
   -1.7417    0.0719    0.1446    0.0806 -999.0000    0.1000
   -0.9623    0.0402    0.1569    0.0478   10.1144    0.1000
   -0.4794    0.0322    0.4105    0.0238 -999.0000    0.1000
   -1.0687    0.0585    0.0433    0.0577 -999.0000    0.1000
   -0.9129    0.0192    0.4740    0.0209 -999.0000    0.1000
   -0.9654    0.0453    0.1755    0.0478   10.0502    0.1000
   -1.3262    0.0924    0.2994    0.0956   10.0748    0.1000
   -1.9585    0.1020    0.3671    0.1389   10.1169    0.1000
   -0.3727    0.0399    0.3430    0.0386 -999.0000    0.1000
   -1.1264    0.0341    0.2658    0.0300 -999.0000    0.1000
   -1.0051    0.0427    0.2991    0.0421 -999.0000    0.1000
   -1.4215    0.0553    0.3180    0.0650 -999.0000    0.1000
   -0.7480    0.0751    0.1140    0.0667   10.0114    0.1000
   -1.5659    0.0672    0.3667    0.0730 -999.0000    0.1000
   -0.8385    0.0639    0.1375    0.0784 -999.0000    0.1000
   -2.0884    0.0629    0.2864    0.1131 -999.0000    0.1000
   -1.5561    0.0276    0.2349    0.0320 -999.0000    0.1000
   -0.9754    0.0439    0.2099    0.0347 -999.0000    0.1000
   -1.3061    0.0546    0.4012    0.0615   10.0434    0.1000
   -1.0214    0.0250    0.2730    0.0248 -999.0000    0.1000
   -0.6443    0.0476   -0.0844    0.0563 -999.0000    0.1000
   -1.2538    0.0706    0.1770    0.0865   10.1321    0.1000
   -1.0982    0.0639    0.1689    0.0618 -999.0000    0.1000
   -1.2563    0.0615    0.1611    0.0550 -999.0000    0.1000
   -1.1346    0.0647    0.1598    0.0706 -999.0000    0.1000
   -0.6069    0.0491   -0.0009    0.0621 -999.0000    0.1000
   -0.9442    0.0801    0.1564    0.0664    9.9789    0.1000
   -1.0168    0.0372    0.2108    0.0363 -999.0000    0.1000
   -0.9559    0.0520    0.1530    0.0594 -999.0000    0.1000
   -1.1218    0.0858    0.1958    0.0753   10.0973    0.1000
   -0.7489    0.0523    0.0312    0.0562 -999.0000    0.1000
   -0.4158    0.0335    0.2483    0.0299 -999.0000    0.1000
   -1.1120    0.0650    0.2058    0.0509   10.0201    0.1000
   -2.2547    0.0593    0.4484    0.0625 -999.0000    0.1000
   -1.4146    0.0588    0.2032    0.0738 -999.0000    0.1000
   -1.1202    0.0571    0.1452    0.0581 -999.0000    0.1000
   -0.7062    0.0298    0.1551    0.0243 -999.0000    0.1000
   -1.3454    0.0684    0.2825    0.0592   10.0162    0.1000
   -0.7991    0.0435    0.1770    0.0402 -999.0000    0.1000
   -1.2409    0.0699    0.0360    0.0730 -999.0000    0.1000
   -1.3017    0.0487    0.2502    0.0328   10.1185    0.1000
   -1.2656    0.0653    0.1025    0.0657 -999.0000    0.1000
   -1.0642    0.0320    0.1691    0.0342 -999.0000    0.1000
   -0.3537    0.0253    0.1554    0.0218   10.0132    0.1000
   -0.7721    0.0482    0.2955    0.0454   10.0665    0.1000
   -1.0281    0.0515    0.1316    0.0306   10.0573    0.1000
   -1.1235    0.0606    0.3220    0.0513 -999.0000    0.1000
   -0.7448    0.0524    0.1440    0.0588   10.0109    0.1000
   -1.3282    0.0786    0.3667    0.0840   10.0346    0.1000
   -1.4634    0.0432   -0.1886    0.0111 -999.0000    0.1000
   -0.9865    0.0643    0.2128    0.0694 -999.0000    0.1000
   -0.9779    0.0633    0.2064    0.0697 -999.0000    0.1000
   -1.0944    0.0500    0.1386    0.0612 -999.0000    0.1000
   -1.1833    0.0333    0.2616    0.0369 -999.0000    0.1000
   -0.8327    0.0507    0.2183    0.0539 -999.0000    0.1000
   -1.2755    0.0674    0.2407    0.0490   10.0035    0.1000
   -1.3834    0.0665    0.2915    0.0731   10.0782    0.1000
   -0.9606    0.0381    0.2251    0.0302 -999.0000    0.1000
   -1.5869    0.1146    0.3711    0.0924   10.0147    0.1000
   -1.3775    0.0670    0.4581    0.0828 -999.0000    0.1000
   -1.8882    0.0980    0.3847    0.1257   10.0789    0.1000
   -1.0953    0.0572    0.2127    0.0542 -999.0000    0.1000
   -0.7656    0.0201    0.1220    0.0249 -999.0000    0.1000
   -2.1154    0.0839    0.4166    0.0986 -999.0000    0.1000
   -1.8637    0.1147    0.2218    0.1192   10.1103    0.1000
   -1.2009    0.0687    0.3581    0.0609    9.9545    0.1000
   -1.6492    0.1005    0.3302    0.0794   10.0076    0.1000
   -1.6784    0.0785    0.4845    0.0501    9.9719    0.1000
   -1.7503    0.0793    0.4752    0.0759   10.0460    0.1000
   -1.3810    0.0704    0.2189    0.0670   10.0306    0.1000
   -1.1871    0.0430    0.2479    0.0514 -999.0000    0.1000
   -0.9411    0.0352    0.3183    0.0450 -999.0000    0.1000
   -1.0966    0.0565    0.2383    0.0534    9.9663    0.1000
   -1.1174    0.0685    0.2103    0.0503   10.0369    0.1000
   -1.1906    0.0524    0.1633    0.0472 -999.0000    0.1000
   -0.9322    0.0623    0.0975    0.0576    9.8807    0.1000
   -0.7576    0.0506    0.0657    0.0606   10.0587    0.1000
   -1.0279    0.0439    0.2425    0.0323   10.0030    0.1000
   -1.1035    0.0531    0.1356    0.0443 -999.0000    0.1000
   -0.9630    0.0699    0.1050    0.0784   10.0832    0.1000
   -1.3664    0.0526    0.3469    0.0682   10.0790    0.1000
   -0.6251    0.0507    0.3161    0.0569   10.0106    0.1000
   -1.2036    0.0850    0.2058    0.0746   10.0427    0.1000
   -1.2761    0.0654    0.3283    0.0450    9.8954    0.1000
   -0.8757    0.0634    0.1955    0.0411    9.9727    0.1000
   -1.1699    0.0622    0.1012    0.0708   10.0693    0.1000
   -1.0302    0.0894    0.3596    0.0607    9.8829    0.1000
   -1.0703    0.0632    0.3145    0.0815    9.9864    0.1000
   -1.2148    0.0630    0.2511    0.0439    9.8687    0.1000
   -0.8992    0.0763    0.2030    0.0714 -999.0000    0.1000
   -0.7356    0.0859    0.0760    0.0735    9.9705    0.1000
   -1.1283    0.0441    0.3110    0.0463 -999.0000    0.1000
   -1.2754    0.0864    0.4732    0.0649    9.9977    0.1000
   -1.0522    0.0761    0.2240    0.0717   10.1088    0.1000
   -1.5975    0.0490    0.3378    0.0531 -999.0000    0.1000
   -1.2967    0.0693    0.3132    0.0519   10.0142    0.1000
   -0.5720    0.0389    0.1234    0.0469    9.9707    0.1000
   -2.1859    0.0566    0.4301    0.0661 -999.0000    0.1000
   -1.0808    0.0392    0.3314    0.0282 -999.0000    0.1000
   -1.6402    0.0649    0.1824    0.0715 -999.0000    0.1000
   -1.2910    0.0671    0.3425    0.0538    9.9914    0.1000
   -0.4042    0.0370    0.1071    0.0257 -999.0000    0.1000
   -1.0319    0.0944    0.3025    0.0931    9.8793    0.1000
   -0.9722    0.0583    0.1945    0.0731 -999.0000    0.1000
   -1.1337    0.0337    0.2357    0.0395 -999.0000    0.1000
   -1.4974    0.0708    0.1171    0.0753 -999.0000    0.1000
   -0.5654    0.0303    0.0988    0.0293 -999.0000    0.1000
   -0.8950    0.0460    0.1983    0.0383    9.9914    0.1000
   -1.9021    0.0810    0.3812    0.1126 -999.0000    0.1000
   -1.0690    0.0543    0.1759    0.0567 -999.0000    0.1000
   -0.9842    0.0833    0.2418    0.0552    9.9382    0.1000
   -0.9227    0.0712    0.1239    0.0521    9.9849    0.1000
   -2.0114    0.0965    0.4520    0.0992 -999.0000    0.1000
   -1.3277    0.0741    0.3298    0.0834 -999.0000    0.1000
   -0.6113    0.0272    0.0915    0.0220 -999.0000    0.1000
   -1.1915    0.0634    0.2085    0.0903 -999.0000    0.1000
   -0.9571    0.0558    0.1749    0.0745 -999.0000    0.1000
   -1.0389    0.0728    0.1784    0.0681    9.9767    0.1000
   -1.0633    0.0394    0.1993    0.0407 -999.0000    0.1000
   -0.7153    0.0410    0.2132    0.0391 -999.0000    0.1000
   -0.6839    0.0594    0.1367    0.0479    9.9133    0.1000
   -1.3103    0.1012    0.0526    0.0897   10.0479    0.1000
   -1.0925    0.0691    0.2585    0.0630   10.0930    0.1000
   -1.0353    0.0395    0.2639    0.0418   10.0961    0.1000
   -1.3743    0.0651    0.3657    0.0699   10.0538    0.1000
   -1.5402    0.0438    0.3447    0.0625   10.1220    0.1000
   -1.2384    0.0635    0.3367    0.0648 -999.0000    0.1000
   -1.1953    0.0794    0.3343    0.0661    9.9905    0.1000
   -1.5504    0.0922    0.1941    0.1748   10.1018    0.1000
   -0.9867    0.0407    0.1285    0.0404 -999.0000    0.1000
   -1.0279    0.0691    0.1225    0.0622   10.0152    0.1000
   -1.3724    0.0647    0.4065    0.0525    9.9332    0.1000
   -1.1582    0.0448    0.2279    0.0540 -999.0000    0.1000
   -1.0877    0.0809    0.1753    0.0729   10.0097    0.1000
   -0.4415    0.0358    0.1918    0.0401   10.0028    0.1000
   -1.8793    0.0905    0.2994    0.1042 -999.0000    0.1000
   -0.9498    0.0363    0.2018    0.0358 -999.0000    0.1000
   -0.6055    0.0345    0.2857    0.0304   10.0201    0.1000
   -1.4819    0.0463    0.3395    0.0602 -999.0000    0.1000
   -1.3232    0.0768    0.3436    0.0661    9.9904    0.1000
   -0.8731    0.0346    0.1896    0.0281 -999.0000    0.1000
   -0.6673    0.0321    0.1504    0.0309 -999.0000    0.1000
   -1.0156    0.0469    0.2721    0.0483 -999.0000    0.1000
   -0.7348    0.0693    0.1839    0.0579    9.8179    0.1000
   -0.9934    0.0437    0.1570    0.0388 -999.0000    0.1000
   -1.7885    0.0783    0.5391    0.0503 -999.0000    0.1000
   -0.5613    0.0486    0.1262    0.0459    9.9235    0.1000
   -0.7424    0.0348    0.1070    0.0344   10.0285    0.1000
   -1.1588    0.0678    0.1467    0.0733 -999.0000    0.1000
   -0.8568    0.0537    0.1363    0.0496   10.0105    0.1000
   -1.3774    0.0600    0.1819    0.0746 -999.0000    0.1000
   -1.2094    0.0362    0.2092    0.0418 -999.0000    0.1000
   -0.5977    0.0219    0.0444    0.0265 -999.0000    0.1000
   -1.1087    0.0532    0.2729    0.0472 -999.0000    0.1000
   -1.0430    0.0493    0.3497    0.0552    9.9990    0.1000
   -1.2318    0.0348    0.3414    0.0328   10.1392    0.1000
   -1.0309    0.0625    0.3804    0.0648    9.7731    0.1000
   -1.2843    0.0791    0.4278    0.0865   10.0203    0.1000
   -1.4816    0.0588    0.3645    0.0795   10.1052    0.1000
   -1.2075    0.0651    0.0616    0.0787 -999.0000    0.1000
   -0.8187    0.0404    0.1558    0.0354   10.0173    0.1000
   -1.3133    0.0814    0.1869    0.0755    9.9980    0.1000
   -1.2761    0.0599    0.2442    0.0525   10.1069    0.1000
   -1.7630    0.0507    0.4268    0.0483   10.1361    0.1000
   -1.1238    0.0359    0.2834    0.0291 -999.0000    0.1000
   -1.2529    0.0756    0.3431    0.0716   10.0449    0.1000
   -0.8832    0.0274    0.1175    0.0335 -999.0000    0.1000
   -0.7226    0.0939    0.1598    0.0743    9.8808    0.1000
   -0.4583    0.0303   -0.0239    0.0383 -999.0000    0.1000
   -0.8341    0.0466    0.0447    0.0477 -999.0000    0.1000
   -0.5462    0.0307    0.0862    0.0339 -999.0000    0.1000
   -1.3264    0.0624    0.2000    0.0650 -999.0000    0.1000
   -1.6800    0.0736    0.2555    0.0880 -999.0000    0.1000
   -1.4584    0.0835    0.2040    0.0911 -999.0000    0.1000
   -0.7741    0.0536    0.1596    0.0588    9.9985    0.1000
   -1.5587    0.0609    0.2074    0.0713 -999.0000    0.1000
   -1.6346    0.0799    0.3767    0.0760   10.1221    0.1000
   -0.6643    0.0548    0.2069    0.0525   10.1279    0.1000
   -0.2924    0.0238    0.3283    0.0207 -999.0000    0.1000
   -1.0219    0.0458    0.2233    0.0482 -999.0000    0.1000
   -1.6065    0.0745    0.3188    0.0905 -999.0000    0.1000
   -1.1962    0.0654    0.2938    0.0688   10.0746    0.1000
   -0.8369    0.0622    0.0233    0.0545   10.0733    0.1000
   -1.9785    0.0936    0.3590    0.1025 -999.0000    0.1000
   -1.4770    0.0469    0.1329    0.0495 -999.0000    0.1000
   -1.3386    0.0382    0.3099    0.0402   10.0918    0.1000
   -1.5534    0.0849    0.3118    0.0927 -999.0000    0.1000
   -1.0899    0.0558    0.2266    0.0692 -999.0000    0.1000
   -0.7579    0.0324    0.1892    0.0317 -999.0000    0.1000
   -1.2161    0.0988    0.0656    0.0978   10.0785    0.1000
   -0.5982    0.0461   -0.0581    0.0541   10.0555    0.1000
   -0.9966    0.0553    0.2665    0.0598   10.0088    0.1000
   -1.2895    0.0691    0.2680    0.0706 -999.0000    0.1000
   -0.7622    0.0456    0.1441    0.0388 -999.0000    0.1000
   -2.0251    0.0905    0.4094    0.0824 -999.0000    0.1000
   -1.0953    0.0647    0.3532    0.0691    9.9648    0.1000
   -1.0440    0.0456    0.2002    0.0518 -999.0000    0.1000
   -0.9673    0.0671    0.1732    0.0462    9.9753    0.1000
   -1.2908    0.0415    0.2398    0.0361 -999.0000    0.1000
   -1.0929    0.0482    0.2338    0.0440 -999.0000    0.1000
   -2.1345    0.0994    0.3374    0.1268 -999.0000    0.1000
   -1.0593    0.0226    0.2731    0.0205 -999.0000    0.1000
   -0.8596    0.0490    0.2129    0.0400 -999.0000    0.1000
   -1.0088    0.0468    0.2208    0.0498 -999.0000    0.1000
   -1.3062    0.0228    0.2580    0.0276 -999.0000    0.1000
   -0.8088    0.0538    0.0460    0.0607   10.0568    0.1000
   -1.5932    0.0542    0.2419    0.0576 -999.0000    0.1000
   -0.7957    0.0337    0.1235    0.0273 -999.0000    0.1000
   -1.1353    0.0562    0.0911    0.0496 -999.0000    0.1000
   -1.1174    0.0722    0.0994    0.0931 -999.0000    0.1000
   -1.2010    0.0580    0.1703    0.0658 -999.0000    0.1000
   -0.9155    0.0690    0.0712    0.0741   10.0025    0.1000
   -0.7142    0.0556    0.0845    0.0558    9.8966    0.1000
   -1.3691    0.0723    0.3568    0.0721 -999.0000    0.1000
   -1.3797    0.0541    0.3714    0.0396   10.1383    0.1000
   -0.7915    0.0602    0.2240    0.0451    9.9080    0.1000
   -0.8342    0.0531    0.1078    0.0415   10.0219    0.1000
   -0.7251    0.0564    0.1258    0.0652   10.1301    0.1000
   -0.7084    0.0590    0.0134    0.0339    9.9290    0.1000
   -0.8602    0.0531    0.2082    0.0503 -999.0000    0.1000
   -1.0342    0.0348    0.2871    0.0279 -999.0000    0.1000
   -1.6974    0.0451    0.4434    0.0570   10.1178    0.1000
   -1.2925    0.0861    0.3246    0.0916    9.9600    0.1000
   -1.0555    0.0577    0.2502    0.0476   10.0973    0.1000
   -2.0750    0.1182    0.3208    0.1490   10.0713    0.1000
   -0.9219    0.0393    0.2704    0.0379 -999.0000    0.1000
   -1.4479    0.0586    0.2929    0.0485 -999.0000    0.1000
   -0.4825    0.0343    0.2432    0.0264   10.0580    0.1000
   -1.1226    0.0763    0.2273    0.0716   10.0046    0.1000
   -0.6293    0.0344    0.1274    0.0303 -999.0000    0.1000
   -1.4906    0.0646    0.2466    0.0578   10.1181    0.1000
   -2.2734    0.0591    0.4557    0.0621 -999.0000    0.1000
   -1.0083    0.0660    0.1527    0.0722 -999.0000    0.1000
   -1.2508    0.0574    0.3373    0.0416    9.9051    0.1000
   -1.0376    0.0696    0.2195    0.0580   10.0785    0.1000
   -0.8796    0.0582    0.2045    0.0720 -999.0000    0.1000
   -0.5432    0.0405    0.1729    0.0549 -999.0000    0.1000
   -1.6175    0.0636    0.2054    0.1014 -999.0000    0.1000
   -0.9874    0.0620    0.2412    0.0701    9.8693    0.1000
   -0.7915    0.0542    0.1575    0.0508   10.0036    0.1000
   -0.8253    0.0607    0.1608    0.0648   10.0306    0.1000
   -1.6816    0.0793    0.3422    0.0732   10.1269    0.1000
   -1.5883    0.0788    0.3487    0.0681   10.0705    0.1000
   -0.8237    0.0546    0.0879    0.0519 -999.0000    0.1000
   -0.9096    0.0621    0.3126    0.0643    9.6995    0.1000
   -1.1565    0.0672    0.1957    0.0630   10.0426    0.1000
